1 1 0 1 0 1 1 0 1 0 1 0 1 0 0 1
0 1 1 1 0 1 0 1 0 1 1 1 1 0 0 1
0 1 0 1 0 1 1 1 0 1 1 1 1 0 0 1
1 1 0 0 1 1 1 1 0 1 0 0 1 0 0 1
1 0 1 0 1 1 1 1 1 0 0 0 1 1 1 1
1 1 0 0 0 1 0 1 0 1 0 0 0 1 0 0
0 0 0 0 0 0 1 1 1 1 0 1 1 1 0 0
1 1 0 0 0 0 0 1 1 1 1 1 0 0 1 0
1 0 1 0 1 1 0 0 1 1 1 1 1 0 0 1
1 1 0 1 1 1 0 0 0 0 1 0 0 0 0 0
1 0 0 0 0 0 1 0 0 0 0 1 0 0 0 0
1 0 0 1 0 0 0 1 1 1 0 1 1 0 0 0
0 1 0 0 1 1 1 1 1 0 1 0 0 1 1 1
0 1 1 1 1 0 0 1 1 1 1 0 0 1 0 0
0 0 0 1 0 1 0 0 1 1 1 0 0 0 0 1
1 1 0 0 1 0 0 0 1 0 0 1 1 1 1 0
99 34 58 97 12 52 73 19 50 100 41 130 41 12 10 92
96 18 106 120 8 9 132 11 65 113 59 68 57 72 130 73
89 27 19 92 96 120 11 11 42 92 52 131 43 100 130 97
59 138 100 65 25 32 32 41 105 4 72 40 90 89 35 25
27 116 83 84 27 57 104 4 4 56 42 60 50 88 52 145
145 145 44 28 28 75 89 120 40 57 44 65 10 90 98 40
146 146 146 44 58 132 108 48 108 50 132 48 108 136 91 114
32 43 105 33 10 33 72 9 16 88 99 113 26 58 73 137
9 33 97 76 48 16 12 19 106 88 90 20 113 112 121 20
20 115 26 106 104 104 107 51 121 3 68 67 60 24 51 105
59 128 121 139 139 76 83 8 76 91 67 68 35 128 128 49
16 114 17 18 98 8 49 75 18 34 49 25 129 139 28 74
35 36 112 112 66 136 36 140 136 107 36 17 123 140 129 140
24 138 115 147 99 116 114 147 115 34 131 17 24 138 26 3
91 107 116 64 144 147 60 74 122 64 129 123 42 74 84 64
83 131 144 144 122 3 56 67 122 56 123 75 124 43 66 84
