1 1 0 1 0 1 1 0 1 0 1 0 1 0 0 1
0 1 1 1 0 0 0 0 1 1 1 0 0 1 1 1
0 0 1 0 0 1 1 1 1 1 0 1 0 0 1 1
1 1 0 0 1 0 1 0 0 0 0 0 0 0 0 0
1 0 0 0 0 1 1 0 1 1 0 0 1 1 1 1
1 1 1 1 1 1 0 1 1 0 1 0 1 1 0 1
0 1 0 1 1 0 0 0 0 1 1 0 1 0 1 1
1 0 0 0 1 0 0 1 0 0 1 0 0 1 0 0
0 1 0 0 0 0 1 0 0 1 0 1 1 0 0 0
0 0 1 1 0 0 0 0 1 0 0 0 0 0 1 0
1 0 0 0 1 0 1 1 1 1 1 0 0 0 1 1
1 0 1 1 1 1 0 0 0 0 1 1 1 0 1 0
1 1 0 1 1 1 0 1 0 0 1 0 1 1 1 1
0 1 1 0 1 1 1 1 1 1 0 0 0 0 0 0
1 0 1 1 0 0 1 1 1 0 1 1 0 0 1 1
1 1 1 1 1 0 0 0 1 0 0 0 0 1 0 1
99 34 58 97 12 52 73 44 50 19 68 98 41 12 10 92
137 50 34 43 8 100 130 130 73 108 52 65 112 9 48 64
60 40 57 33 96 120 36 18 68 32 89 41 89 105 106 16
68 106 56 40 20 24 32 96 51 107 107 67 114 67 67 10
52 100 33 89 116 41 34 60 18 104 8 91 50 73 136 25
136 27 57 43 99 57 91 108 75 76 106 56 9 9 98 32
28 36 35 36 113 96 33 100 72 120 115 98 120 40 11 20
20 105 105 26 11 26 26 59 42 28 92 42 17 88 60 65
35 90 42 112 114 139 59 137 139 64 139 43 59 146 49 84
35 114 92 83 24 132 44 8 4 3 12 24 51 28 27 44
16 10 19 146 16 91 4 25 27 99 4 76 121 76 64 138
108 107 113 25 115 115 112 146 84 51 147 48 104 58 147 84
88 147 72 11 66 83 3 90 72 74 83 137 88 129 129 48
58 113 18 116 66 66 136 129 138 138 128 128 128 121 121 132
131 132 140 124 144 130 145 145 145 65 124 124 116 74 122 122
90 131 104 131 122 3 56 123 140 144 123 123 144 140 49 97
