0 1 0 1 0 0 0 1 1 1 0 0 0 0 1 1
0 0 0 1 0 0 1 1 0 0 1 1 1 1 1 1
0 1 0 1 0 0 0 0 1 0 0 1 1 0 0 1
0 0 0 1 1 1 1 1 1 1 1 1 0 1 1 0
0 0 0 1 0 1 1 1 1 0 1 1 0 1 0 1
1 1 1 1 1 1 0 0 0 0 0 0 0 0 0 0
1 0 0 0 0 0 0 1 0 1 0 0 1 1 1 1
1 1 0 1 1 0 1 0 0 0 0 0 0 0 1 0
0 0 1 1 1 1 1 1 1 1 0 1 1 1 0 1
0 0 0 0 0 0 0 1 0 1 0 1 1 1 1 0
0 1 0 0 1 1 1 1 0 1 0 1 1 0 1 0
0 0 0 0 0 1 1 1 0 1 0 0 1 0 0 0
1 1 1 0 1 1 1 1 0 0 0 1 0 0 0 0
1 1 0 0 1 0 0 0 0 0 1 1 0 0 1 1
0 1 0 1 1 0 0 0 1 1 1 1 0 0 0 1
1 1 1 1 1 1 1 1 1 0 1 1 1 0 1 0
4 7 20 11 24 12 8 5 13 19 22 4 22 14 5 11
6 6 6 25 6 6 23 7 22 12 9 13 15 19 7 7
22 21 22 23 14 4 4 4 7 24 24 11 11 8 6 13
22 22 22 9 13 13 13 5 23 13 13 13 18 23 5 18
18 18 10 9 10 9 9 9 11 24 5 11 22 11 6 9
9 11 21 9 11 11 10 12 12 24 24 24 24 24 24 10
21 10 10 20 6 20 20 5 20 3 10 20 5 3 5 5
3 5 30 3 3 12 3 8 10 4 12 10 12 2 29 12
12 10 3 3 19 19 19 19 19 3 18 3 19 19 18 19
18 18 18 18 22 20 20 31 8 13 26 25 7 7 7 8
8 25 8 8 25 25 25 21 26 25 26 25 25 26 25 26
4 4 4 4 8 7 23 7 30 21 26 26 21 26 26 26
21 9 29 2 15 15 15 31 6 8 30 27 28 6 28 20
27 29 28 14 31 14 14 14 12 20 31 31 14 14 29 31
30 27 14 29 29 14 30 30 21 23 31 23 2 2 30 15
23 29 15 15 15 29 29 23 15 2 15 29 23 28 21 30
