0 2 2 2 0 1 1 1 1 0 0 3 3 2 0 0
0 0 1 0 1 0 1 2 2 0 2 1 0 0 2 2
1 3 0 0 1 3 1 0 1 1 0 2 2 3 1 0
0 2 2 2 0 0 3 3 3 2 3 1 3 2 3 2
0 3 2 0 0 3 3 3 3 2 1 3 2 1 2 3
2 1 2 0 3 3 0 1 3 3 3 3 1 0 3 2
1 2 1 0 0 0 1 2 0 2 3 1 0 2 2 1
1 2 1 2 3 3 2 3 3 0 3 1 2 2 2 2
0 0 0 2 2 3 2 1 1 0 3 3 1 1 0 1
1 3 2 1 1 2 0 0 0 1 0 2 1 0 0 2
0 1 2 1 1 2 2 2 2 1 2 0 0 3 1 1
0 0 0 2 2 0 0 1 2 3 3 3 0 2 2 2
3 2 3 2 0 1 2 3 2 3 3 0 1 3 1 0
1 1 1 0 3 3 1 1 3 1 0 1 1 1 3 0
2 3 3 1 1 1 0 0 2 1 3 1 3 0 1 3
2 1 3 2 3 3 3 0 3 0 0 0 3 3 0 3
60 20 52 20 44 16 16 16 16 44 44 24 24 36 60 44
60 44 16 28 48 60 48 20 52 60 36 48 12 25 20 36
48 56 25 28 32 24 32 28 32 32 12 52 52 24 32 12
12 36 52 36 28 28 24 56 40 20 56 48 56 49 21 51
12 40 51 41 50 56 37 14 14 33 61 40 49 61 51 14
49 61 49 41 62 40 41 29 40 37 62 62 29 25 21 49
63 58 54 41 57 57 13 42 57 42 62 22 18 19 51 22
29 26 22 17 53 53 19 62 21 50 55 54 2 35 2 35
50 43 57 35 2 30 2 47 63 59 14 14 29 47 41 63
61 21 33 29 13 26 27 59 18 54 59 26 31 43 59 19
57 54 51 22 22 58 2 58 26 54 26 18 59 21 63 63
3 3 3 42 19 3 3 31 19 23 23 23 25 33 33 17
30 33 23 17 25 61 17 23 17 30 30 27 38 30 15 50
13 13 13 18 37 37 38 38 37 15 50 38 38 15 46 18
42 53 46 47 47 15 43 43 42 31 46 47 55 34 31 39
35 45 55 35 46 46 55 27 39 34 34 43 55 39 34 39
