0 2 2 2 0 1 1 1 1 1 0 2 3 0 1 2
0 0 3 2 0 0 2 0 2 2 0 0 0 1 1 2
0 2 0 2 3 0 2 0 0 1 1 0 2 2 1 3
0 0 2 3 0 3 1 1 0 3 3 3 3 0 3 1
3 3 1 3 3 1 1 3 2 3 3 3 1 1 3 3
2 2 2 2 2 2 0 1 3 0 3 3 2 2 3 2
0 0 1 2 1 2 2 1 1 0 3 1 3 0 3 1
3 2 1 0 0 3 1 1 1 3 3 0 1 2 0 1
2 0 1 0 3 1 2 3 1 0 3 2 3 2 2 1
1 1 2 3 1 1 0 1 3 2 3 1 1 2 1 2
2 0 2 2 2 2 2 1 0 1 2 3 3 1 3 0
0 1 1 2 1 0 3 0 0 3 1 0 3 1 1 3
3 3 3 2 2 0 1 3 3 1 2 2 1 3 3 3
3 0 2 0 0 2 1 1 0 0 2 0 0 0 2 0
0 3 2 1 3 2 3 2 1 3 0 3 2 1 1 1
2 1 0 1 1 0 1 3 2 0 0 0 3 0 0 3
60 20 52 20 44 16 16 16 16 16 44 52 24 28 32 36
44 44 24 52 28 60 20 12 36 52 28 60 60 48 32 36
44 36 12 36 56 28 52 28 60 32 32 12 20 20 48 40
12 41 33 56 12 24 32 48 41 24 56 56 56 27 24 48
40 40 48 21 14 31 13 37 17 21 40 40 29 29 14 53
2 33 49 2 2 33 41 13 37 25 62 62 49 42 37 49
25 18 31 19 29 17 17 61 22 3 62 22 39 3 14 22
39 26 22 18 25 14 15 47 22 37 55 59 63 51 25 29
26 18 31 18 14 29 19 39 63 3 30 26 39 35 19 63
61 54 35 62 13 47 18 31 62 26 39 63 31 51 63 19
35 57 51 33 35 19 49 47 59 54 26 46 46 47 46 57
59 54 61 42 61 3 30 41 25 23 45 41 55 13 13 21
21 21 37 17 17 27 61 23 30 38 49 33 38 53 53 53
53 34 51 3 59 35 47 15 59 34 51 57 43 57 2 43
57 46 2 38 55 58 55 58 38 46 43 55 42 45 54 38
42 45 50 15 54 43 45 23 42 50 34 43 23 34 34 30
