0 1 2 3 0 1 2 3 0 1 2 3 1 0 2 1
0 1 2 0 0 0 1 3 1 0 3 3 2 2 1 1
3 0 0 0 1 0 1 2 3 3 2 0 1 2 0 0
2 2 1 2 3 2 2 0 3 3 2 0 1 1 1 3
3 3 2 3 2 0 2 3 2 2 1 1 2 3 3 0
0 1 3 0 0 2 1 2 3 0 3 1 1 0 3 3
0 2 2 0 3 0 3 3 2 1 1 0 2 3 3 3
1 2 1 1 0 0 3 0 3 1 0 1 0 2 1 1
2 1 0 2 1 1 2 3 3 1 1 0 1 2 1 2
1 2 0 2 2 2 1 0 0 0 3 0 1 1 2 2
3 3 3 3 2 3 0 2 3 1 3 2 3 3 3 1
1 0 2 2 2 1 1 2 2 0 1 1 2 2 2 2
1 0 1 1 1 1 3 3 1 3 3 3 3 2 0 1
0 2 0 2 0 0 1 0 1 2 0 1 1 3 2 3
3 2 0 2 0 3 3 1 0 1 2 3 1 2 1 1
1 0 2 1 1 1 0 2 3 3 0 2 3 3 3 0
12 16 20 24 28 32 36 40 44 48 52 56 16 12 20 16
12 16 20 25 25 12 29 40 16 25 40 40 52 33 13 22
21 44 12 25 29 18 29 26 53 21 36 28 32 52 28 60
20 36 48 20 24 36 36 41 37 40 49 41 45 45 45 53
53 53 49 53 33 57 33 21 49 49 48 48 49 56 62 59
60 54 56 60 41 33 45 33 37 57 37 13 29 3 62 62
3 2 2 3 62 60 24 56 2 32 48 60 17 14 21 62
61 2 61 61 44 44 24 28 24 63 44 47 28 35 32 31
35 54 3 35 47 13 35 56 23 47 13 59 61 19 29 2
32 52 18 52 17 51 22 3 59 18 23 18 13 31 17 17
23 23 14 23 17 21 18 19 14 15 14 19 37 37 14 15
22 25 42 19 42 22 54 19 51 57 47 22 51 26 26 26
61 57 38 38 38 38 55 30 38 30 30 55 55 42 41 31
43 58 43 58 43 57 47 43 31 58 41 31 15 39 51 55
46 58 43 35 59 55 46 63 59 54 26 46 63 58 54 63
15 27 51 45 15 63 27 42 46 46 27 42 30 30 39 27
