0 0 0 0 0 0 0 0 1 1 1 1 1 1 1 1
2 2 2 2 2 2 2 2 3 3 3 3 3 3 3 3
0 0 0 0 0 0 0 0 1 1 1 1 1 1 1 1
2 2 2 2 2 2 2 2 3 3 3 3 3 3 3 3
0 0 0 0 0 0 0 0 1 1 1 1 1 1 1 1
2 2 2 2 2 2 2 2 3 3 3 3 3 3 3 3
0 0 0 0 0 0 0 0 1 1 1 1 1 1 1 1
2 2 2 2 2 2 2 2 3 3 3 3 3 3 3 3
0 0 0 0 0 0 0 0 1 1 1 1 1 1 1 1
2 2 2 2 2 2 2 2 3 3 3 3 3 3 3 3
0 0 0 0 0 0 0 0 1 1 1 1 1 1 1 1
2 2 2 2 2 2 2 2 3 3 3 3 3 3 3 3
0 0 0 0 0 0 0 0 1 1 1 1 1 1 1 1
2 2 2 2 2 2 2 2 3 3 3 3 3 3 3 3
0 0 0 0 0 0 0 0 1 1 1 1 1 1 1 1
2 2 2 2 2 2 2 2 3 3 3 3 3 3 3 3
12 16 20 24 28 32 36 40 45 49 53 57 61 13 17 21
22 26 30 34 38 42 46 50 55 59 3 15 19 23 27 31
36 40 44 48 52 56 60 12 17 21 25 29 33 37 41 45
46 50 54 58 2 14 18 22 27 31 35 39 43 47 51 55
60 12 16 20 24 28 32 36 41 45 49 53 57 61 13 17
18 22 26 30 34 38 42 46 51 55 59 3 15 19 23 27
32 36 40 44 48 52 56 60 13 17 21 25 29 33 37 41
42 46 50 54 58 2 14 18 23 27 31 35 39 43 47 51
56 60 12 16 20 24 28 32 37 41 45 49 53 57 61 13
14 18 22 26 30 34 38 42 47 51 55 59 3 15 19 23
28 32 36 40 44 48 52 56 61 13 17 21 25 29 33 37
38 42 46 50 54 58 2 14 19 23 27 31 35 39 43 47
52 56 60 12 16 20 24 28 33 37 41 45 49 53 57 61
2 14 18 22 26 30 34 38 43 47 51 55 59 3 15 19
24 28 32 36 40 44 48 52 57 61 13 17 21 25 29 33
34 38 42 46 50 54 58 2 15 19 23 27 31 35 39 43
