0 2 1 0 2 1 1 2 0 0 2 1 1 3 3 1
3 3 3 2 2 2 3 1 0 1 3 2 0 3 1 1
2 1 1 2 0 2 1 0 2 2 1 0 3 0 0 3
0 1 3 3 3 2 0 0 2 1 1 1 0 1 0 3
3 1 1 2 3 0 2 1 2 2 3 0 2 0 2 0
1 0 2 1 3 0 2 3 1 2 1 1 1 3 3 2
1 3 2 0 1 1 2 2 3 1 2 2 2 3 1 0
0 2 2 2 2 3 1 2 3 2 0 1 1 0 1 1
0 1 0 3 3 0 3 3 2 3 0 2 3 3 3 2
3 3 0 0 3 0 3 3 0 2 1 1 3 1 3 0
3 3 2 0 1 2 0 2 0 3 0 2 1 1 0 1
1 3 0 0 1 2 2 1 1 0 0 0 3 2 3 3
0 3 0 0 1 2 3 0 0 0 3 0 3 0 2 3
1 3 3 2 2 0 1 0 0 1 0 2 3 3 2 3
1 2 3 2 1 0 2 3 2 3 0 1 3 2 3 3
1 1 2 3 0 1 3 2 0 2 3 2 0 3 0 2
16 62 25 12 22 29 29 14 16 52 58 37 25 3 55 57
3 23 19 34 30 2 27 21 48 13 55 54 52 3 33 37
62 61 45 30 24 26 49 16 62 46 49 32 59 12 16 35
48 25 3 19 23 58 40 28 38 25 49 17 40 49 60 3
15 21 45 54 35 28 38 45 46 38 43 44 62 48 18 52
41 36 62 17 27 36 62 63 29 34 17 53 33 47 23 54
61 63 34 52 41 33 2 46 43 41 58 50 14 3 53 56
20 42 50 14 58 55 21 14 43 58 52 33 13 24 37 13
12 29 56 63 43 60 19 55 18 31 52 58 55 31 23 34
47 43 20 24 31 60 39 35 36 58 21 21 47 57 19 20
31 3 42 52 61 18 44 54 28 43 44 18 25 29 60 25
61 3 48 24 17 22 62 33 17 24 16 16 3 54 51 55
56 31 44 36 13 54 15 52 44 40 51 44 39 36 14 3
13 27 19 26 2 20 41 60 48 45 20 22 51 35 42 51
33 34 47 58 49 60 2 23 50 19 52 41 27 2 63 55
37 13 54 31 60 45 27 34 48 38 55 14 16 47 28 34
