1 0 0 2 3 3 1 2 2 3 2 2 2 1 1 2
3 1 3 0 1 2 0 3 3 3 0 2 1 1 3 0
3 2 3 1 2 2 2 3 2 0 0 0 2 0 3 3
3 2 1 3 3 3 3 2 2 2 3 2 0 0 0 0
1 0 3 2 0 2 2 0 0 1 2 1 0 1 1 2
3 3 0 2 3 3 3 2 3 0 1 2 1 3 2 2
1 3 2 0 1 3 0 2 1 2 2 3 1 1 1 2
2 2 0 2 3 0 0 1 2 3 3 3 2 2 0 1
2 2 2 0 2 2 0 0 1 1 0 3 0 0 3 1
1 0 2 2 0 2 1 0 2 0 1 2 3 0 0 2
1 2 0 1 1 3 1 1 0 0 0 3 3 3 3 2
1 0 3 0 1 0 3 0 3 0 1 0 3 2 3 0
0 3 2 0 2 1 0 2 0 3 0 1 1 2 1 2
1 2 1 0 0 1 0 1 3 2 0 2 3 3 1 2
3 0 3 3 1 0 1 2 1 3 3 2 0 2 0 2
2 2 2 3 0 0 1 0 1 2 0 2 2 1 0 0
41 20 12 42 59 35 57 30 22 43 62 50 18 57 33 46
31 21 47 40 45 18 40 23 23 19 32 58 29 53 43 36
51 34 39 33 30 34 58 43 58 32 60 52 2 40 43 3
19 42 61 51 3 19 47 62 58 30 51 46 28 56 52 12
61 16 59 50 20 62 18 12 16 61 26 61 40 53 33 14
35 43 44 30 59 63 47 38 47 52 33 58 25 31 58 26
53 39 58 24 41 3 40 26 25 26 2 51 25 17 53 54
38 14 20 62 23 24 48 45 38 51 31 43 62 46 48 33
50 26 50 36 22 42 48 32 49 21 12 19 56 36 31 21
45 60 58 22 60 2 57 60 34 20 17 54 59 52 52 22
45 14 12 13 29 19 61 17 20 20 36 23 19 47 43 22
41 44 27 60 45 44 51 48 31 56 21 24 15 54 3 48
52 55 30 48 26 17 60 22 24 27 20 37 29 18 37 62
21 38 53 24 36 21 48 45 27 50 16 22 59 3 45 42
35 60 35 39 13 44 13 46 13 15 43 22 48 26 28 34
42 34 38 3 16 48 37 20 13 22 12 22 38 45 32 40
