2 1 1 1 3 1 3 3 3 1 3 3 1 2 2 2
2 0 1 0 3 2 0 0 0 3 2 0 2 3 2 0
0 0 1 0 1 3 2 2 2 0 2 1 0 3 0 2
2 1 2 3 0 0 2 2 0 0 2 2 1 1 3 1
2 2 2 1 0 3 1 1 3 1 0 3 1 3 3 2
2 1 3 2 2 3 1 1 3 3 1 3 0 3 3 2
3 0 2 3 0 2 0 3 2 3 3 2 2 1 2 1
2 0 3 2 3 1 0 3 1 1 3 1 0 0 3 3
2 2 3 1 3 2 2 1 3 2 3 2 2 2 1 3
1 2 2 3 0 3 1 0 1 2 2 2 2 0 3 0
3 0 2 3 2 0 2 3 3 3 0 3 3 1 0 3
0 3 1 2 3 1 2 2 3 1 3 3 0 3 3 0
1 2 3 2 2 0 1 1 2 1 0 2 1 3 3 2
1 1 0 0 1 0 0 3 0 2 1 1 0 2 0 3
3 0 3 0 3 3 0 1 1 0 0 3 0 0 2 0
3 0 1 1 3 2 2 2 3 1 0 0 3 0 2 1
58 17 61 17 43 61 15 47 39 17 51 31 53 38 2 54
54 56 25 36 51 50 40 60 20 47 50 32 46 43 38 12
56 16 17 16 29 3 34 38 14 24 38 37 48 63 32 18
30 45 22 55 20 44 58 58 36 60 22 62 37 45 39 17
18 46 18 61 52 55 29 29 63 17 60 39 29 59 63 22
30 25 3 30 30 19 13 53 51 3 21 23 20 59 3 18
39 20 50 63 36 38 48 35 34 15 47 38 58 25 18 49
22 48 15 62 59 37 48 59 61 45 3 13 36 40 19 43
34 62 51 45 15 46 58 29 59 34 51 18 26 58 33 3
41 2 42 59 20 43 49 56 21 14 2 46 46 60 39 60
43 52 22 19 58 36 46 47 63 27 52 3 19 25 32 63
60 47 53 62 47 25 62 54 51 45 47 47 24 59 3 60
37 42 55 18 62 36 57 17 14 21 52 18 45 3 27 18
53 37 32 12 17 20 20 15 28 26 33 57 36 46 36 23
43 16 27 44 31 23 56 13 49 60 40 51 32 16 2 20
43 28 33 21 23 30 30 18 63 33 52 60 35 52 2 33
