0 2 0 3 1 2 3 0 3 0 2 3 0 3 1 1
1 1 2 0 1 0 2 1 3 2 1 0 3 0 1 1
0 2 3 3 1 3 2 0 3 0 3 2 2 1 1 0
2 0 3 1 3 1 0 2 1 3 1 0 3 0 1 0
2 2 0 1 3 1 1 3 3 2 1 2 2 2 1 1
1 2 1 3 0 2 3 0 3 0 0 1 1 0 1 2
0 3 0 3 3 0 0 2 1 2 2 0 2 0 3 0
0 3 3 0 3 3 0 2 0 1 2 1 1 3 2 0
2 0 0 2 1 3 3 1 1 2 3 3 2 2 0 2
0 3 2 2 3 1 1 0 3 3 0 1 3 2 0 1
2 1 1 2 3 2 3 2 1 1 1 3 1 0 3 1
2 3 1 1 2 2 2 3 2 3 0 0 1 1 2 0
1 2 1 2 3 1 0 2 2 3 0 0 2 3 3 1
2 2 0 2 2 1 0 2 3 3 2 0 0 2 1 3
1 2 3 1 0 0 3 2 0 3 1 0 3 2 1 3
2 2 1 1 0 2 3 2 0 3 0 1 1 1 1 3
24 14 56 43 33 50 27 16 35 32 62 63 52 27 13 49
17 61 54 56 17 28 26 57 15 54 45 48 39 16 37 61
16 62 35 27 29 43 14 28 59 44 19 46 62 13 53 24
22 36 47 37 15 21 40 2 57 3 41 40 59 20 57 16
42 26 24 49 55 25 61 51 43 54 13 2 58 34 41 25
57 42 61 23 28 2 35 40 3 56 28 57 49 32 33 18
32 23 16 3 19 40 12 54 61 46 14 16 2 24 59 40
32 59 23 60 23 19 60 38 16 53 18 25 57 63 22 36
42 44 32 14 33 15 3 29 25 42 15 63 62 58 52 30
24 15 58 22 35 61 37 60 47 31 20 53 59 42 56 53
14 29 29 58 39 14 59 14 29 21 13 19 17 44 39 53
62 15 13 13 14 26 38 63 2 47 56 16 29 21 54 60
17 50 57 34 27 37 12 62 2 43 12 60 14 35 39 33
54 50 60 26 18 41 24 30 3 47 58 12 48 42 17 15
29 58 19 53 20 40 43 14 56 55 13 44 35 26 29 19
26 54 53 57 36 34 15 18 60 35 32 49 41 45 37 31
