1 1 2 3 3 0 0 1 0 2 3 3 2 3 0 0
0 1 3 3 0 0 3 0 2 1 2 2 2 3 2 1
0 0 2 1 2 0 0 3 1 2 0 0 1 3 0 3
2 0 2 2 2 1 1 2 0 1 2 3 1 0 1 2
3 0 1 2 1 0 2 0 2 0 2 2 3 2 1 2
0 1 2 0 3 2 2 0 3 0 1 1 3 0 3 3
2 1 0 0 2 3 0 2 3 1 0 2 3 2 3 1
3 2 3 2 2 1 2 0 0 1 1 1 1 2 2 3
2 0 1 2 0 3 1 3 1 0 0 0 0 0 2 3
2 1 3 1 2 1 0 1 0 0 0 1 0 0 3 0
1 2 0 0 3 0 2 1 1 2 2 2 1 3 3 0
0 3 0 3 3 1 3 1 2 3 0 3 2 2 2 1
1 1 3 0 3 2 2 1 0 1 2 1 1 3 3 3
2 3 3 1 2 0 3 3 2 3 0 2 2 1 3 1
1 2 3 1 3 1 0 3 3 2 1 1 3 3 2 3
1 0 2 0 1 0 2 3 3 2 3 3 0 0 3 0
17 53 26 51 55 40 28 41 52 18 47 63 26 3 12 60
32 61 59 39 44 16 55 32 62 57 18 46 46 19 58 53
12 28 58 33 42 44 36 47 17 50 40 16 41 47 48 35
42 52 34 50 26 17 13 50 52 53 58 3 37 44 21 62
63 24 45 62 53 48 26 24 14 60 22 18 27 14 13 42
24 57 26 36 31 26 22 48 31 48 53 61 31 28 59 39
2 61 44 12 34 59 48 26 43 49 60 50 47 14 55 33
15 26 23 42 46 49 22 20 44 53 25 45 37 54 18 63
22 40 45 58 52 43 37 15 49 56 16 56 48 60 38 43
46 29 55 13 46 29 32 21 28 16 60 57 40 52 19 16
61 34 56 28 19 36 22 21 61 54 34 2 25 39 3 48
16 19 20 51 47 53 51 57 38 15 20 15 26 54 46 41
17 13 23 40 3 2 18 41 32 37 50 53 21 31 39 63
42 59 43 21 54 32 15 23 26 43 56 42 38 41 47 17
41 30 31 33 19 13 36 35 47 50 21 13 35 55 58 15
33 28 50 16 25 60 14 23 31 30 63 31 56 44 43 16
