3 1 3 2 0 3 1 2 2 3 1 2 1 0 2 3
1 1 3 2 3 1 2 0 2 1 1 3 3 0 3 3
1 0 2 1 0 0 0 0 0 3 2 0 1 1 0 3
1 1 0 1 3 2 1 3 1 2 0 3 2 0 1 2
0 3 0 2 3 2 3 2 1 2 0 2 3 0 0 1
1 3 3 3 2 3 2 0 0 3 2 0 3 1 1 0
2 3 3 1 0 0 3 2 0 0 1 3 3 0 2 0
0 1 2 2 1 3 2 2 1 2 1 3 3 2 0 3
0 1 0 0 0 0 3 3 1 1 3 2 0 0 1 1
1 3 3 2 0 3 3 0 3 3 0 2 3 3 1 1
0 2 3 2 3 1 1 2 3 2 0 0 3 1 3 3
0 2 1 2 0 0 1 2 3 1 1 2 3 2 3 0
0 2 3 0 2 0 2 1 3 1 0 3 3 2 0 0
1 1 0 2 0 1 3 0 1 2 2 0 3 1 2 0
3 2 3 3 2 2 3 0 2 2 1 3 1 2 2 0
0 2 3 0 3 3 3 0 0 0 2 3 1 3 0 1
59 45 35 34 24 39 49 30 62 47 49 34 37 12 2 3
33 57 43 42 51 49 54 40 42 49 29 19 19 36 3 31
29 12 46 21 48 60 32 52 28 47 26 44 13 37 44 27
17 41 56 21 15 26 49 31 37 54 60 15 54 60 29 18
20 35 40 2 63 30 15 58 17 50 36 50 3 48 20 29
37 59 19 15 38 3 38 52 32 39 30 24 55 41 25 60
38 43 51 57 24 60 51 62 52 20 61 27 51 60 58 24
12 57 38 62 25 27 38 18 13 42 37 23 31 14 44 39
24 29 36 40 12 24 51 59 57 33 3 18 60 40 33 21
37 63 47 50 48 15 35 28 31 19 24 62 19 3 17 37
60 14 31 26 39 61 41 34 43 26 56 12 47 45 31 15
32 26 53 38 24 40 13 22 47 37 25 38 35 42 15 40
24 38 19 56 46 56 46 29 55 13 44 43 35 30 28 12
13 33 44 30 52 21 51 40 29 50 26 52 3 21 46 16
31 26 55 55 58 62 31 12 62 30 57 15 53 46 2 16
36 54 63 32 51 23 15 28 12 24 46 3 21 55 56 13
