3 3 1 2 3 0 1 1 0 3 3 2 3 1 2 0
1 3 0 0 2 0 0 1 2 3 3 1 2 3 2 3
0 3 2 2 1 0 1 3 0 3 1 0 2 2 3 3
3 2 0 3 1 2 0 0 2 2 1 3 3 3 0 2
0 2 3 3 1 3 2 3 0 3 1 3 3 3 1 1
3 3 3 1 2 1 1 2 2 1 0 2 3 3 3 0
3 2 1 1 2 2 3 1 2 2 2 1 3 2 3 2
2 2 1 3 1 3 1 3 1 1 3 0 2 0 0 3
0 0 1 2 2 1 1 2 0 2 1 2 2 3 1 2
3 2 1 3 2 3 1 0 0 3 3 1 1 0 2 3
2 3 1 0 3 2 3 2 1 1 3 2 0 0 0 3
3 3 1 0 3 0 1 2 1 0 3 3 0 2 1 3
1 0 0 0 3 1 0 2 0 1 3 0 1 2 1 2
1 3 1 3 2 0 0 0 2 2 0 1 3 2 0 1
1 0 2 2 0 0 0 1 1 3 0 1 3 1 2 0
0 0 1 2 3 3 0 3 3 0 1 3 3 1 1 0
47 59 21 46 43 40 33 53 12 63 63 54 19 21 58 24
37 51 44 60 54 28 28 25 58 55 51 41 34 31 50 43
16 47 26 22 17 12 57 59 24 47 21 40 42 62 43 3
3 42 44 27 17 62 24 32 46 50 25 39 31 35 52 30
20 30 59 47 29 23 46 51 40 39 57 63 47 55 33 33
39 43 35 45 50 17 25 22 22 29 20 14 31 35 23 28
3 62 21 61 18 30 31 45 18 34 30 25 51 46 35 26
58 42 37 23 17 51 25 55 45 41 19 52 54 24 32 59
44 24 45 34 22 33 29 38 52 62 17 50 58 19 61 62
35 30 49 35 46 59 21 48 40 51 59 33 21 20 46 47
46 31 61 28 43 22 63 54 61 29 51 22 52 28 60 39
19 43 29 52 35 44 49 58 41 20 59 39 36 18 37 15
61 32 32 12 15 21 52 26 24 13 59 32 49 50 57 18
61 43 13 15 2 52 36 36 58 34 24 17 39 62 32 49
25 44 62 62 48 52 12 25 21 55 60 21 39 17 42 40
32 24 61 26 55 63 36 27 59 32 29 55 63 37 13 44
