1 2 3 0 1 3 0 1 0 0 0 0 3 1 2 0
1 3 0 1 2 2 3 3 0 0 3 0 3 3 0 0
3 1 2 3 2 1 2 2 3 2 3 1 3 0 2 0
3 3 3 3 3 0 2 3 0 1 2 2 2 3 1 0
1 0 1 0 1 1 1 1 3 2 3 0 1 0 3 3
3 1 1 0 2 1 3 0 0 2 3 0 0 0 0 2
1 3 3 3 2 2 0 3 3 0 1 0 0 2 2 0
0 0 0 1 1 0 3 1 3 2 1 2 1 3 1 1
1 3 1 3 2 0 1 3 3 2 2 3 3 2 2 0
1 0 0 3 3 2 1 0 3 2 2 1 2 0 2 1
3 3 1 0 3 2 0 3 3 0 3 2 1 0 1 2
0 0 3 3 0 0 3 3 0 2 2 2 3 2 2 1
2 1 3 3 2 3 0 3 2 3 0 0 1 2 1 3
0 2 3 3 2 2 0 2 1 1 3 1 1 3 3 0
2 2 3 3 2 2 2 2 1 0 2 0 1 3 0 0
0 0 3 3 1 3 3 2 1 3 2 1 0 1 2 1
49 34 43 24 17 23 16 41 16 56 20 28 3 45 2 36
57 31 60 29 18 14 15 59 28 52 23 12 47 35 48 60
35 25 50 15 22 17 50 18 31 58 47 41 63 40 54 16
39 39 55 35 3 24 62 63 24 61 38 26 54 15 25 32
49 28 41 56 37 37 37 13 3 54 43 48 41 12 35 23
47 53 41 44 38 49 19 16 16 34 39 56 48 12 24 26
25 3 3 39 22 38 40 59 59 20 37 40 60 42 62 24
12 52 48 57 57 28 27 37 43 50 61 46 57 51 25 37
61 3 17 15 14 32 25 43 51 46 2 35 47 42 54 28
53 20 16 59 19 62 17 12 59 42 14 37 58 40 38 53
35 51 53 60 47 18 52 15 35 32 59 50 33 56 45 50
48 28 39 27 28 32 47 47 12 42 50 34 23 42 38 61
22 13 15 47 18 47 12 35 14 19 36 20 45 50 41 55
20 42 43 39 22 30 52 26 57 21 59 57 45 27 51 48
58 2 15 47 54 18 46 42 21 32 34 20 61 47 24 12
44 28 15 15 17 63 35 58 53 35 42 45 48 25 62 29
