2 1 3 3 3 0 1 1 3 3 0 2 2 1 0 3
3 1 2 3 3 1 1 0 3 3 2 1 3 1 0 0
2 0 0 2 3 3 2 2 0 2 1 1 3 1 3 2
3 3 1 2 0 0 2 1 3 3 0 1 0 2 3 0
2 0 1 1 3 2 3 1 3 0 3 2 1 1 2 1
1 0 0 3 2 1 2 0 2 2 0 1 2 3 1 1
1 1 1 1 1 0 2 0 0 3 3 2 3 3 3 0
2 1 2 0 0 3 0 3 0 3 1 3 3 1 1 0
0 3 1 0 0 3 0 3 1 0 0 2 3 0 0 0
3 2 1 3 3 3 3 0 0 0 3 0 0 1 1 2
0 3 0 3 2 1 2 2 0 0 1 0 2 0 3 3
2 0 0 0 2 0 3 1 3 1 3 1 0 3 3 3
1 1 1 1 3 1 1 1 2 1 2 2 2 1 0 0
1 2 1 0 0 0 0 3 0 3 2 1 1 3 0 2
2 3 1 2 1 2 0 3 3 0 0 0 3 0 2 0
2 1 2 1 0 3 0 1 2 1 3 2 3 0 0 1
50 49 35 59 59 28 17 49 35 51 20 26 22 41 52 15
43 21 22 43 23 29 33 16 27 19 38 57 43 45 24 28
50 52 60 14 59 55 18 46 16 2 61 17 31 33 55 54
31 27 53 34 28 20 26 21 31 63 56 45 16 50 35 28
46 44 53 61 35 18 43 41 55 44 27 50 25 29 18 13
61 56 56 47 34 57 30 36 26 50 32 17 54 31 53 29
33 33 21 13 13 48 18 48 60 59 31 14 51 15 55 20
46 61 14 52 40 63 20 59 60 3 45 39 19 61 53 56
20 19 53 52 40 55 44 31 57 12 20 26 47 36 32 56
19 22 25 39 51 31 15 36 28 32 23 48 36 53 13 54
56 51 52 43 22 45 54 54 40 60 29 60 22 40 15 55
58 48 28 56 62 52 19 25 55 45 31 17 40 43 15 63
45 21 57 37 35 37 29 57 42 49 30 58 54 61 24 36
29 54 21 36 20 60 24 3 40 31 34 41 17 23 56 26
34 55 61 22 21 22 12 39 43 32 16 48 19 24 26 44
34 53 26 37 44 51 24 41 58 17 59 50 39 16 48 41
