0 1 3 3 3 1 0 3 3 1 2 2 1 0 1 1
1 0 1 2 3 1 2 2 2 2 2 1 2 3 1 2
0 0 1 2 1 1 2 1 1 1 3 3 3 2 2 3
1 1 2 0 2 3 2 3 2 0 1 0 0 0 3 1
0 2 1 3 0 3 3 3 1 2 1 0 1 2 3 2
1 0 1 1 2 3 0 2 1 2 0 3 1 3 1 0
3 3 1 2 2 2 3 0 1 3 3 1 0 3 1 0
3 2 1 0 0 1 2 3 2 3 1 2 2 0 2 3
3 1 3 1 2 0 3 3 2 1 0 0 1 0 2 2
1 0 2 2 2 3 1 2 0 0 2 0 0 1 1 2
3 1 0 1 2 1 2 3 0 1 1 3 3 2 1 1
1 0 2 2 0 0 3 0 3 0 2 0 3 3 1 0
0 0 3 2 1 2 3 1 0 2 0 2 0 3 0 1
2 0 2 1 3 2 1 0 3 1 1 3 1 2 3 2
1 2 0 1 3 0 0 3 2 2 1 2 3 0 0 3
0 3 3 0 0 2 2 1 1 1 0 3 2 0 2 1
44 45 3 27 27 57 24 3 39 25 62 50 37 12 45 33
25 52 25 50 23 41 62 50 2 34 54 49 54 51 61 42
56 48 49 54 33 17 46 49 29 25 3 35 63 18 30 31
41 61 46 20 50 63 18 23 2 48 49 12 40 52 43 13
16 46 41 55 32 51 35 27 41 34 29 28 41 38 47 18
41 40 13 21 26 51 56 58 29 54 20 59 33 23 25 12
63 15 17 54 34 22 39 32 17 31 59 33 44 43 49 24
51 54 25 24 48 49 58 51 30 23 25 42 18 44 38 35
63 29 51 13 38 44 35 19 58 17 44 24 37 20 62 26
53 24 22 2 26 43 37 46 28 48 18 44 40 33 37 18
59 33 48 53 42 33 42 47 24 53 21 35 51 2 33 25
21 16 38 30 36 32 47 36 39 48 54 48 47 27 29 32
60 16 59 54 61 30 43 49 24 26 36 2 52 23 16 29
30 32 26 33 59 30 57 56 35 53 21 19 45 46 15 30
41 14 20 45 35 12 36 55 38 62 49 14 3 20 32 47
60 27 39 16 56 34 54 45 49 53 44 63 50 52 26 33
