0 0 3 2 1 1 2 2 0 1 0 1 3 1 1 3
0 2 1 3 3 0 3 2 1 1 0 3 3 3 2 3
2 0 1 3 2 1 1 0 1 1 0 0 3 1 2 2
1 2 1 1 1 1 3 3 1 3 0 0 2 2 3 1
3 2 3 1 0 2 1 2 0 0 0 1 2 2 2 2
3 0 0 0 2 3 1 3 3 2 3 0 2 1 3 3
2 0 3 2 2 2 0 3 1 2 3 0 0 3 1 1
3 3 2 0 0 2 0 2 0 1 3 3 0 3 2 3
0 0 1 1 3 2 0 1 2 0 2 0 0 3 0 2
2 2 1 2 0 1 3 2 2 2 0 0 0 2 1 3
3 3 0 3 3 1 0 0 3 3 3 2 3 1 0 2
1 0 0 2 3 2 2 0 0 1 1 3 3 3 1 2
0 0 2 1 3 0 0 0 2 3 0 3 3 0 0 1
2 3 3 0 1 1 0 3 0 1 3 2 3 2 3 0
0 1 3 0 3 0 2 0 0 0 1 3 1 1 1 2
0 2 1 0 0 2 1 2 3 1 2 0 3 3 3 0
16 52 55 38 33 29 38 58 32 37 40 17 35 41 13 19
24 18 41 15 15 32 23 50 33 21 36 47 27 47 50 43
26 36 45 55 46 13 25 12 41 13 52 56 23 13 2 34
61 18 13 53 13 21 23 47 61 27 32 48 54 30 39 49
51 42 63 41 36 18 25 50 56 32 36 57 58 38 30 18
51 40 32 56 2 35 17 55 43 34 31 60 2 21 15 31
46 12 35 38 58 22 16 3 61 30 3 60 44 55 61 21
63 23 2 16 60 54 40 62 48 21 35 15 56 47 14 3
24 60 13 21 23 22 44 17 14 40 26 20 44 15 44 50
14 42 61 26 44 45 27 54 18 14 60 28 32 18 33 23
31 31 36 15 63 37 16 44 55 31 51 14 51 29 40 54
17 12 24 62 43 54 30 36 24 53 13 27 59 39 61 42
56 60 50 37 19 24 28 24 34 19 12 23 51 52 28 21
22 47 35 32 33 13 24 63 28 53 63 42 35 34 27 44
12 49 55 40 23 32 54 32 52 20 45 27 61 53 61 42
32 42 53 40 16 34 45 46 31 33 2 12 47 47 63 24
