1 1 3 3 2 0 3 1 1 2 0 2 0 2 0 1
3 2 0 2 2 2 1 1 2 1 3 3 0 1 1 3
0 3 3 1 1 1 3 1 0 1 2 0 2 2 2 3
2 3 1 1 1 3 0 2 2 1 0 0 3 3 1 1
3 3 1 3 0 0 2 0 3 1 0 1 2 0 0 0
3 2 0 2 3 1 2 2 2 0 2 0 3 1 1 2
1 1 0 2 0 2 1 3 0 3 3 3 0 3 1 2
0 3 3 1 2 3 2 1 1 2 1 1 0 3 3 0
1 1 1 1 1 2 3 3 1 1 1 0 0 0 3 3
2 0 2 0 0 3 2 0 2 1 0 1 3 2 0 2
2 0 1 0 2 3 3 1 3 2 2 1 1 3 2 2
3 1 2 1 0 1 2 1 0 0 0 2 1 1 3 1
3 3 3 3 2 2 0 0 2 3 0 1 2 2 1 3
1 3 2 0 2 0 0 3 0 2 1 3 1 0 2 0
1 2 1 3 2 1 0 3 2 2 2 2 1 2 3 3
2 0 0 0 2 0 0 2 2 0 2 0 1 1 0 0
61 57 55 43 62 16 59 33 49 34 32 38 56 50 36 37
39 38 36 34 50 34 33 29 30 33 59 39 12 17 57 31
28 55 39 25 57 21 15 25 36 13 42 20 54 34 46 15
54 15 29 37 53 59 40 18 50 17 20 12 51 31 13 53
63 15 37 23 20 36 22 52 3 25 48 45 2 28 20 48
23 14 60 34 39 33 38 42 14 24 18 28 43 29 17 42
49 45 28 46 32 42 49 47 44 55 39 39 56 31 33 58
32 3 59 33 22 31 38 53 37 30 61 61 24 27 47 16
53 49 45 57 25 46 19 63 37 33 53 48 20 32 55 59
54 48 38 52 36 19 22 36 46 49 48 13 39 50 12 42
14 52 37 36 2 55 19 13 47 14 22 17 37 39 34 38
55 45 62 41 16 21 2 61 56 32 24 34 25 61 35 21
43 15 23 51 34 14 20 48 30 27 16 57 46 54 13 51
33 27 34 32 2 36 40 35 52 50 49 27 45 52 42 48
29 26 25 23 50 13 28 15 34 42 34 46 37 54 27 31
58 24 28 32 2 56 32 38 46 52 2 60 37 57 56 56
