1 0 2 2 2 3 0 0 0 2 3 2 3 1 0 2
3 3 3 2 0 2 2 2 3 3 2 1 1 1 1 0
2 3 1 0 2 1 0 3 2 2 0 1 1 2 1 3
0 2 1 0 0 2 0 1 1 2 0 3 0 1 1 1
0 0 1 1 2 0 2 1 1 1 3 3 3 2 0 0
3 1 3 0 2 2 3 3 0 0 0 0 3 2 1 3
3 0 3 3 1 0 0 1 2 1 1 2 0 3 3 0
2 1 0 0 2 2 1 3 1 1 2 2 2 2 0 0
1 2 0 3 2 3 2 0 0 0 3 2 2 1 0 3
0 0 1 3 1 3 2 3 3 0 3 3 2 3 3 1
0 2 1 3 1 3 2 3 2 3 1 3 0 2 3 2
3 3 1 3 0 2 1 1 0 3 0 3 1 1 0 3
0 0 2 1 0 3 0 0 2 0 0 3 1 1 1 2
0 0 2 3 0 2 2 3 3 3 3 2 1 3 3 0
2 0 2 0 1 0 3 0 2 3 0 2 3 1 2 1
3 3 0 2 1 0 0 2 3 0 2 0 1 3 3 0
53 60 62 54 22 19 16 40 16 34 15 38 15 53 36 14
39 59 15 18 40 58 46 18 55 35 54 21 17 37 33 12
50 39 17 20 38 53 28 15 54 38 44 61 49 22 37 51
16 58 29 56 24 58 48 57 29 18 32 63 32 57 21 33
24 12 37 25 22 24 50 61 41 33 35 59 27 2 28 60
51 45 15 60 30 26 63 35 44 44 12 60 63 34 33 43
35 60 51 15 37 12 20 49 14 49 17 26 32 59 3 40
2 13 16 16 46 58 37 43 37 13 62 38 18 58 16 16
13 2 52 55 2 23 14 32 56 20 19 2 38 29 36 39
12 60 13 59 49 59 38 3 3 20 51 55 62 27 55 21
36 18 17 27 57 19 58 35 58 23 25 63 56 14 59 14
63 35 17 23 36 42 49 37 16 23 20 47 21 21 40 51
52 32 2 13 48 23 44 12 42 36 16 19 37 13 41 2
24 12 22 43 48 50 18 15 35 39 35 26 37 39 43 40
30 44 62 12 17 12 3 52 26 47 20 46 55 33 50 61
55 51 16 46 41 48 36 38 31 52 18 52 33 43 59 28
