2 1 1 1 0 0 2 1 0 3 3 0 2 2 3 2
2 1 2 0 3 1 2 1 1 2 2 1 0 0 2 3
3 1 3 3 1 2 1 0 1 2 0 3 3 0 0 2
3 0 2 1 2 2 2 1 3 2 3 3 0 0 3 3
0 2 0 0 3 3 1 2 0 3 3 2 3 1 1 3
3 1 1 1 2 3 2 1 0 2 1 2 1 1 0 2
3 1 2 1 1 3 2 0 2 1 0 0 1 0 3 2
3 3 1 2 3 2 0 1 0 3 3 1 3 1 2 3
1 2 3 1 0 2 2 1 3 1 1 0 1 3 3 1
1 0 0 3 3 2 3 1 3 0 3 1 2 3 2 3
3 2 3 1 1 0 1 1 3 2 3 3 3 0 2 2
0 2 3 2 3 2 2 2 2 1 2 1 0 2 2 2
1 0 2 3 3 3 1 0 3 3 3 1 1 3 0 2
0 2 3 2 3 1 1 2 0 1 2 1 1 1 1 3
1 2 3 0 3 1 1 2 0 2 0 3 3 2 2 0
1 0 1 3 3 2 2 1 2 3 3 1 0 3 0 3
30 25 49 21 44 56 38 13 60 39 19 48 34 34 35 34
14 29 22 40 47 21 62 25 17 62 38 13 56 12 46 15
23 21 31 43 13 62 29 48 17 62 20 23 19 44 12 50
63 32 34 37 34 58 50 41 31 50 43 55 60 20 63 19
20 26 60 12 27 63 57 50 48 47 31 18 3 45 25 31
23 25 45 17 46 51 30 13 32 46 37 50 13 33 40 42
63 13 38 45 53 31 54 12 46 37 16 56 57 48 15 46
23 15 49 46 55 30 40 21 24 55 63 45 55 41 34 43
33 26 55 25 20 18 54 29 55 21 25 48 61 23 43 49
17 52 56 15 55 42 47 17 35 40 31 41 2 55 22 43
47 26 51 37 57 52 53 17 15 62 51 27 43 56 46 42
40 46 27 2 19 54 38 2 26 25 58 13 48 2 62 18
37 48 42 51 55 35 25 24 55 35 39 41 25 43 56 30
48 14 15 38 63 29 29 22 32 45 54 45 37 21 25 31
17 14 15 44 43 29 33 18 28 2 48 27 31 54 50 32
25 36 45 55 23 30 50 49 2 43 43 53 36 19 28 43
