0 3 0 2 0 3 1 0 1 0 1 0 1 3 0 3
0 2 1 3 0 2 2 2 3 3 1 3 2 0 3 0
1 1 1 0 0 0 2 1 2 0 3 2 0 0 1 2
3 3 1 1 3 1 0 0 1 0 3 1 2 2 3 2
0 2 0 1 1 3 1 1 2 0 2 3 1 3 2 1
0 0 0 3 0 1 1 0 0 2 1 0 1 0 1 2
0 1 1 3 0 1 1 1 2 3 0 1 1 0 2 0
1 2 0 2 1 3 2 3 1 1 3 2 3 0 3 2
1 1 2 2 3 1 0 1 0 2 0 0 1 1 3 2
0 0 3 0 3 2 0 3 0 3 2 0 0 0 0 3
3 2 3 2 0 0 2 1 2 2 1 3 0 1 2 0
3 2 1 3 2 2 1 2 0 0 2 2 0 3 1 2
1 3 0 0 0 2 3 3 2 3 3 3 0 2 3 2
2 3 3 1 0 3 3 1 1 2 0 0 1 1 2 3
2 1 2 3 2 2 1 1 0 1 3 1 0 3 3 1
3 2 3 0 3 2 1 0 1 1 3 0 3 2 3 3
32 59 52 54 24 39 53 60 29 56 17 36 29 15 16 35
28 42 13 39 28 34 18 54 47 3 57 55 30 56 23 28
45 41 21 48 48 16 50 33 18 56 63 46 32 28 21 22
15 59 21 45 39 13 60 28 61 12 63 45 18 22 39 38
60 2 40 61 41 47 53 17 58 24 14 23 17 59 2 17
12 12 56 31 40 29 49 56 20 22 49 40 37 20 21 26
40 25 57 27 12 17 29 29 42 23 60 29 33 36 14 32
61 26 20 34 57 35 54 39 53 25 43 14 59 52 35 54
49 41 14 30 19 61 52 57 16 46 56 48 25 25 23 46
16 36 47 12 31 42 56 35 44 47 2 36 16 20 32 23
55 14 31 54 24 44 22 61 30 50 13 47 16 53 18 36
39 46 57 63 34 22 25 46 52 12 50 58 52 39 25 34
45 15 16 12 32 42 59 35 46 63 27 19 56 34 19 26
22 23 19 45 32 19 51 53 61 46 28 40 21 33 38 55
18 25 2 43 26 26 37 29 52 29 31 33 36 39 31 41
55 26 31 36 31 22 49 48 45 41 63 32 47 18 19 47
