3 3 1 0 3 3 0 1 3 2 0 1 2 2 0 1
2 1 1 2 1 2 1 3 1 0 2 3 1 0 0 2
0 0 0 0 2 3 0 0 1 1 2 1 0 2 3 3
2 0 1 3 1 1 0 1 1 0 3 0 2 3 3 1
1 0 2 2 2 1 0 2 1 2 2 0 2 3 0 2
3 1 2 3 1 0 2 3 1 1 3 1 1 3 1 3
0 2 0 0 1 2 1 1 2 3 3 1 2 0 1 2
3 3 2 3 0 1 2 2 1 2 3 3 2 1 3 3
0 3 1 3 0 3 0 1 3 1 3 1 0 3 3 2
1 0 1 0 1 2 3 3 3 2 3 0 3 2 0 3
3 1 3 1 1 2 3 0 1 3 0 0 3 2 3 1
2 1 3 2 1 3 0 2 2 0 2 0 1 3 3 2
3 3 0 0 0 1 2 2 2 2 0 1 1 0 3 1
2 3 1 1 1 3 0 0 1 0 0 3 0 2 1 1
0 2 3 2 3 1 3 3 2 1 0 2 2 3 2 2
0 3 2 0 3 1 1 0 1 1 2 1 2 2 1 1
19 47 21 44 39 19 52 17 43 22 60 25 46 46 20 45
46 13 53 46 17 14 17 3 33 60 62 31 13 24 24 14
40 40 36 32 62 47 40 44 25 37 50 33 40 26 31 39
50 60 25 35 49 13 52 21 13 52 55 24 30 15 15 49
37 52 22 30 30 29 52 26 21 42 54 32 62 39 56 2
51 21 62 51 29 56 42 27 49 57 35 57 53 55 49 19
52 22 48 60 49 2 13 53 14 27 27 37 30 48 17 26
39 55 62 35 20 41 38 22 21 58 47 31 22 17 63 19
28 51 25 39 56 3 48 33 3 49 51 41 24 55 63 58
37 48 41 56 61 22 27 15 59 30 63 32 35 42 56 63
3 45 35 49 13 22 19 16 29 51 40 28 39 30 35 41
14 49 3 30 57 39 24 42 38 44 50 12 37 51 59 34
47 55 40 48 40 45 18 34 50 54 44 17 21 48 39 37
50 51 53 13 45 31 56 16 21 48 12 31 16 2 33 21
40 58 27 50 19 45 63 35 34 37 36 26 58 3 58 38
24 3 18 56 35 49 37 52 13 21 46 41 50 18 17 41
