1 3 2 3 3 3 3 3 3 0 0 3 2 1 2 2
1 1 0 0 1 0 1 2 3 0 0 1 0 2 0 1
1 1 0 0 2 1 2 1 0 1 3 2 0 1 3 3
3 0 2 1 1 2 1 3 0 3 2 2 3 2 2 0
2 1 0 1 0 2 3 3 3 2 1 3 3 2 2 3
2 3 3 0 0 2 1 1 1 0 3 0 1 0 1 0
3 1 3 3 3 2 3 1 2 0 3 2 3 2 2 1
0 0 2 3 1 0 1 2 1 2 0 0 3 3 0 2
3 2 2 2 0 3 3 1 3 2 1 0 3 3 0 3
1 0 1 2 2 2 1 2 0 2 2 3 0 1 2 1
0 1 1 2 2 2 3 0 3 2 2 0 2 1 3 3
3 3 3 1 3 2 1 2 3 2 1 0 1 2 3 0
2 3 1 0 3 2 3 0 3 3 0 3 1 1 0 0
3 1 1 2 0 3 0 3 2 0 3 1 2 2 2 0
3 3 0 3 0 0 0 1 1 0 3 2 2 1 0 2
1 0 1 0 2 0 1 3 0 2 2 1 1 3 2 1
37 27 58 31 59 27 27 35 59 16 28 39 14 45 58 30
33 45 20 52 49 44 57 30 47 44 56 61 16 42 20 17
25 57 52 48 14 37 14 17 56 61 55 18 24 37 55 35
59 60 62 33 25 26 61 23 28 3 50 38 63 46 62 40
42 61 44 25 60 58 35 31 39 14 29 47 15 62 58 3
30 59 35 20 12 38 13 45 21 24 47 52 53 40 13 60
47 41 19 63 35 18 63 29 2 20 43 38 3 18 38 49
20 28 62 23 25 60 61 54 25 54 60 20 39 19 56 54
23 22 30 26 60 59 47 57 35 42 61 16 63 35 48 51
53 32 53 46 58 42 41 38 52 14 22 15 28 21 30 49
40 53 29 22 50 2 47 12 19 62 30 28 2 21 47 55
19 31 23 13 19 2 33 34 35 42 57 24 49 14 55 32
42 55 21 40 51 18 43 28 39 35 48 39 29 29 32 40
47 13 25 62 12 23 24 15 46 32 35 33 50 58 34 20
15 3 44 31 60 36 40 45 61 40 3 30 18 57 32 38
29 16 33 48 42 56 21 35 32 46 50 61 61 43 50 37
