1 2 2 3 2 3 2 2 1 1 0 2 3 2 2 0
2 2 0 0 2 2 2 0 0 0 0 1 2 2 3 3
0 1 1 1 1 1 0 2 3 1 2 0 0 3 3 2
3 3 1 2 0 0 1 0 0 2 1 1 2 3 2 1
0 0 2 0 2 2 0 3 2 0 2 0 0 3 1 0
0 0 1 1 3 2 3 2 3 0 0 2 2 0 1 3
2 3 2 0 2 2 1 0 2 0 3 3 1 0 0 2
2 1 2 0 1 2 0 3 1 0 3 3 3 0 1 1
1 2 1 2 1 3 2 3 2 0 2 2 0 1 1 3
3 2 1 1 2 1 3 2 3 3 3 1 2 2 0 1
0 3 2 0 2 2 2 0 2 1 0 1 2 2 3 1
2 1 3 1 2 2 1 1 2 0 0 3 1 3 3 1
0 3 3 3 2 3 0 1 3 1 1 2 3 2 0 2
1 1 2 2 3 1 3 2 2 1 3 3 0 1 3 0
2 1 3 2 2 2 0 2 1 2 2 2 0 1 0 1
3 0 3 2 0 3 2 3 2 3 2 2 3 1 0 0
17 18 2 31 42 47 30 18 17 61 28 2 63 50 26 52
38 62 56 28 46 46 54 52 16 40 56 13 30 2 15 15
32 61 37 49 25 49 60 2 35 53 14 36 20 23 35 14
63 59 57 30 24 44 33 48 24 26 57 25 62 51 50 57
12 12 14 12 62 38 44 27 26 48 14 36 40 59 61 60
20 56 37 41 19 18 31 50 19 40 56 18 50 32 41 47
14 59 54 28 58 34 53 44 42 56 31 51 13 40 56 54
38 37 46 36 25 46 28 27 49 52 31 63 31 44 21 29
49 34 49 54 61 3 2 51 42 40 58 50 48 53 41 43
63 62 41 25 42 17 15 58 27 15 31 49 50 62 56 45
16 51 26 36 34 30 58 12 58 61 44 61 18 30 43 17
62 53 43 37 58 62 41 49 14 24 56 63 21 47 27 45
60 23 43 43 62 39 28 17 47 57 21 34 23 38 56 22
37 61 18 22 31 57 35 50 46 13 27 15 12 17 51 16
14 17 63 54 22 14 20 26 53 50 62 2 44 53 24 61
39 44 59 2 20 39 54 15 2 63 22 42 31 53 12 40
