0 2 1 2 0 3 2 1 0 3 3 3 1 1 3 0
0 0 1 1 0 1 2 2 3 0 0 2 2 3 1 2
1 0 2 2 1 1 0 1 1 1 0 0 1 0 2 2
0 2 0 0 0 1 1 2 3 2 3 3 3 2 0 3
1 2 2 2 3 1 0 2 3 0 3 2 0 3 2 0
0 0 1 0 0 2 3 2 0 2 1 3 1 3 3 0
2 3 2 3 1 2 0 3 0 3 1 3 2 2 3 0
1 2 0 1 0 2 2 3 0 2 3 3 0 1 0 1
3 3 0 1 0 3 0 2 1 2 0 2 3 2 3 0
1 1 2 1 1 1 0 2 2 0 1 2 1 2 1 3
1 0 3 1 1 2 1 1 3 2 0 3 2 3 2 3
0 1 0 0 1 3 0 0 2 0 1 2 0 2 2 3
0 2 3 2 0 1 2 2 1 2 3 3 1 0 1 3
3 3 3 0 3 1 0 3 1 0 1 0 1 1 0 0
1 1 2 2 0 1 0 3 1 1 2 3 0 2 2 2
2 1 2 3 2 2 2 0 1 3 2 1 0 3 1 3
52 58 49 62 28 35 30 29 44 15 51 47 41 53 39 60
44 40 49 45 40 57 42 34 23 48 48 18 46 63 57 30
41 28 14 38 41 37 36 57 25 29 40 52 29 56 42 30
60 22 32 52 44 17 61 14 27 62 27 15 51 62 44 47
37 46 18 54 31 25 40 22 27 48 31 50 36 15 58 52
32 20 37 24 52 38 55 34 20 38 41 15 17 51 31 12
50 3 54 63 29 18 60 59 36 23 13 55 30 58 23 48
57 26 52 17 16 46 14 63 36 18 47 43 36 25 44 45
27 27 20 37 20 19 36 34 45 42 56 22 63 14 35 16
45 33 26 17 53 25 28 54 26 32 33 42 61 54 29 43
33 36 55 37 61 26 45 57 35 34 36 51 50 47 30 3
20 45 44 36 61 27 40 16 30 48 53 22 20 42 62 35
52 2 15 38 44 29 26 46 61 50 63 27 45 52 61 55
51 55 27 44 55 57 12 31 29 52 21 12 29 13 56 20
29 37 22 22 28 53 52 55 37 17 54 43 28 46 18 14
14 57 62 23 50 30 30 40 57 43 18 25 20 31 53 55
