1 2 0 1 3 2 1 1 2 0 2 1 1 0 2 0
1 2 0 3 1 2 2 0 2 1 1 0 2 2 2 0
0 3 3 3 1 1 3 0 3 1 1 1 1 2 0 3
0 1 0 1 2 1 1 0 3 0 3 1 3 3 2 2
3 2 3 0 3 2 0 3 3 3 3 2 3 2 1 0
1 3 2 2 0 0 2 2 1 3 1 2 1 3 2 1
3 2 2 1 0 3 3 1 1 2 0 0 2 1 1 0
0 1 3 0 3 3 2 1 2 2 3 0 0 0 0 2
3 0 2 3 1 1 2 2 0 1 1 3 1 2 3 2
0 0 0 2 3 0 3 2 2 1 2 3 2 1 0 1
2 2 2 1 0 1 0 3 2 0 3 1 3 3 2 1
3 0 0 3 0 0 3 3 0 0 3 2 0 3 2 2
1 2 1 0 0 1 2 0 3 3 0 0 1 3 3 1
3 2 0 2 0 1 0 2 0 3 1 1 0 0 0 1
2 3 3 3 0 3 0 0 2 1 2 3 0 2 2 1
1 2 2 0 3 3 2 3 2 3 2 2 3 0 2 1
53 2 60 37 23 58 53 25 30 24 22 25 21 20 14 20
17 50 48 35 25 58 58 48 26 21 29 20 42 26 30 56
48 39 19 47 13 49 19 60 47 13 61 25 25 22 48 19
48 33 48 21 58 13 61 32 19 32 31 41 23 15 34 22
47 18 23 32 3 34 52 51 43 3 47 46 39 18 41 16
57 51 34 2 56 48 50 2 45 55 29 50 49 55 14 33
51 26 18 17 24 55 59 33 17 18 60 52 62 61 57 36
56 45 3 32 47 47 22 49 2 26 31 32 44 56 24 18
51 12 54 39 37 49 14 30 36 53 13 47 41 30 31 2
28 56 24 62 31 44 63 58 38 17 18 31 38 49 36 13
14 18 58 53 52 33 20 55 58 60 39 37 55 59 26 41
23 48 16 63 52 44 51 23 52 52 55 18 48 27 42 38
21 22 49 28 12 41 46 12 63 47 24 12 53 3 59 61
35 26 24 54 60 41 56 2 16 39 29 37 60 40 44 29
54 59 19 31 56 51 28 52 30 41 38 55 32 2 54 29
45 38 46 52 15 59 2 31 18 15 62 62 43 36 46 29
