0 1 3 0 1 0 0 1 1 2 1 0 2 2 1 1
1 3 0 1 3 0 1 1 0 2 2 1 2 2 0 1
0 0 1 1 1 3 0 3 2 2 1 3 3 0 3 1
1 1 2 3 1 2 1 2 0 1 2 2 2 3 2 0
1 3 3 3 0 1 2 0 1 1 3 1 2 0 3 0
0 0 0 1 3 2 1 1 3 0 1 1 2 1 0 1
0 2 1 2 3 3 1 1 0 2 1 0 0 2 1 2
1 1 0 3 3 1 2 0 3 2 2 2 3 0 2 3
1 3 2 0 0 3 3 2 3 0 3 0 2 0 0 3
3 2 2 2 0 1 3 3 0 3 3 3 1 1 2 2
0 1 2 3 2 0 2 0 2 0 3 3 1 3 0 2
0 3 0 1 3 3 2 2 1 1 3 1 1 3 3 3
0 3 0 3 0 2 0 2 3 2 0 2 0 0 1 2
2 3 3 3 3 3 0 0 3 3 1 0 0 3 0 0
2 2 0 1 3 0 1 2 3 1 3 1 2 0 3 2
1 3 3 3 3 0 3 3 2 1 1 1 3 3 3 0
12 25 55 56 53 36 52 41 49 2 13 32 58 14 29 17
37 63 52 25 23 36 37 41 36 22 14 29 62 62 56 61
52 32 37 17 29 19 40 31 46 38 25 31 15 32 47 17
37 49 18 15 45 34 53 46 48 37 58 58 54 51 30 32
25 19 15 63 44 49 22 52 33 29 43 33 14 12 47 52
40 48 16 37 39 46 25 21 27 52 21 57 54 45 40 17
52 18 41 46 39 55 49 29 40 46 37 20 60 38 33 2
17 57 24 51 63 53 58 56 39 18 14 42 3 12 38 39
33 19 30 56 24 23 15 14 63 52 43 28 18 40 12 55
35 42 50 54 24 21 27 19 12 59 15 51 49 21 38 22
28 57 14 47 54 12 26 20 42 12 19 15 53 39 44 54
36 35 24 13 23 23 30 38 37 61 55 17 53 27 59 19
52 47 32 31 36 42 44 14 59 46 24 14 44 36 41 42
2 31 31 3 35 23 40 56 63 35 57 36 24 15 32 40
26 26 36 33 59 12 33 22 43 37 31 17 34 52 31 62
53 3 55 15 59 16 43 43 18 13 29 45 59 27 19 36
