0 0 0 0 0 0 0 0 0 0 0 0 0 0 0 0
0 0 0 0 0 0 0 0 0 0 0 0 0 0 0 0
0 0 0 0 0 0 0 0 0 0 0 0 0 0 0 0
0 0 0 0 0 0 0 0 0 0 0 0 0 0 0 0
1 1 1 1 1 1 1 1 1 1 1 1 1 1 1 1
1 1 1 1 1 1 1 1 1 1 1 1 1 1 1 1
1 1 1 1 1 1 1 1 1 1 1 1 1 1 1 1
1 1 1 1 1 1 1 1 1 1 1 1 1 1 1 1
2 2 2 2 2 2 2 2 2 2 2 2 2 2 2 2
2 2 2 2 2 2 2 2 2 2 2 2 2 2 2 2
2 2 2 2 2 2 2 2 2 2 2 2 2 2 2 2
2 2 2 2 2 2 2 2 2 2 2 2 2 2 2 2
3 3 3 3 3 3 3 3 3 3 3 3 3 3 3 3
3 3 3 3 3 3 3 3 3 3 3 3 3 3 3 3
3 3 3 3 3 3 3 3 3 3 3 3 3 3 3 3
3 3 3 3 3 3 3 3 3 3 3 3 3 3 3 3
60 20 48 24 20 48 24 52 28 44 32 24 32 36 16 40
52 32 60 40 32 48 56 24 36 16 28 48 44 60 48 40
32 12 36 48 28 24 28 32 28 40 44 32 52 12 44 12
28 56 52 44 24 60 52 24 52 56 44 52 56 60 60 20
61 17 37 57 37 29 37 41 57 49 41 53 21 53 17 29
45 45 53 53 21 13 41 53 45 49 53 25 53 33 61 57
33 33 13 21 17 25 61 61 53 13 29 53 57 17 45 37
49 61 37 53 61 49 61 33 57 13 45 37 41 53 61 21
2 46 38 54 18 58 30 30 54 14 2 30 26 38 54 38
34 26 42 58 22 46 54 54 14 30 26 58 34 50 54 14
42 38 18 22 54 26 30 50 18 18 22 38 38 46 18 2
14 46 2 50 58 14 62 58 62 50 34 34 62 50 34 18
55 27 43 39 51 51 31 19 63 27 55 63 31 15 23 47
55 39 39 27 35 23 39 19 23 55 23 27 23 35 39 59
47 47 43 55 55 35 47 27 19 59 51 31 19 3 23 55
55 15 31 43 27 27 47 39 35 15 39 3 43 39 51 55
