0 0 0 0 0 0 0 0 0 0 0 0 0 0 0 0
0 0 0 0 0 0 0 0 0 0 0 0 0 0 0 0
0 0 0 0 0 0 0 0 0 0 0 0 0 0 0 0
0 0 0 0 0 0 0 0 0 0 0 0 0 0 0 0
1 1 1 1 1 1 1 1 1 1 1 1 1 1 1 1
1 1 1 1 1 1 1 1 1 1 1 1 1 1 1 1
1 1 1 1 1 1 1 1 1 1 1 1 1 1 1 1
1 1 1 1 1 1 1 1 1 1 1 1 1 1 1 1
2 2 2 2 2 2 2 2 2 2 2 2 2 2 2 2
2 2 2 2 2 2 2 2 2 2 2 2 2 2 2 2
2 2 2 2 2 2 2 2 2 2 2 2 2 2 2 2
2 2 2 2 2 2 2 2 2 2 2 2 2 2 2 2
3 3 3 3 3 3 3 3 3 3 3 3 3 3 3 3
3 3 3 3 3 3 3 3 3 3 3 3 3 3 3 3
3 3 3 3 3 3 3 3 3 3 3 3 3 3 3 3
3 3 3 3 3 3 3 3 3 3 3 3 3 3 3 3
60 20 52 20 44 16 16 60 44 44 28 36 44 44 52 60
60 44 20 60 24 12 36 48 60 16 48 60 24 32 32 60
32 20 36 52 12 44 52 44 44 24 16 32 16 16 32 40
60 44 48 40 56 40 32 40 56 24 32 24 60 56 40 32
49 61 49 41 37 49 37 25 61 33 13 25 57 57 25 53
37 29 53 13 17 49 57 41 37 17 61 57 37 29 57 41
13 17 41 25 49 49 57 53 53 33 57 37 53 25 61 37
33 41 17 41 17 57 21 53 17 21 37 13 45 21 13 17
18 46 38 42 26 58 62 54 58 62 62 26 62 46 18 14
50 38 34 14 42 18 34 54 30 34 54 34 46 2 26 42
42 42 34 62 18 42 22 50 50 14 42 22 30 18 30 58
58 54 58 50 2 26 30 30 14 22 2 34 34 2 46 26
55 63 47 39 47 59 19 19 35 19 31 31 43 63 27 31
31 39 27 47 3 59 55 35 27 47 51 35 51 39 43 27
59 15 51 15 31 55 51 3 31 55 31 15 35 35 55 31
59 51 19 27 3 35 27 55 51 47 55 55 39 63 27 3
