0 0 0 0 0 0 0 0 0 0 0 0 0 0 0 0
0 0 0 0 0 0 0 0 0 0 0 0 0 0 0 0
0 0 0 0 0 0 0 0 0 0 0 0 0 0 0 0
0 0 0 0 0 0 0 0 0 0 0 0 0 0 0 0
1 1 1 1 1 1 1 1 1 1 1 1 1 1 1 1
1 1 1 1 1 1 1 1 1 1 1 1 1 1 1 1
1 1 1 1 1 1 1 1 1 1 1 1 1 1 1 1
1 1 1 1 1 1 1 1 1 1 1 1 1 1 1 1
2 2 2 2 2 2 2 2 2 2 2 2 2 2 2 2
2 2 2 2 2 2 2 2 2 2 2 2 2 2 2 2
2 2 2 2 2 2 2 2 2 2 2 2 2 2 2 2
2 2 2 2 2 2 2 2 2 2 2 2 2 2 2 2
3 3 3 3 3 3 3 3 3 3 3 3 3 3 3 3
3 3 3 3 3 3 3 3 3 3 3 3 3 3 3 3
3 3 3 3 3 3 3 3 3 3 3 3 3 3 3 3
3 3 3 3 3 3 3 3 3 3 3 3 3 3 3 3
12 40 48 56 32 36 28 36 28 24 56 24 28 56 48 16
60 32 44 52 28 40 32 20 48 16 20 24 32 36 44 12
36 20 40 32 52 24 32 36 24 36 32 28 24 56 52 52
36 40 56 32 52 12 16 44 32 24 24 32 60 28 20 20
17 37 41 29 25 53 53 57 57 45 29 13 57 33 61 17
17 57 17 25 25 57 53 61 61 21 57 21 57 37 17 57
29 25 21 61 45 33 49 13 29 17 13 49 25 33 33 21
49 57 21 57 37 57 41 29 49 49 33 21 25 53 17 53
18 62 22 18 14 2 50 22 18 26 54 26 50 38 2 62
46 22 22 42 22 26 22 50 54 34 62 50 54 2 62 62
26 34 54 58 34 22 14 58 26 62 38 54 14 38 62 50
22 50 14 58 14 34 42 62 46 54 34 58 42 62 26 34
43 31 63 39 23 59 31 35 23 51 43 59 59 55 3 39
59 63 19 23 15 43 63 43 35 43 51 39 51 15 19 27
23 15 31 35 3 19 55 55 43 63 55 31 23 19 23 47
15 3 63 51 15 63 15 51 59 15 3 39 63 47 15 15
