0 0 0 0 0 0 0 0 0 0 0 0 0 0 0 0
0 0 0 0 0 0 0 0 0 0 0 0 0 0 0 0
0 0 0 0 0 0 0 0 0 0 0 0 0 0 0 0
0 0 0 0 0 0 0 0 0 0 0 0 0 0 0 0
1 1 1 1 1 1 1 1 1 1 1 1 1 1 1 1
1 1 1 1 1 1 1 1 1 1 1 1 1 1 1 1
1 1 1 1 1 1 1 1 1 1 1 1 1 1 1 1
1 1 1 1 1 1 1 1 1 1 1 1 1 1 1 1
2 2 2 2 2 2 2 2 2 2 2 2 2 2 2 2
2 2 2 2 2 2 2 2 2 2 2 2 2 2 2 2
2 2 2 2 2 2 2 2 2 2 2 2 2 2 2 2
2 2 2 2 2 2 2 2 2 2 2 2 2 2 2 2
3 3 3 3 3 3 3 3 3 3 3 3 3 3 3 3
3 3 3 3 3 3 3 3 3 3 3 3 3 3 3 3
3 3 3 3 3 3 3 3 3 3 3 3 3 3 3 3
3 3 3 3 3 3 3 3 3 3 3 3 3 3 3 3
24 12 60 56 24 40 52 36 52 56 56 52 40 48 32 40
16 40 56 48 28 40 60 40 20 24 40 44 40 40 32 56
20 24 40 16 56 48 20 48 48 28 60 20 60 32 32 12
56 12 48 12 20 20 36 16 40 24 16 40 40 56 44 24
33 37 57 45 21 33 45 37 57 45 13 41 49 41 29 49
45 57 57 29 61 29 33 57 17 41 57 21 61 13 49 41
33 61 45 61 49 33 49 57 37 17 61 25 45 45 13 33
45 17 49 33 25 37 49 33 29 37 61 13 41 33 17 17
42 22 38 50 22 62 38 46 46 42 58 62 50 54 2 30
50 22 58 54 58 34 46 18 58 58 54 26 22 46 14 2
30 58 46 30 54 62 38 34 26 26 2 50 30 62 42 18
18 26 18 38 2 22 58 38 58 38 30 18 30 58 62 54
27 43 63 19 3 15 47 27 63 35 27 27 3 35 39 39
47 35 51 15 59 19 43 23 55 43 51 55 19 19 27 23
19 27 51 63 39 31 63 27 23 55 27 35 3 35 35 39
27 27 3 43 59 35 15 39 27 55 27 27 27 31 3 31
