0 0 0 0 0 0 0 0 0 0 0 0 0 0 0 0
0 0 0 0 0 0 0 0 0 0 0 0 0 0 0 0
0 0 0 0 0 0 0 0 0 0 0 0 0 0 0 0
0 0 0 0 0 0 0 0 0 0 0 0 0 0 0 0
1 1 1 1 1 1 1 1 1 1 1 1 1 1 1 1
1 1 1 1 1 1 1 1 1 1 1 1 1 1 1 1
1 1 1 1 1 1 1 1 1 1 1 1 1 1 1 1
1 1 1 1 1 1 1 1 1 1 1 1 1 1 1 1
2 2 2 2 2 2 2 2 2 2 2 2 2 2 2 2
2 2 2 2 2 2 2 2 2 2 2 2 2 2 2 2
2 2 2 2 2 2 2 2 2 2 2 2 2 2 2 2
2 2 2 2 2 2 2 2 2 2 2 2 2 2 2 2
3 3 3 3 3 3 3 3 3 3 3 3 3 3 3 3
3 3 3 3 3 3 3 3 3 3 3 3 3 3 3 3
3 3 3 3 3 3 3 3 3 3 3 3 3 3 3 3
3 3 3 3 3 3 3 3 3 3 3 3 3 3 3 3
44 32 24 36 60 44 20 24 48 60 32 12 56 32 12 28
52 28 24 60 48 40 56 28 36 48 60 56 56 48 24 36
16 56 32 24 48 44 32 52 24 36 56 40 32 20 28 60
40 24 20 28 28 24 20 28 28 40 40 24 16 40 60 52
29 49 41 29 57 45 21 53 45 37 13 37 49 17 25 21
57 17 49 21 41 29 25 53 53 25 29 29 29 21 45 21
45 61 41 17 45 53 49 29 57 37 33 21 17 37 45 41
57 29 33 45 41 29 45 49 25 29 17 41 57 57 49 49
22 50 34 26 38 42 54 50 46 46 18 2 46 58 18 46
34 62 14 14 18 58 18 62 38 50 54 46 34 34 54 58
22 14 18 2 46 46 58 22 54 30 42 58 2 26 54 54
22 58 50 54 14 30 42 50 30 14 50 14 62 14 26 54
51 15 47 51 55 59 23 63 3 47 47 43 55 19 31 19
19 3 43 39 15 15 27 19 55 35 51 47 47 31 51 15
3 55 59 35 19 35 27 31 3 47 19 47 43 55 39 43
19 43 51 55 55 27 39 51 63 23 63 47 35 15 43 3
