0 0 0 0 0 0 0 0 0 0 0 0 0 0 0 0
0 0 0 0 0 0 0 0 0 0 0 0 0 0 0 0
0 0 0 0 0 0 0 0 0 0 0 0 0 0 0 0
0 0 0 0 0 0 0 0 0 0 0 0 0 0 0 0
1 1 1 1 1 1 1 1 1 1 1 1 1 1 1 1
1 1 1 1 1 1 1 1 1 1 1 1 1 1 1 1
1 1 1 1 1 1 1 1 1 1 1 1 1 1 1 1
1 1 1 1 1 1 1 1 1 1 1 1 1 1 1 1
2 2 2 2 2 2 2 2 2 2 2 2 2 2 2 2
2 2 2 2 2 2 2 2 2 2 2 2 2 2 2 2
2 2 2 2 2 2 2 2 2 2 2 2 2 2 2 2
2 2 2 2 2 2 2 2 2 2 2 2 2 2 2 2
3 3 3 3 3 3 3 3 3 3 3 3 3 3 3 3
3 3 3 3 3 3 3 3 3 3 3 3 3 3 3 3
3 3 3 3 3 3 3 3 3 3 3 3 3 3 3 3
3 3 3 3 3 3 3 3 3 3 3 3 3 3 3 3
16 44 24 36 60 16 56 56 12 36 28 20 60 48 16 40
52 52 44 28 28 60 12 12 52 16 44 36 28 60 44 32
36 40 56 52 28 44 28 16 52 60 40 16 28 56 56 28
32 56 44 60 20 20 44 60 16 12 44 48 28 12 12 40
29 41 13 21 61 53 45 25 61 49 17 49 29 33 41 13
17 53 41 53 53 61 21 21 37 21 37 53 21 37 33 29
57 21 41 57 37 49 45 49 33 13 33 21 57 13 37 45
33 21 29 37 25 41 45 25 61 41 21 17 37 53 37 53
2 54 22 26 42 54 2 14 62 62 22 14 30 2 54 14
14 54 30 58 2 38 58 22 46 42 42 18 14 22 14 54
22 50 34 14 34 34 50 42 42 30 50 58 30 26 34 26
22 46 42 42 30 62 34 58 46 38 2 54 22 58 42 38
31 63 23 3 55 35 35 59 27 63 31 51 15 31 59 15
47 23 19 55 23 39 59 35 63 3 19 31 63 15 15 27
27 51 39 23 39 15 27 27 15 51 55 15 23 23 43 31
51 27 3 23 3 51 55 55 59 19 15 55 27 23 51 39
