0 0 0 0 0 0 0 0 0 0 0 0 0 0 0 0
0 0 0 0 0 0 0 0 0 0 0 0 0 0 0 0
0 0 0 0 0 0 0 0 0 0 0 0 0 0 0 0
0 0 0 0 0 0 0 0 0 0 0 0 0 0 0 0
1 1 1 1 1 1 1 1 1 1 1 1 1 1 1 1
1 1 1 1 1 1 1 1 1 1 1 1 1 1 1 1
1 1 1 1 1 1 1 1 1 1 1 1 1 1 1 1
1 1 1 1 1 1 1 1 1 1 1 1 1 1 1 1
2 2 2 2 2 2 2 2 2 2 2 2 2 2 2 2
2 2 2 2 2 2 2 2 2 2 2 2 2 2 2 2
2 2 2 2 2 2 2 2 2 2 2 2 2 2 2 2
2 2 2 2 2 2 2 2 2 2 2 2 2 2 2 2
3 3 3 3 3 3 3 3 3 3 3 3 3 3 3 3
3 3 3 3 3 3 3 3 3 3 3 3 3 3 3 3
3 3 3 3 3 3 3 3 3 3 3 3 3 3 3 3
3 3 3 3 3 3 3 3 3 3 3 3 3 3 3 3
24 60 36 44 28 48 12 16 40 48 16 36 16 60 56 28
56 40 16 36 28 12 52 56 60 52 44 60 36 52 32 32
52 12 28 44 36 36 36 28 60 36 44 56 40 20 32 16
20 52 36 40 28 24 28 40 56 28 44 40 40 20 52 48
37 21 45 57 45 53 13 29 17 41 13 21 33 49 41 57
25 29 33 13 57 17 17 53 49 53 37 13 17 13 17 33
25 25 45 53 45 61 45 61 25 45 21 53 29 41 61 17
21 17 53 53 37 61 17 61 41 45 49 61 53 25 25 57
30 42 50 22 26 22 54 34 38 50 26 46 30 34 14 22
54 62 62 46 46 46 62 58 58 46 46 18 22 34 22 46
58 38 50 34 18 54 42 38 30 14 62 42 26 38 62 14
58 58 62 38 38 46 2 46 50 30 14 46 22 18 58 2
39 35 3 59 31 39 63 51 35 23 63 27 3 63 55 27
3 63 47 43 43 39 59 59 27 39 19 23 47 39 43 35
39 23 39 3 31 39 19 27 63 55 39 35 39 31 31 43
27 15 19 43 27 47 3 59 63 59 47 47 31 51 35 55
