0 0 0 0 0 0 0 0 0 0 0 0 0 0 0 0
0 0 0 0 0 0 0 0 0 0 0 0 0 0 0 0
0 0 0 0 0 0 0 0 0 0 0 0 0 0 0 0
0 0 0 0 0 0 0 0 0 0 0 0 0 0 0 0
1 1 1 1 1 1 1 1 1 1 1 1 1 1 1 1
1 1 1 1 1 1 1 1 1 1 1 1 1 1 1 1
1 1 1 1 1 1 1 1 1 1 1 1 1 1 1 1
1 1 1 1 1 1 1 1 1 1 1 1 1 1 1 1
2 2 2 2 2 2 2 2 2 2 2 2 2 2 2 2
2 2 2 2 2 2 2 2 2 2 2 2 2 2 2 2
2 2 2 2 2 2 2 2 2 2 2 2 2 2 2 2
2 2 2 2 2 2 2 2 2 2 2 2 2 2 2 2
3 3 3 3 3 3 3 3 3 3 3 3 3 3 3 3
3 3 3 3 3 3 3 3 3 3 3 3 3 3 3 3
3 3 3 3 3 3 3 3 3 3 3 3 3 3 3 3
3 3 3 3 3 3 3 3 3 3 3 3 3 3 3 3
24 44 28 12 60 56 56 16 12 16 52 40 44 52 48 52
28 32 52 20 12 20 40 52 60 52 28 24 52 24 56 56
32 24 16 52 60 28 40 36 24 48 52 20 36 40 12 12
44 56 32 12 48 60 28 36 28 60 32 52 48 28 44 56
13 25 25 13 41 29 21 53 41 33 41 21 21 17 13 25
45 29 13 53 41 37 17 61 25 41 37 25 45 17 45 41
33 29 45 41 61 21 37 29 37 25 37 53 17 53 21 45
25 61 53 37 21 49 21 37 17 29 29 41 53 49 25 21
46 46 2 18 54 50 46 42 34 38 2 22 42 18 50 34
22 18 54 34 14 50 42 38 38 42 22 42 46 50 50 34
2 30 42 34 38 34 46 50 46 50 54 62 54 54 14 58
46 54 26 42 54 26 2 42 62 38 26 2 42 42 38 46
15 43 39 39 35 35 43 19 51 3 19 43 43 51 55 39
35 27 43 35 51 59 27 55 15 43 43 15 51 15 47 39
23 35 19 31 31 23 35 3 43 43 51 55 63 23 3 59
19 47 39 63 3 39 43 51 39 59 3 15 43 35 43 47
