0 0 0 0 0 0 0 0 0 0 0 0 0 0 0 0
0 0 0 0 0 0 0 0 0 0 0 0 0 0 0 0
0 0 0 0 0 0 0 0 0 0 0 0 0 0 0 0
0 0 0 0 0 0 0 0 0 0 0 0 0 0 0 0
1 1 1 1 1 1 1 1 1 1 1 1 1 1 1 1
1 1 1 1 1 1 1 1 1 1 1 1 1 1 1 1
1 1 1 1 1 1 1 1 1 1 1 1 1 1 1 1
1 1 1 1 1 1 1 1 1 1 1 1 1 1 1 1
2 2 2 2 2 2 2 2 2 2 2 2 2 2 2 2
2 2 2 2 2 2 2 2 2 2 2 2 2 2 2 2
2 2 2 2 2 2 2 2 2 2 2 2 2 2 2 2
2 2 2 2 2 2 2 2 2 2 2 2 2 2 2 2
3 3 3 3 3 3 3 3 3 3 3 3 3 3 3 3
3 3 3 3 3 3 3 3 3 3 3 3 3 3 3 3
3 3 3 3 3 3 3 3 3 3 3 3 3 3 3 3
3 3 3 3 3 3 3 3 3 3 3 3 3 3 3 3
60 20 40 24 60 20 16 36 56 32 16 16 52 32 48 28
28 44 36 44 56 36 24 44 56 32 56 52 40 48 60 48
56 28 40 36 32 44 20 12 60 20 28 36 32 60 52 24
48 48 36 44 32 16 60 20 56 24 40 44 16 28 36 16
13 17 49 57 37 29 61 17 45 53 13 53 33 17 57 13
53 29 45 25 33 29 45 57 41 21 49 57 61 49 25 13
37 13 25 13 57 45 13 37 53 13 45 45 61 61 61 13
49 17 41 13 13 61 49 45 57 29 29 57 57 37 53 17
54 34 18 30 46 50 18 18 50 22 26 14 18 62 54 62
2 46 62 50 26 30 18 14 38 42 46 18 62 46 34 54
54 22 54 18 34 54 62 46 34 46 38 34 50 38 22 34
30 38 50 18 38 30 18 18 62 46 50 54 58 58 50 42
19 51 35 23 39 23 23 35 59 39 51 63 55 3 3 47
35 59 55 63 39 43 63 55 19 19 15 15 23 59 43 47
23 47 59 43 19 3 51 59 55 39 31 35 63 47 3 15
59 15 63 63 39 15 3 27 3 59 39 43 15 43 39 23
