0 0 0 0 0 0 0 0 0 0 0 0 0 0 0 0
0 0 0 0 0 0 0 0 0 0 0 0 0 0 0 0
0 0 0 0 0 0 0 0 0 0 0 0 0 0 0 0
0 0 0 0 0 0 0 0 0 0 0 0 0 0 0 0
1 1 1 1 1 1 1 1 1 1 1 1 1 1 1 1
1 1 1 1 1 1 1 1 1 1 1 1 1 1 1 1
1 1 1 1 1 1 1 1 1 1 1 1 1 1 1 1
1 1 1 1 1 1 1 1 1 1 1 1 1 1 1 1
2 2 2 2 2 2 2 2 2 2 2 2 2 2 2 2
2 2 2 2 2 2 2 2 2 2 2 2 2 2 2 2
2 2 2 2 2 2 2 2 2 2 2 2 2 2 2 2
2 2 2 2 2 2 2 2 2 2 2 2 2 2 2 2
3 3 3 3 3 3 3 3 3 3 3 3 3 3 3 3
3 3 3 3 3 3 3 3 3 3 3 3 3 3 3 3
3 3 3 3 3 3 3 3 3 3 3 3 3 3 3 3
3 3 3 3 3 3 3 3 3 3 3 3 3 3 3 3
16 16 16 24 36 48 20 16 52 44 20 12 12 40 40 40
20 12 24 24 52 12 40 48 32 52 60 28 48 16 32 20
36 60 20 44 36 28 36 44 60 48 16 32 44 20 60 52
44 12 52 48 56 28 28 56 40 40 28 24 48 24 16 12
13 41 61 49 53 37 13 21 37 45 41 53 13 49 49 33
33 49 21 29 29 13 13 53 25 53 45 41 37 29 49 45
21 41 37 29 13 37 13 45 21 17 13 33 53 29 29 61
49 17 13 13 61 25 45 53 29 25 41 61 17 25 17 25
22 18 26 30 14 54 42 14 50 46 34 34 46 54 18 2
38 46 2 30 38 18 18 50 26 2 22 42 50 58 34 34
46 30 42 54 14 58 58 58 14 42 42 38 62 46 58 42
38 18 50 34 42 54 38 2 42 22 38 2 30 26 50 26
43 27 47 59 3 15 43 23 35 27 39 19 15 39 27 15
47 3 51 59 47 27 31 59 3 19 3 35 51 39 47 47
31 63 31 63 43 59 35 59 35 63 23 23 39 39 63 59
63 63 3 27 63 51 15 27 55 55 59 3 19 3 3 55
