0 3 0 3 3 0 2 0 0 2 2 1 2 3 1 1
2 2 0 1 3 3 1 3 1 2 3 2 0 1 1 3
2 1 1 1 1 2 3 1 0 2 0 1 0 0 1 2
0 1 2 1 0 1 2 0 0 3 3 0 2 2 2 1
2 1 3 1 0 1 3 0 2 1 0 2 1 0 3 3
0 1 3 0 3 1 1 3 2 0 2 2 3 1 0 2
3 1 3 3 2 3 2 3 2 0 2 3 1 3 0 1
0 3 2 0 2 0 3 1 2 1 2 2 2 2 1 1
1 3 1 1 3 3 2 3 2 1 2 1 0 2 2 0
1 3 2 0 0 2 3 1 0 2 1 2 1 1 0 0
0 3 1 0 0 0 3 1 0 2 1 1 2 3 1 1
1 2 0 1 1 0 0 0 1 0 3 0 2 3 3 0
0 3 2 0 2 1 1 0 0 2 0 0 1 0 1 2
0 2 2 1 2 0 1 3 2 3 1 2 3 3 2 0
3 1 1 0 1 2 3 2 2 1 1 1 0 2 0 0
1 0 1 3 3 3 3 0 0 3 0 3 2 0 3 1
48 3 12 39 15 24 26 56 56 14 30 61 62 55 61 41
38 14 20 61 55 51 17 63 25 2 39 22 44 17 61 47
30 29 41 37 37 30 55 29 24 54 16 37 28 52 17 14
48 41 30 21 52 53 62 12 60 55 63 32 22 62 46 33
62 49 63 33 32 17 27 16 58 29 52 2 21 20 3 3
52 61 51 52 27 33 45 47 58 32 2 38 27 17 20 54
59 17 63 3 22 35 62 51 38 32 58 31 17 43 36 33
56 3 58 44 26 36 31 29 30 13 2 38 22 42 25 17
13 3 37 13 3 15 62 15 34 21 46 25 32 22 62 32
37 47 54 36 60 62 55 41 40 54 33 42 13 53 44 40
40 55 29 36 40 40 59 49 40 42 61 25 22 39 49 37
37 26 20 53 61 44 12 44 25 40 59 12 54 3 23 40
28 23 46 36 2 57 61 24 24 42 16 24 33 44 37 38
48 54 30 61 42 28 49 47 54 59 49 14 59 31 30 32
23 37 29 36 21 26 51 26 34 29 53 61 52 18 20 52
37 28 21 3 15 19 47 56 40 43 36 51 22 40 35 25
