0 0 0 0 0 0 0 0 0 0 0 0 0 0 0 0
1 1 1 1 1 1 1 1 1 1 1 1 1 1 1 1
2 2 2 2 2 2 2 2 2 2 2 2 2 2 2 2
3 3 3 3 3 3 3 3 3 3 3 3 3 3 3 3
0 0 0 0 0 0 0 0 0 0 0 0 0 0 0 0
1 1 1 1 1 1 1 1 1 1 1 1 1 1 1 1
2 2 2 2 2 2 2 2 2 2 2 2 2 2 2 2
3 3 3 3 3 3 3 3 3 3 3 3 3 3 3 3
0 0 0 0 0 0 0 0 0 0 0 0 0 0 0 0
1 1 1 1 1 1 1 1 1 1 1 1 1 1 1 1
2 2 2 2 2 2 2 2 2 2 2 2 2 2 2 2
3 3 3 3 3 3 3 3 3 3 3 3 3 3 3 3
0 0 0 0 0 0 0 0 0 0 0 0 0 0 0 0
1 1 1 1 1 1 1 1 1 1 1 1 1 1 1 1
2 2 2 2 2 2 2 2 2 2 2 2 2 2 2 2
3 3 3 3 3 3 3 3 3 3 3 3 3 3 3 3
56 60 36 60 44 52 24 12 12 48 32 16 28 36 52 16
37 17 53 21 57 33 21 13 57 29 61 25 33 17 37 21
14 54 18 22 50 62 30 30 30 50 54 22 2 58 58 50
31 35 51 43 59 51 23 47 27 43 15 59 59 55 51 51
60 12 20 24 36 16 32 60 16 44 56 20 40 52 48 28
49 21 61 37 53 25 45 17 57 21 41 61 13 45 29 45
38 34 46 42 34 38 18 34 26 58 46 30 38 2 42 54
3 27 59 3 39 63 43 19 39 35 43 31 43 23 3 15
20 28 32 28 44 52 32 32 36 32 12 40 16 52 20 32
49 61 25 25 45 25 13 13 49 53 45 17 41 53 53 17
58 2 26 30 42 42 50 30 18 14 22 50 54 50 26 30
3 59 47 19 19 23 63 15 15 23 47 19 23 35 55 31
44 40 28 48 36 24 48 36 28 52 40 60 40 40 32 60
41 49 41 33 57 37 37 41 49 25 61 41 53 21 33 13
14 34 46 30 46 14 22 22 2 54 34 30 54 30 50 14
43 51 35 47 59 59 27 19 23 43 51 3 35 39 51 55
