0 0 0 0 0 0 0 0 0 0 0 0 0 0 0 0
1 1 1 1 1 1 1 1 1 1 1 1 1 1 1 1
2 2 2 2 2 2 2 2 2 2 2 2 2 2 2 2
3 3 3 3 3 3 3 3 3 3 3 3 3 3 3 3
0 0 0 0 0 0 0 0 0 0 0 0 0 0 0 0
1 1 1 1 1 1 1 1 1 1 1 1 1 1 1 1
2 2 2 2 2 2 2 2 2 2 2 2 2 2 2 2
3 3 3 3 3 3 3 3 3 3 3 3 3 3 3 3
0 0 0 0 0 0 0 0 0 0 0 0 0 0 0 0
1 1 1 1 1 1 1 1 1 1 1 1 1 1 1 1
2 2 2 2 2 2 2 2 2 2 2 2 2 2 2 2
3 3 3 3 3 3 3 3 3 3 3 3 3 3 3 3
0 0 0 0 0 0 0 0 0 0 0 0 0 0 0 0
1 1 1 1 1 1 1 1 1 1 1 1 1 1 1 1
2 2 2 2 2 2 2 2 2 2 2 2 2 2 2 2
3 3 3 3 3 3 3 3 3 3 3 3 3 3 3 3
28 20 52 32 12 12 36 44 56 20 24 28 52 24 44 36
41 25 13 37 41 41 61 25 37 49 29 45 37 17 25 61
50 46 46 14 14 18 14 2 22 30 50 34 62 58 50 14
3 3 63 59 59 15 39 3 59 35 15 3 19 55 51 15
24 40 44 56 44 60 20 36 16 28 32 32 20 16 56 32
49 25 29 17 21 37 33 37 49 21 25 33 13 61 21 49
62 54 50 62 46 46 38 42 42 50 54 26 42 22 22 58
39 3 51 31 27 43 59 39 43 15 47 31 3 15 47 43
40 12 32 28 60 40 24 44 28 16 28 48 52 48 48 12
57 37 53 21 29 13 29 29 53 29 45 49 57 41 61 29
2 58 18 22 46 14 30 22 18 26 46 26 62 46 46 54
3 15 3 35 15 47 35 15 51 39 31 59 19 31 39 15
28 36 32 36 40 28 52 12 48 60 56 44 32 16 36 20
21 41 61 49 45 37 29 33 25 57 45 29 17 53 49 13
18 18 18 54 62 18 34 30 14 54 2 34 50 42 62 30
15 39 19 31 35 51 23 39 63 31 35 23 47 63 35 39
