0 0 0 0 0 0 0 0 0 0 0 0 0 0 0 0
1 1 1 1 1 1 1 1 1 1 1 1 1 1 1 1
2 2 2 2 2 2 2 2 2 2 2 2 2 2 2 2
3 3 3 3 3 3 3 3 3 3 3 3 3 3 3 3
0 0 0 0 0 0 0 0 0 0 0 0 0 0 0 0
1 1 1 1 1 1 1 1 1 1 1 1 1 1 1 1
2 2 2 2 2 2 2 2 2 2 2 2 2 2 2 2
3 3 3 3 3 3 3 3 3 3 3 3 3 3 3 3
0 0 0 0 0 0 0 0 0 0 0 0 0 0 0 0
1 1 1 1 1 1 1 1 1 1 1 1 1 1 1 1
2 2 2 2 2 2 2 2 2 2 2 2 2 2 2 2
3 3 3 3 3 3 3 3 3 3 3 3 3 3 3 3
0 0 0 0 0 0 0 0 0 0 0 0 0 0 0 0
1 1 1 1 1 1 1 1 1 1 1 1 1 1 1 1
2 2 2 2 2 2 2 2 2 2 2 2 2 2 2 2
3 3 3 3 3 3 3 3 3 3 3 3 3 3 3 3
32 32 60 44 56 12 52 52 36 12 16 52 52 52 32 40
45 37 49 45 25 49 49 17 37 13 57 33 53 53 57 13
46 14 42 26 26 22 38 22 42 50 54 42 22 14 14 26
63 55 23 51 51 3 51 31 51 55 3 47 23 15 19 15
52 24 36 16 28 20 16 40 16 52 24 56 56 24 12 60
61 57 37 37 53 21 49 45 17 53 49 45 49 17 41 61
2 34 14 46 58 30 34 62 42 34 46 58 42 34 18 38
3 3 43 63 47 3 27 27 51 3 51 31 43 27 19 39
48 28 12 56 28 48 24 48 24 48 12 12 48 36 16 16
13 25 45 61 29 57 25 37 45 21 17 37 57 61 41 13
50 46 14 62 22 42 30 46 54 42 62 42 18 34 62 50
43 59 47 31 31 15 43 23 27 3 27 59 47 59 51 35
36 40 28 52 40 52 40 32 52 12 48 48 60 16 32 44
21 25 21 41 53 25 25 53 13 17 25 33 29 25 33 49
38 18 30 38 50 22 38 38 54 14 2 26 42 54 26 54
15 19 31 43 55 51 59 55 23 43 59 3 15 43 23 35
