0 0 0 0 0 0 0 0 0 0 0 0 0 0 0 0
1 1 1 1 1 1 1 1 1 1 1 1 1 1 1 1
2 2 2 2 2 2 2 2 2 2 2 2 2 2 2 2
3 3 3 3 3 3 3 3 3 3 3 3 3 3 3 3
0 0 0 0 0 0 0 0 0 0 0 0 0 0 0 0
1 1 1 1 1 1 1 1 1 1 1 1 1 1 1 1
2 2 2 2 2 2 2 2 2 2 2 2 2 2 2 2
3 3 3 3 3 3 3 3 3 3 3 3 3 3 3 3
0 0 0 0 0 0 0 0 0 0 0 0 0 0 0 0
1 1 1 1 1 1 1 1 1 1 1 1 1 1 1 1
2 2 2 2 2 2 2 2 2 2 2 2 2 2 2 2
3 3 3 3 3 3 3 3 3 3 3 3 3 3 3 3
0 0 0 0 0 0 0 0 0 0 0 0 0 0 0 0
1 1 1 1 1 1 1 1 1 1 1 1 1 1 1 1
2 2 2 2 2 2 2 2 2 2 2 2 2 2 2 2
3 3 3 3 3 3 3 3 3 3 3 3 3 3 3 3
44 20 48 12 48 32 24 28 36 28 24 44 28 60 36 24
29 17 29 33 45 53 49 29 41 53 17 25 57 61 37 25
58 26 14 18 2 30 38 42 54 18 54 30 38 50 38 54
27 27 63 35 55 55 19 31 55 35 55 3 15 43 63 35
52 16 20 32 20 20 24 12 40 20 12 36 48 20 24 48
29 49 41 13 57 41 21 29 41 17 29 37 17 29 33 33
50 26 30 34 14 50 14 30 38 62 14 26 42 26 54 46
31 15 15 35 19 39 35 15 47 19 23 19 15 23 59 51
40 16 12 28 16 32 28 36 56 36 36 16 56 36 20 52
33 17 37 41 13 57 13 37 29 37 45 17 25 17 57 29
26 62 34 46 2 34 58 42 54 50 22 26 14 26 30 2
55 3 23 19 39 43 35 43 55 39 63 63 3 55 19 39
56 28 16 48 44 20 12 44 12 40 32 60 12 48 36 16
25 45 57 57 25 17 21 13 33 57 17 29 57 29 21 45
62 26 18 14 54 14 22 54 26 62 38 42 58 2 26 14
63 23 35 19 27 15 47 39 15 51 27 3 59 35 23 43
