0 0 0 0 0 0 0 0 0 0 0 0 0 0 0 0
1 1 1 1 1 1 1 1 1 1 1 1 1 1 1 1
2 2 2 2 2 2 2 2 2 2 2 2 2 2 2 2
3 3 3 3 3 3 3 3 3 3 3 3 3 3 3 3
0 0 0 0 0 0 0 0 0 0 0 0 0 0 0 0
1 1 1 1 1 1 1 1 1 1 1 1 1 1 1 1
2 2 2 2 2 2 2 2 2 2 2 2 2 2 2 2
3 3 3 3 3 3 3 3 3 3 3 3 3 3 3 3
0 0 0 0 0 0 0 0 0 0 0 0 0 0 0 0
1 1 1 1 1 1 1 1 1 1 1 1 1 1 1 1
2 2 2 2 2 2 2 2 2 2 2 2 2 2 2 2
3 3 3 3 3 3 3 3 3 3 3 3 3 3 3 3
0 0 0 0 0 0 0 0 0 0 0 0 0 0 0 0
1 1 1 1 1 1 1 1 1 1 1 1 1 1 1 1
2 2 2 2 2 2 2 2 2 2 2 2 2 2 2 2
3 3 3 3 3 3 3 3 3 3 3 3 3 3 3 3
48 48 56 48 44 60 32 44 24 20 40 52 20 52 16 16
33 29 61 13 29 33 61 45 57 29 37 49 61 49 45 17
22 42 34 46 38 26 42 42 30 54 54 14 30 42 50 14
39 55 39 19 15 35 23 23 23 47 15 19 19 3 15 43
32 28 16 12 60 12 20 48 56 40 48 36 44 28 56 40
37 45 45 21 41 49 41 53 45 45 33 21 61 29 53 17
50 22 18 54 38 46 30 50 30 18 62 42 14 18 50 50
39 39 19 31 55 59 39 59 39 27 47 15 47 31 55 63
44 20 40 32 24 56 32 60 52 28 40 36 32 36 52 48
41 37 21 41 53 45 61 25 37 57 45 37 21 49 61 33
62 18 22 42 38 58 42 50 18 62 30 30 46 34 14 34
19 19 63 19 39 47 15 39 3 15 59 27 47 39 3 15
52 32 12 20 48 60 24 56 20 48 56 32 16 60 56 28
21 57 37 25 21 29 33 33 21 29 37 61 61 61 21 17
26 46 2 18 34 38 22 62 42 62 30 50 34 62 30 2
3 59 63 19 43 63 39 59 55 27 19 55 43 51 31 39
