0 0 0 0 0 0 0 0 0 0 0 0 0 0 0 0
1 1 1 1 1 1 1 1 1 1 1 1 1 1 1 1
2 2 2 2 2 2 2 2 2 2 2 2 2 2 2 2
3 3 3 3 3 3 3 3 3 3 3 3 3 3 3 3
0 0 0 0 0 0 0 0 0 0 0 0 0 0 0 0
1 1 1 1 1 1 1 1 1 1 1 1 1 1 1 1
2 2 2 2 2 2 2 2 2 2 2 2 2 2 2 2
3 3 3 3 3 3 3 3 3 3 3 3 3 3 3 3
0 0 0 0 0 0 0 0 0 0 0 0 0 0 0 0
1 1 1 1 1 1 1 1 1 1 1 1 1 1 1 1
2 2 2 2 2 2 2 2 2 2 2 2 2 2 2 2
3 3 3 3 3 3 3 3 3 3 3 3 3 3 3 3
0 0 0 0 0 0 0 0 0 0 0 0 0 0 0 0
1 1 1 1 1 1 1 1 1 1 1 1 1 1 1 1
2 2 2 2 2 2 2 2 2 2 2 2 2 2 2 2
3 3 3 3 3 3 3 3 3 3 3 3 3 3 3 3
20 28 36 52 28 48 56 44 32 36 16 12 56 28 12 40
45 13 33 33 41 33 45 37 33 13 49 29 45 17 21 17
14 54 54 54 62 2 30 38 50 42 14 42 2 34 30 26
35 27 23 15 23 51 55 19 3 55 63 43 15 39 39 39
44 16 32 12 56 36 44 48 52 52 36 44 24 20 24 12
29 37 29 57 49 45 41 61 33 17 61 13 41 29 29 61
30 34 54 58 34 26 42 26 58 26 54 38 62 14 62 18
31 55 47 47 23 47 59 31 59 27 31 27 31 31 19 35
56 32 52 36 24 12 56 20 20 48 44 36 16 36 44 12
37 25 29 37 45 29 61 49 25 49 13 57 17 17 49 29
22 46 62 18 42 26 26 50 38 14 46 34 58 22 38 30
27 23 55 23 63 59 43 31 35 15 35 47 63 27 35 43
40 16 28 36 48 56 20 40 40 52 40 44 56 48 56 56
49 13 13 61 57 45 61 57 25 37 45 13 25 25 57 45
50 58 62 38 18 22 62 50 2 58 54 38 14 38 26 58
35 55 51 35 19 35 19 31 35 27 47 31 51 15 59 27
