0 0 0 0 0 0 0 0 0 0 0 0 0 0 0 0
1 1 1 1 1 1 1 1 1 1 1 1 1 1 1 1
2 2 2 2 2 2 2 2 2 2 2 2 2 2 2 2
3 3 3 3 3 3 3 3 3 3 3 3 3 3 3 3
0 0 0 0 0 0 0 0 0 0 0 0 0 0 0 0
1 1 1 1 1 1 1 1 1 1 1 1 1 1 1 1
2 2 2 2 2 2 2 2 2 2 2 2 2 2 2 2
3 3 3 3 3 3 3 3 3 3 3 3 3 3 3 3
0 0 0 0 0 0 0 0 0 0 0 0 0 0 0 0
1 1 1 1 1 1 1 1 1 1 1 1 1 1 1 1
2 2 2 2 2 2 2 2 2 2 2 2 2 2 2 2
3 3 3 3 3 3 3 3 3 3 3 3 3 3 3 3
0 0 0 0 0 0 0 0 0 0 0 0 0 0 0 0
1 1 1 1 1 1 1 1 1 1 1 1 1 1 1 1
2 2 2 2 2 2 2 2 2 2 2 2 2 2 2 2
3 3 3 3 3 3 3 3 3 3 3 3 3 3 3 3
16 44 12 40 56 60 48 56 16 12 48 56 16 32 56 56
33 13 21 53 61 29 49 49 25 17 21 53 29 21 21 21
38 46 54 26 50 14 2 38 58 50 50 42 26 62 26 62
63 39 35 27 59 35 35 23 47 35 23 27 19 59 31 43
44 28 52 20 32 40 32 36 52 24 24 28 36 24 40 28
25 45 61 29 53 45 17 45 45 41 17 57 53 49 61 57
58 18 50 42 54 22 30 50 50 38 2 2 42 14 46 2
39 23 15 31 63 47 19 31 63 51 19 59 39 27 19 51
52 44 56 44 52 60 48 40 24 32 20 60 56 60 40 28
33 49 29 45 41 41 21 33 53 41 57 49 57 49 33 57
34 50 18 54 14 26 2 18 38 46 26 50 18 54 22 54
31 51 47 15 23 47 47 3 31 47 3 47 47 63 31 27
60 36 56 52 16 40 60 20 16 48 20 24 36 44 20 56
53 29 53 53 49 41 33 25 37 25 29 61 49 17 57 13
14 34 54 14 14 42 58 26 2 50 62 2 18 18 54 54
19 47 27 23 55 31 31 27 27 23 15 3 59 59 3 35
