0 0 0 0 0 0 0 0 0 0 0 0 0 0 0 0
1 1 1 1 1 1 1 1 1 1 1 1 1 1 1 1
2 2 2 2 2 2 2 2 2 2 2 2 2 2 2 2
3 3 3 3 3 3 3 3 3 3 3 3 3 3 3 3
0 0 0 0 0 0 0 0 0 0 0 0 0 0 0 0
1 1 1 1 1 1 1 1 1 1 1 1 1 1 1 1
2 2 2 2 2 2 2 2 2 2 2 2 2 2 2 2
3 3 3 3 3 3 3 3 3 3 3 3 3 3 3 3
0 0 0 0 0 0 0 0 0 0 0 0 0 0 0 0
1 1 1 1 1 1 1 1 1 1 1 1 1 1 1 1
2 2 2 2 2 2 2 2 2 2 2 2 2 2 2 2
3 3 3 3 3 3 3 3 3 3 3 3 3 3 3 3
0 0 0 0 0 0 0 0 0 0 0 0 0 0 0 0
1 1 1 1 1 1 1 1 1 1 1 1 1 1 1 1
2 2 2 2 2 2 2 2 2 2 2 2 2 2 2 2
3 3 3 3 3 3 3 3 3 3 3 3 3 3 3 3
28 24 52 28 12 60 36 44 48 36 40 32 32 20 48 32
41 21 21 13 17 57 33 61 25 25 41 13 61 25 57 13
30 34 50 50 18 54 54 22 38 30 62 54 58 2 46 42
35 15 35 15 55 51 43 47 47 43 35 47 23 39 51 43
20 48 24 16 12 28 28 56 36 44 60 16 60 12 56 36
49 41 41 17 33 45 21 53 61 53 21 45 37 33 45 57
54 26 46 62 30 2 22 46 50 42 62 2 26 14 14 38
59 15 47 59 51 59 31 51 39 27 15 19 3 3 27 47
40 20 44 28 48 60 44 32 40 56 12 56 44 32 60 28
61 33 45 21 37 29 25 49 41 57 37 37 33 33 61 21
2 14 30 38 22 54 26 62 2 42 42 54 58 22 18 46
35 19 55 15 27 19 31 43 55 19 55 63 31 43 47 23
20 40 48 28 44 56 24 28 16 20 60 24 60 32 16 28
13 49 33 53 13 29 17 37 33 33 13 33 57 25 13 33
26 2 2 58 22 14 62 58 38 18 26 62 50 50 58 18
47 47 15 47 63 31 63 27 15 3 55 35 31 51 39 27
