0 0 0 0 0 0 0 0 0 0 0 0 0 0 0 0
1 1 1 1 1 1 1 1 1 1 1 1 1 1 1 1
2 2 2 2 2 2 2 2 2 2 2 2 2 2 2 2
3 3 3 3 3 3 3 3 3 3 3 3 3 3 3 3
0 0 0 0 0 0 0 0 0 0 0 0 0 0 0 0
1 1 1 1 1 1 1 1 1 1 1 1 1 1 1 1
2 2 2 2 2 2 2 2 2 2 2 2 2 2 2 2
3 3 3 3 3 3 3 3 3 3 3 3 3 3 3 3
0 0 0 0 0 0 0 0 0 0 0 0 0 0 0 0
1 1 1 1 1 1 1 1 1 1 1 1 1 1 1 1
2 2 2 2 2 2 2 2 2 2 2 2 2 2 2 2
3 3 3 3 3 3 3 3 3 3 3 3 3 3 3 3
0 0 0 0 0 0 0 0 0 0 0 0 0 0 0 0
1 1 1 1 1 1 1 1 1 1 1 1 1 1 1 1
2 2 2 2 2 2 2 2 2 2 2 2 2 2 2 2
3 3 3 3 3 3 3 3 3 3 3 3 3 3 3 3
16 48 52 28 32 36 20 28 52 16 56 56 28 16 60 52
45 37 49 25 29 49 37 21 25 25 61 21 61 17 61 13
46 42 30 54 26 62 42 58 30 30 22 30 46 54 2 62
47 35 63 63 31 23 55 19 51 55 59 63 59 55 31 15
20 56 24 44 36 12 12 12 40 36 52 52 60 60 28 52
49 61 13 41 49 41 37 57 29 29 45 37 33 41 25 29
34 22 42 18 22 34 54 30 30 14 30 14 14 2 22 42
27 51 39 47 59 43 15 31 19 3 51 59 39 31 19 19
16 32 52 40 52 16 20 24 28 40 52 32 32 36 16 12
25 33 49 33 45 49 21 61 21 21 41 53 13 29 61 45
2 14 58 2 46 58 18 34 2 50 46 30 18 34 62 34
55 23 43 27 3 51 35 51 23 55 15 51 55 55 47 39
40 36 32 48 56 48 20 36 36 28 60 60 44 32 20 32
45 29 41 17 13 53 45 21 17 49 13 21 41 41 13 61
42 42 26 30 46 14 18 34 2 22 42 14 14 26 26 22
23 39 51 59 27 3 23 19 23 59 35 23 39 43 35 19
