0 0 0 0 0 0 0 0 0 0 0 0 0 0 0 0
1 1 1 1 1 1 1 1 1 1 1 1 1 1 1 1
2 2 2 2 2 2 2 2 2 2 2 2 2 2 2 2
3 3 3 3 3 3 3 3 3 3 3 3 3 3 3 3
0 0 0 0 0 0 0 0 0 0 0 0 0 0 0 0
1 1 1 1 1 1 1 1 1 1 1 1 1 1 1 1
2 2 2 2 2 2 2 2 2 2 2 2 2 2 2 2
3 3 3 3 3 3 3 3 3 3 3 3 3 3 3 3
0 0 0 0 0 0 0 0 0 0 0 0 0 0 0 0
1 1 1 1 1 1 1 1 1 1 1 1 1 1 1 1
2 2 2 2 2 2 2 2 2 2 2 2 2 2 2 2
3 3 3 3 3 3 3 3 3 3 3 3 3 3 3 3
0 0 0 0 0 0 0 0 0 0 0 0 0 0 0 0
1 1 1 1 1 1 1 1 1 1 1 1 1 1 1 1
2 2 2 2 2 2 2 2 2 2 2 2 2 2 2 2
3 3 3 3 3 3 3 3 3 3 3 3 3 3 3 3
40 28 56 36 52 12 36 12 16 16 44 16 20 60 48 20
61 33 29 49 57 49 45 33 41 45 45 21 37 13 41 45
62 30 62 14 18 14 14 58 34 54 46 22 22 42 50 14
39 39 31 27 3 43 27 19 43 35 55 23 35 51 15 55
52 28 24 32 52 40 60 36 24 40 12 60 16 16 60 48
13 29 33 17 37 17 49 45 13 41 29 25 13 29 33 21
50 46 50 46 38 62 38 58 46 22 2 34 26 26 14 58
59 19 15 3 43 63 43 27 51 27 51 39 51 3 19 19
16 28 20 12 12 48 36 36 60 40 32 16 36 20 36 12
57 33 41 25 61 45 57 33 13 61 25 29 49 53 53 49
46 18 14 22 34 26 46 26 26 26 30 2 58 2 30 14
55 47 35 59 15 31 27 51 47 51 27 51 31 31 19 51
48 24 40 20 44 60 32 24 12 44 32 44 56 16 60 36
37 25 17 45 17 57 61 13 17 13 37 17 45 57 17 25
2 62 2 50 30 14 18 30 26 38 2 22 30 2 50 46
39 3 31 31 35 47 3 39 31 43 39 31 19 15 3 19
