0 0 2 1 0 2 3 3 2 2 1 2 0 1 3 1
0 3 0 0 0 1 1 1 2 0 2 2 0 3 1 0
3 2 2 1 2 0 1 1 1 3 0 2 2 1 3 3
3 3 1 0 2 0 1 0 2 1 1 3 1 1 3 2
3 1 0 1 1 1 2 3 3 0 1 2 2 1 1 0
0 0 0 0 3 1 2 1 1 0 1 3 1 1 0 1
2 0 2 0 0 0 2 1 3 2 0 2 3 0 0 1
2 3 2 0 0 3 3 0 0 0 2 1 0 2 3 2
2 0 2 3 2 0 3 3 0 3 2 1 3 1 1 0
0 2 0 1 3 3 3 3 0 0 3 1 1 2 2 3
3 1 2 0 3 1 3 2 2 0 0 1 3 3 2 1
0 3 2 0 2 2 3 1 0 0 1 2 0 0 1 0
1 0 1 1 2 0 1 3 0 1 1 0 1 3 3 0
1 0 0 1 0 0 0 1 3 0 2 0 2 0 2 0
1 2 2 2 3 0 1 0 1 1 0 0 0 3 2 2
2 3 1 0 0 1 1 3 0 1 3 1 3 1 2 1
28 36 22 21 12 50 63 31 50 26 45 2 60 61 15 53
44 3 60 16 24 37 45 29 38 32 62 42 60 35 21 28
23 2 54 57 18 24 29 29 13 31 48 62 2 33 27 43
51 19 33 24 50 52 33 52 22 49 25 27 41 33 35 18
47 25 12 17 61 45 38 39 47 48 41 34 22 33 37 16
52 52 52 24 23 45 30 13 53 24 37 47 33 61 32 57
2 24 54 56 40 28 18 41 39 22 52 26 59 24 48 29
54 19 50 16 28 59 31 12 52 48 62 49 40 34 23 18
30 16 14 63 34 52 59 15 56 39 38 57 31 57 25 60
28 42 32 29 39 55 59 43 16 28 19 37 21 38 58 19
47 17 2 32 15 33 51 38 14 52 24 29 39 27 42 61
12 19 30 32 54 18 31 45 16 56 45 34 24 56 33 40
41 44 13 53 26 40 33 47 16 21 49 24 25 15 27 12
41 44 20 41 24 44 36 53 63 44 26 24 26 24 22 36
61 54 30 26 23 40 21 52 25 41 16 56 56 23 58 26
46 31 33 12 32 29 13 19 56 49 55 37 47 37 58 25
