0 0 0 0 0 0 0 0 1 1 1 1 1 1 1 1
2 2 2 2 2 2 2 2 3 3 3 3 3 3 3 3
0 0 0 0 0 0 0 0 1 1 1 1 1 1 1 1
2 2 2 2 2 2 2 2 3 3 3 3 3 3 3 3
0 0 0 0 0 0 0 0 1 1 1 1 1 1 1 1
2 2 2 2 2 2 2 2 3 3 3 3 3 3 3 3
0 0 0 0 0 0 0 0 1 1 1 1 1 1 1 1
2 2 2 2 2 2 2 2 3 3 3 3 3 3 3 3
0 0 0 0 0 0 0 0 1 1 1 1 1 1 1 1
2 2 2 2 2 2 2 2 3 3 3 3 3 3 3 3
0 0 0 0 0 0 0 0 1 1 1 1 1 1 1 1
2 2 2 2 2 2 2 2 3 3 3 3 3 3 3 3
0 0 0 0 0 0 0 0 1 1 1 1 1 1 1 1
2 2 2 2 2 2 2 2 3 3 3 3 3 3 3 3
0 0 0 0 0 0 0 0 1 1 1 1 1 1 1 1
2 2 2 2 2 2 2 2 3 3 3 3 3 3 3 3
40 56 16 40 36 12 52 24 17 53 21 53 45 45 61 21
30 22 34 42 38 26 62 46 15 47 27 3 35 39 43 51
24 24 28 28 36 40 44 52 49 41 25 33 13 53 49 57
58 2 26 30 18 58 30 18 35 27 27 51 59 27 59 15
56 44 20 28 36 20 40 20 17 41 53 57 41 13 57 53
22 46 46 34 26 26 46 22 27 55 15 39 35 47 47 35
12 12 44 12 36 20 36 36 49 17 29 37 33 33 13 37
42 58 50 42 2 30 26 14 47 47 19 51 15 3 19 15
60 56 52 24 56 44 36 60 29 29 37 21 45 17 45 37
18 22 30 42 14 46 58 30 3 35 3 39 3 35 15 47
12 52 20 16 40 48 56 36 57 61 13 49 45 41 53 13
2 14 18 2 42 34 2 34 3 27 59 51 31 19 35 39
28 44 16 32 44 16 32 40 53 17 49 33 13 45 29 25
38 26 14 14 50 38 58 14 43 43 55 23 43 3 55 43
56 12 12 24 40 40 52 52 17 17 45 29 29 13 13 33
34 22 62 2 46 54 34 18 3 35 63 43 27 63 39 39
