0 0 0 0 0 0 0 0 1 1 1 1 1 1 1 1
2 2 2 2 2 2 2 2 3 3 3 3 3 3 3 3
0 0 0 0 0 0 0 0 1 1 1 1 1 1 1 1
2 2 2 2 2 2 2 2 3 3 3 3 3 3 3 3
0 0 0 0 0 0 0 0 1 1 1 1 1 1 1 1
2 2 2 2 2 2 2 2 3 3 3 3 3 3 3 3
0 0 0 0 0 0 0 0 1 1 1 1 1 1 1 1
2 2 2 2 2 2 2 2 3 3 3 3 3 3 3 3
0 0 0 0 0 0 0 0 1 1 1 1 1 1 1 1
2 2 2 2 2 2 2 2 3 3 3 3 3 3 3 3
0 0 0 0 0 0 0 0 1 1 1 1 1 1 1 1
2 2 2 2 2 2 2 2 3 3 3 3 3 3 3 3
0 0 0 0 0 0 0 0 1 1 1 1 1 1 1 1
2 2 2 2 2 2 2 2 3 3 3 3 3 3 3 3
0 0 0 0 0 0 0 0 1 1 1 1 1 1 1 1
2 2 2 2 2 2 2 2 3 3 3 3 3 3 3 3
28 24 56 24 40 52 32 60 21 41 13 37 17 61 49 29
62 50 14 22 62 18 46 46 39 27 51 3 51 15 55 3
40 44 28 20 12 44 56 36 37 13 49 29 29 21 41 53
34 18 30 38 38 58 30 14 27 31 27 51 47 59 3 47
44 40 20 56 24 52 56 56 61 21 49 29 53 21 13 49
30 62 62 34 54 18 42 26 51 19 43 19 19 63 15 19
56 56 36 28 48 24 16 40 21 53 37 25 13 25 17 37
50 26 50 26 62 46 50 26 27 23 43 51 63 59 27 31
32 40 48 44 16 44 56 16 21 25 61 13 41 33 61 33
38 50 18 58 34 58 50 38 47 15 55 39 23 55 27 35
24 24 56 44 36 32 24 28 33 17 61 53 49 57 17 33
26 22 46 26 42 2 62 34 19 51 55 23 19 15 43 35
48 40 40 36 40 52 32 28 37 53 17 49 17 41 53 21
58 42 62 2 2 62 58 42 63 59 63 59 19 43 19 39
44 28 28 52 20 28 20 36 21 21 57 53 53 57 61 13
34 38 38 42 30 54 18 58 47 43 59 39 63 59 15 47
