0 0 0 0 0 0 0 0 1 1 1 1 1 1 1 1
2 2 2 2 2 2 2 2 3 3 3 3 3 3 3 3
0 0 0 0 0 0 0 0 1 1 1 1 1 1 1 1
2 2 2 2 2 2 2 2 3 3 3 3 3 3 3 3
0 0 0 0 0 0 0 0 1 1 1 1 1 1 1 1
2 2 2 2 2 2 2 2 3 3 3 3 3 3 3 3
0 0 0 0 0 0 0 0 1 1 1 1 1 1 1 1
2 2 2 2 2 2 2 2 3 3 3 3 3 3 3 3
0 0 0 0 0 0 0 0 1 1 1 1 1 1 1 1
2 2 2 2 2 2 2 2 3 3 3 3 3 3 3 3
0 0 0 0 0 0 0 0 1 1 1 1 1 1 1 1
2 2 2 2 2 2 2 2 3 3 3 3 3 3 3 3
0 0 0 0 0 0 0 0 1 1 1 1 1 1 1 1
2 2 2 2 2 2 2 2 3 3 3 3 3 3 3 3
0 0 0 0 0 0 0 0 1 1 1 1 1 1 1 1
2 2 2 2 2 2 2 2 3 3 3 3 3 3 3 3
44 36 60 28 28 60 48 32 45 17 25 17 53 53 61 45
30 58 58 14 22 22 34 2 35 43 27 31 23 39 15 3
32 60 36 28 44 56 40 52 61 13 37 49 25 17 41 21
26 14 46 50 30 54 42 14 3 15 63 39 31 35 19 55
44 20 44 60 52 24 24 32 25 49 53 57 37 61 25 25
26 14 54 34 58 54 18 62 39 35 63 23 31 47 55 43
20 24 56 48 56 20 60 24 25 49 21 17 17 61 29 29
62 34 22 58 46 58 18 22 59 47 55 27 3 23 63 63
16 36 32 32 36 28 28 48 57 37 17 49 21 29 49 49
22 2 14 22 62 26 34 34 59 63 15 55 19 35 63 27
16 48 56 56 36 24 40 32 37 17 13 33 29 37 45 29
22 62 34 14 34 18 58 62 39 3 51 55 15 27 15 59
44 40 48 36 44 44 36 20 61 37 13 61 61 57 13 45
50 42 46 34 50 50 46 34 19 51 23 27 27 43 47 15
28 56 44 40 16 36 48 24 53 61 25 21 29 53 53 33
26 22 58 2 18 30 42 14 15 31 15 43 3 19 15 23
