0 0 0 0 0 0 0 0 1 1 1 1 1 1 1 1
2 2 2 2 2 2 2 2 3 3 3 3 3 3 3 3
0 0 0 0 0 0 0 0 1 1 1 1 1 1 1 1
2 2 2 2 2 2 2 2 3 3 3 3 3 3 3 3
0 0 0 0 0 0 0 0 1 1 1 1 1 1 1 1
2 2 2 2 2 2 2 2 3 3 3 3 3 3 3 3
0 0 0 0 0 0 0 0 1 1 1 1 1 1 1 1
2 2 2 2 2 2 2 2 3 3 3 3 3 3 3 3
0 0 0 0 0 0 0 0 1 1 1 1 1 1 1 1
2 2 2 2 2 2 2 2 3 3 3 3 3 3 3 3
0 0 0 0 0 0 0 0 1 1 1 1 1 1 1 1
2 2 2 2 2 2 2 2 3 3 3 3 3 3 3 3
0 0 0 0 0 0 0 0 1 1 1 1 1 1 1 1
2 2 2 2 2 2 2 2 3 3 3 3 3 3 3 3
0 0 0 0 0 0 0 0 1 1 1 1 1 1 1 1
2 2 2 2 2 2 2 2 3 3 3 3 3 3 3 3
28 48 48 44 24 32 44 16 13 57 61 17 29 37 45 41
30 22 2 2 62 50 14 50 3 31 31 3 23 27 55 3
24 20 12 12 60 56 48 12 49 37 53 41 45 49 45 57
2 42 38 50 54 46 62 54 51 23 31 3 23 51 55 59
40 20 40 40 20 24 56 48 61 41 53 45 25 25 57 33
42 18 18 30 46 18 22 54 31 31 39 19 63 27 19 55
60 20 56 16 16 16 28 52 29 21 13 29 13 25 13 61
18 42 26 58 58 22 22 26 23 31 43 59 19 19 31 31
20 28 12 20 44 20 44 40 41 33 53 57 21 45 13 37
30 14 42 26 14 34 46 50 51 47 47 19 55 63 27 47
32 44 24 32 52 40 12 40 49 17 21 53 49 53 61 17
38 62 58 14 2 58 50 30 63 31 31 23 27 47 19 35
52 52 36 32 40 52 36 20 49 49 61 25 17 29 29 29
26 42 34 46 50 62 38 38 27 47 55 19 27 23 27 51
12 48 52 44 28 44 44 36 33 61 57 13 13 37 45 29
18 14 54 30 54 62 38 46 43 55 59 51 39 19 39 63
