0 0 0 0 0 0 0 0 1 1 1 1 1 1 1 1
2 2 2 2 2 2 2 2 3 3 3 3 3 3 3 3
0 0 0 0 0 0 0 0 1 1 1 1 1 1 1 1
2 2 2 2 2 2 2 2 3 3 3 3 3 3 3 3
0 0 0 0 0 0 0 0 1 1 1 1 1 1 1 1
2 2 2 2 2 2 2 2 3 3 3 3 3 3 3 3
0 0 0 0 0 0 0 0 1 1 1 1 1 1 1 1
2 2 2 2 2 2 2 2 3 3 3 3 3 3 3 3
0 0 0 0 0 0 0 0 1 1 1 1 1 1 1 1
2 2 2 2 2 2 2 2 3 3 3 3 3 3 3 3
0 0 0 0 0 0 0 0 1 1 1 1 1 1 1 1
2 2 2 2 2 2 2 2 3 3 3 3 3 3 3 3
0 0 0 0 0 0 0 0 1 1 1 1 1 1 1 1
2 2 2 2 2 2 2 2 3 3 3 3 3 3 3 3
0 0 0 0 0 0 0 0 1 1 1 1 1 1 1 1
2 2 2 2 2 2 2 2 3 3 3 3 3 3 3 3
32 60 44 16 48 56 32 12 53 37 61 37 41 25 33 37
22 26 34 46 62 22 38 2 19 19 35 47 31 63 63 43
20 44 52 12 24 16 40 56 13 33 57 33 37 61 53 57
58 42 30 2 22 34 38 50 35 47 27 31 19 27 3 27
20 12 28 12 60 28 20 20 45 29 17 37 57 33 53 53
34 34 42 50 62 26 58 62 23 63 15 23 27 3 27 59
60 20 40 48 20 12 44 40 25 33 17 53 13 29 53 53
26 22 50 54 26 34 54 50 43 47 19 27 35 19 59 23
56 16 32 52 20 36 12 52 25 29 57 25 17 33 57 41
34 18 30 54 34 46 42 18 19 23 55 47 15 23 19 27
52 28 48 44 44 24 60 56 13 45 37 49 13 21 13 37
26 38 30 50 42 22 58 22 27 15 59 15 15 23 43 51
44 56 44 56 48 24 28 48 41 33 25 41 45 29 25 13
30 34 22 42 50 22 42 22 59 27 51 3 39 51 43 43
52 60 32 28 16 52 56 44 13 25 53 17 29 25 29 49
30 42 30 42 34 54 62 34 23 55 55 31 35 39 31 43
