0 0 0 0 0 0 0 0 1 1 1 1 1 1 1 1
2 2 2 2 2 2 2 2 3 3 3 3 3 3 3 3
0 0 0 0 0 0 0 0 1 1 1 1 1 1 1 1
2 2 2 2 2 2 2 2 3 3 3 3 3 3 3 3
0 0 0 0 0 0 0 0 1 1 1 1 1 1 1 1
2 2 2 2 2 2 2 2 3 3 3 3 3 3 3 3
0 0 0 0 0 0 0 0 1 1 1 1 1 1 1 1
2 2 2 2 2 2 2 2 3 3 3 3 3 3 3 3
0 0 0 0 0 0 0 0 1 1 1 1 1 1 1 1
2 2 2 2 2 2 2 2 3 3 3 3 3 3 3 3
0 0 0 0 0 0 0 0 1 1 1 1 1 1 1 1
2 2 2 2 2 2 2 2 3 3 3 3 3 3 3 3
0 0 0 0 0 0 0 0 1 1 1 1 1 1 1 1
2 2 2 2 2 2 2 2 3 3 3 3 3 3 3 3
0 0 0 0 0 0 0 0 1 1 1 1 1 1 1 1
2 2 2 2 2 2 2 2 3 3 3 3 3 3 3 3
56 12 48 20 48 60 36 16 29 13 45 45 33 53 45 29
18 38 30 30 30 14 22 14 35 27 51 43 39 51 27 51
60 32 32 52 40 36 32 24 45 37 17 17 13 33 29 41
42 14 42 50 46 38 26 34 27 55 55 23 63 35 15 51
24 24 20 16 36 16 32 48 13 13 61 61 41 49 37 17
26 38 18 30 54 30 46 62 23 47 39 3 15 3 35 23
52 12 36 52 56 56 36 56 41 37 37 25 41 33 13 61
18 46 30 58 62 2 38 42 19 47 59 3 19 3 35 19
52 56 16 40 52 52 28 28 29 17 13 25 29 41 61 57
54 26 62 54 14 2 14 50 43 15 55 27 23 55 31 19
44 40 28 44 32 32 24 12 37 53 37 21 33 49 45 61
14 50 58 54 26 22 50 14 63 19 63 39 59 55 35 3
12 48 60 52 32 36 44 48 21 49 17 53 33 21 61 53
22 58 22 22 54 54 50 58 3 27 47 23 15 43 51 63
12 44 56 24 40 40 28 60 57 37 57 49 21 33 29 53
50 54 54 26 14 14 18 14 51 63 39 31 51 15 19 55
