0 0 0 0 0 0 0 0 1 1 1 1 1 1 1 1
2 2 2 2 2 2 2 2 3 3 3 3 3 3 3 3
0 0 0 0 0 0 0 0 1 1 1 1 1 1 1 1
2 2 2 2 2 2 2 2 3 3 3 3 3 3 3 3
0 0 0 0 0 0 0 0 1 1 1 1 1 1 1 1
2 2 2 2 2 2 2 2 3 3 3 3 3 3 3 3
0 0 0 0 0 0 0 0 1 1 1 1 1 1 1 1
2 2 2 2 2 2 2 2 3 3 3 3 3 3 3 3
0 0 0 0 0 0 0 0 1 1 1 1 1 1 1 1
2 2 2 2 2 2 2 2 3 3 3 3 3 3 3 3
0 0 0 0 0 0 0 0 1 1 1 1 1 1 1 1
2 2 2 2 2 2 2 2 3 3 3 3 3 3 3 3
0 0 0 0 0 0 0 0 1 1 1 1 1 1 1 1
2 2 2 2 2 2 2 2 3 3 3 3 3 3 3 3
0 0 0 0 0 0 0 0 1 1 1 1 1 1 1 1
2 2 2 2 2 2 2 2 3 3 3 3 3 3 3 3
52 36 52 52 48 16 40 40 53 37 25 25 21 53 37 33
14 50 46 38 38 54 22 34 59 3 51 31 63 19 27 23
12 44 52 44 12 20 12 60 37 61 45 21 17 45 45 57
2 58 54 30 62 30 38 22 19 35 39 3 3 19 23 19
40 44 12 32 16 12 40 52 17 13 53 13 21 33 29 57
30 18 58 26 14 26 26 34 23 47 55 63 27 35 47 35
28 52 32 48 36 24 56 52 17 17 13 61 45 49 61 45
22 18 50 22 18 2 50 14 27 59 51 55 47 3 43 47
52 56 12 24 20 48 20 24 25 41 53 57 37 61 45 49
42 18 42 18 58 26 50 46 43 15 63 51 63 27 35 47
44 60 60 36 20 60 16 32 57 33 61 45 29 37 33 25
62 2 42 38 42 34 54 58 59 19 51 31 63 63 3 19
40 28 36 40 52 40 24 28 53 37 21 41 45 53 53 33
34 30 46 30 54 54 30 38 19 3 19 47 43 27 35 43
16 20 48 40 44 48 16 60 57 41 61 25 61 37 29 25
30 42 46 62 18 50 14 34 51 27 35 23 15 19 51 19
