0 0 0 0 0 0 0 0 1 1 1 1 1 1 1 1
2 2 2 2 2 2 2 2 3 3 3 3 3 3 3 3
0 0 0 0 0 0 0 0 1 1 1 1 1 1 1 1
2 2 2 2 2 2 2 2 3 3 3 3 3 3 3 3
0 0 0 0 0 0 0 0 1 1 1 1 1 1 1 1
2 2 2 2 2 2 2 2 3 3 3 3 3 3 3 3
0 0 0 0 0 0 0 0 1 1 1 1 1 1 1 1
2 2 2 2 2 2 2 2 3 3 3 3 3 3 3 3
0 0 0 0 0 0 0 0 1 1 1 1 1 1 1 1
2 2 2 2 2 2 2 2 3 3 3 3 3 3 3 3
0 0 0 0 0 0 0 0 1 1 1 1 1 1 1 1
2 2 2 2 2 2 2 2 3 3 3 3 3 3 3 3
0 0 0 0 0 0 0 0 1 1 1 1 1 1 1 1
2 2 2 2 2 2 2 2 3 3 3 3 3 3 3 3
0 0 0 0 0 0 0 0 1 1 1 1 1 1 1 1
2 2 2 2 2 2 2 2 3 3 3 3 3 3 3 3
16 16 52 28 56 28 32 40 41 33 13 61 61 57 21 21
26 34 62 2 2 42 62 26 19 3 51 19 43 15 55 23
56 52 36 48 56 44 48 28 61 21 17 33 57 61 49 17
50 14 18 14 14 42 26 18 3 19 51 19 47 55 19 47
48 12 44 60 28 20 16 16 13 17 49 33 49 17 13 33
38 42 46 34 30 62 58 26 51 39 55 55 27 63 31 55
36 48 40 44 16 16 48 36 21 25 41 57 21 37 13 61
58 34 46 42 62 58 30 30 23 51 39 27 27 19 43 51
20 20 20 60 28 48 24 20 25 61 25 37 29 33 45 49
62 14 38 2 62 50 2 22 59 3 63 47 15 47 23 15
40 20 20 60 12 52 12 24 21 21 17 21 49 25 17 13
26 54 38 38 34 46 22 42 35 55 47 47 27 19 35 19
32 12 32 12 16 32 32 12 41 33 61 13 37 53 13 49
2 30 50 2 22 26 26 34 43 23 59 43 39 59 23 51
36 36 56 52 60 16 12 24 37 49 33 37 33 53 41 57
14 38 18 2 18 30 62 62 31 23 55 27 59 63 43 27
