0 0 0 0 0 0 0 0 1 1 1 1 1 1 1 1
2 2 2 2 2 2 2 2 3 3 3 3 3 3 3 3
0 0 0 0 0 0 0 0 1 1 1 1 1 1 1 1
2 2 2 2 2 2 2 2 3 3 3 3 3 3 3 3
0 0 0 0 0 0 0 0 1 1 1 1 1 1 1 1
2 2 2 2 2 2 2 2 3 3 3 3 3 3 3 3
0 0 0 0 0 0 0 0 1 1 1 1 1 1 1 1
2 2 2 2 2 2 2 2 3 3 3 3 3 3 3 3
0 0 0 0 0 0 0 0 1 1 1 1 1 1 1 1
2 2 2 2 2 2 2 2 3 3 3 3 3 3 3 3
0 0 0 0 0 0 0 0 1 1 1 1 1 1 1 1
2 2 2 2 2 2 2 2 3 3 3 3 3 3 3 3
0 0 0 0 0 0 0 0 1 1 1 1 1 1 1 1
2 2 2 2 2 2 2 2 3 3 3 3 3 3 3 3
0 0 0 0 0 0 0 0 1 1 1 1 1 1 1 1
2 2 2 2 2 2 2 2 3 3 3 3 3 3 3 3
60 28 20 20 56 12 40 44 25 21 57 25 29 45 53 33
42 42 30 38 2 54 26 38 19 43 23 59 47 19 51 35
24 40 48 40 24 60 32 28 49 45 49 41 25 37 45 45
34 46 22 62 2 54 2 42 43 35 39 19 51 19 47 47
24 56 60 36 60 32 52 56 33 33 33 61 53 61 61 29
14 14 26 54 34 62 62 18 23 55 55 55 19 15 3 23
36 28 12 32 16 48 16 12 21 29 13 57 37 13 41 61
54 54 34 58 38 58 58 54 51 19 39 39 43 43 19 47
12 36 12 40 44 56 36 40 41 53 25 29 13 33 45 45
2 54 58 22 62 30 22 34 43 3 59 23 19 55 47 39
28 44 56 56 52 12 56 20 17 17 21 49 41 41 49 53
2 22 14 50 22 22 26 26 63 55 47 23 23 3 23 31
60 12 32 52 32 24 16 48 53 53 25 41 57 57 53 57
14 18 50 62 54 42 54 26 35 35 55 63 63 43 63 19
56 40 32 12 24 48 44 52 33 49 49 13 25 45 37 41
62 30 38 50 2 22 14 14 35 55 63 63 55 3 19 19
