0 0 0 0 0 0 0 0 1 1 1 1 1 1 1 1
2 2 2 2 2 2 2 2 3 3 3 3 3 3 3 3
0 0 0 0 0 0 0 0 1 1 1 1 1 1 1 1
2 2 2 2 2 2 2 2 3 3 3 3 3 3 3 3
0 0 0 0 0 0 0 0 1 1 1 1 1 1 1 1
2 2 2 2 2 2 2 2 3 3 3 3 3 3 3 3
0 0 0 0 0 0 0 0 1 1 1 1 1 1 1 1
2 2 2 2 2 2 2 2 3 3 3 3 3 3 3 3
0 0 0 0 0 0 0 0 1 1 1 1 1 1 1 1
2 2 2 2 2 2 2 2 3 3 3 3 3 3 3 3
0 0 0 0 0 0 0 0 1 1 1 1 1 1 1 1
2 2 2 2 2 2 2 2 3 3 3 3 3 3 3 3
0 0 0 0 0 0 0 0 1 1 1 1 1 1 1 1
2 2 2 2 2 2 2 2 3 3 3 3 3 3 3 3
0 0 0 0 0 0 0 0 1 1 1 1 1 1 1 1
2 2 2 2 2 2 2 2 3 3 3 3 3 3 3 3
28 60 36 40 48 40 28 28 49 17 21 21 21 61 17 17
30 30 18 46 22 22 38 62 47 63 43 43 35 47 3 43
44 24 52 36 40 52 32 40 37 61 25 13 29 53 21 61
22 62 34 14 22 2 30 14 27 35 3 63 23 19 35 3
36 60 60 40 16 52 56 16 25 45 17 49 53 21 49 33
50 54 38 58 30 26 50 38 15 47 47 31 63 19 19 59
52 44 16 60 28 16 32 60 49 29 29 37 41 41 45 33
14 2 46 22 30 22 42 54 43 47 35 31 47 47 15 3
24 60 20 56 44 48 60 44 13 45 13 17 61 17 61 33
50 14 54 46 22 50 58 22 23 19 15 27 19 59 39 19
12 32 56 36 56 60 52 36 49 13 53 13 21 57 45 29
14 26 34 50 26 38 38 2 35 47 15 19 3 3 15 47
48 44 52 12 52 32 32 16 49 21 13 41 61 13 25 17
30 22 46 2 34 58 50 50 35 47 23 15 27 55 51 23
32 32 56 44 32 28 60 32 45 45 37 41 33 57 57 61
38 62 26 22 42 22 14 50 35 31 47 31 19 19 51 39
