2 0 1 0 1 1 1 1 3 3 3 2 2 1 3 0
2 0 2 1 2 2 1 0 3 1 3 3 0 0 2 2
0 3 3 1 3 2 3 2 3 3 0 1 1 3 1 3
0 3 3 2 2 0 3 3 1 2 1 0 2 2 0 3
0 2 3 0 2 3 0 3 1 3 1 0 3 0 0 0
1 2 0 3 3 1 2 2 0 1 2 3 2 1 1 0
1 0 0 0 0 0 3 1 3 2 2 1 1 0 2 0
3 0 0 1 3 1 3 0 1 2 2 2 1 2 3 3
3 3 2 0 2 0 3 2 3 2 1 0 1 0 2 1
2 3 2 1 1 3 1 2 2 0 0 0 1 2 3 1
2 2 0 1 0 2 0 1 1 1 3 3 3 2 1 2
2 1 2 2 3 2 0 2 3 3 1 2 0 2 1 3
3 1 1 3 1 1 2 3 3 2 0 2 2 0 1 3
2 1 1 2 1 2 1 0 3 2 0 0 1 0 1 2
3 2 3 3 1 1 2 0 3 1 1 0 1 0 2 2
1 0 3 0 2 3 1 0 1 0 0 2 2 3 3 1
2 56 45 48 49 49 33 41 35 43 59 42 50 37 43 32
18 12 42 33 26 62 49 48 15 33 47 23 12 52 38 26
44 3 43 57 19 30 51 30 35 27 56 29 13 47 33 59
44 51 59 30 50 56 63 47 53 30 21 44 34 46 44 55
44 34 55 52 18 35 16 19 17 31 57 20 27 56 48 36
41 30 40 27 31 33 2 2 60 37 62 55 14 29 57 28
25 36 44 52 12 16 27 33 43 30 18 53 17 44 62 56
27 44 56 37 55 61 51 32 41 46 18 46 53 62 55 55
23 47 34 16 26 36 43 54 35 14 33 36 21 16 54 61
2 43 42 61 41 43 25 30 2 12 12 12 25 14 3 29
26 50 56 37 40 50 40 29 21 45 3 63 3 2 17 26
42 25 18 14 43 54 44 18 63 15 57 38 28 30 13 55
47 33 37 47 13 49 54 27 3 50 20 18 18 20 37 51
18 53 41 26 25 54 57 44 31 58 32 48 41 20 53 62
63 14 19 51 33 37 22 48 39 29 49 12 49 36 42 50
37 44 35 40 2 27 37 56 57 20 32 26 42 27 35 41
