2 3 3 1 3 3 0 1 3 0 2 0 3 0 1 1
3 2 1 0 2 2 3 0 3 0 1 3 3 1 0 2
0 2 0 3 0 0 2 3 0 1 1 3 1 3 0 0
0 1 2 0 2 2 3 0 1 2 3 2 2 3 0 3
1 0 1 1 1 3 3 1 3 1 1 3 0 3 3 2
2 1 0 0 2 0 3 3 0 1 3 2 3 0 2 0
0 1 3 3 2 3 0 2 2 1 1 1 2 1 3 1
1 1 3 2 0 1 2 0 2 1 3 3 0 1 3 2
2 0 3 2 1 2 1 0 0 2 1 0 2 2 1 1
1 2 1 2 3 1 3 3 2 3 3 2 0 2 2 2
2 1 3 2 2 3 3 2 1 2 2 1 3 1 3 3
1 3 3 1 0 3 3 3 3 0 3 2 3 2 0 0
3 1 3 2 3 1 2 1 0 0 3 2 1 3 3 2
0 0 0 3 1 3 0 3 2 2 3 1 0 1 2 0
3 3 1 2 3 0 1 0 3 0 3 0 2 3 3 0
3 0 1 0 2 3 0 3 0 2 3 1 3 3 0 0
14 23 39 33 19 35 12 57 15 44 38 44 31 32 29 49
47 62 41 20 2 14 43 36 19 48 21 55 35 45 16 62
12 30 48 35 28 48 54 55 36 29 45 39 29 43 24 60
48 17 46 36 58 58 59 44 53 54 39 58 30 51 52 31
25 16 57 29 57 31 59 37 63 25 21 63 28 47 31 22
22 57 16 40 54 44 3 59 40 29 55 14 31 16 50 12
20 41 31 27 62 51 28 62 2 45 29 41 22 49 39 37
25 37 43 14 20 33 34 36 22 61 47 47 40 29 35 14
22 28 51 14 41 50 61 44 48 18 61 60 22 30 21 53
61 62 57 2 43 29 19 3 58 3 3 54 36 50 42 46
42 25 63 38 22 43 15 34 21 2 26 49 3 41 19 31
33 39 23 49 48 59 63 59 19 20 23 34 43 30 60 48
43 33 47 30 35 41 50 17 52 24 43 46 53 19 43 26
16 48 36 3 45 47 40 23 38 42 43 53 56 37 14 52
63 27 49 50 19 52 33 40 27 28 35 24 26 63 39 40
55 40 13 20 42 63 36 55 28 42 47 25 15 15 56 28
