1 2 3 3 2 0 0 1 0 2 2 1 3 1 2 3
1 3 2 2 3 3 3 1 2 1 2 3 1 1 0 2
2 3 2 2 3 2 2 3 0 2 1 0 1 2 1 0
3 3 1 1 2 3 2 1 1 1 1 3 1 2 3 0
0 3 0 1 0 2 2 3 2 2 0 1 1 0 3 2
0 1 3 1 2 0 0 2 2 1 1 1 0 3 2 0
2 0 0 1 3 3 2 1 2 2 0 2 2 1 1 2
3 3 0 3 1 0 3 3 1 3 0 0 1 1 2 3
1 0 2 0 0 0 3 3 2 0 1 2 0 3 3 2
2 1 1 1 0 3 1 0 2 3 1 1 1 2 2 0
1 3 0 0 2 2 2 1 0 1 1 0 0 1 1 0
2 3 3 1 2 2 3 3 2 2 3 3 3 0 2 1
0 2 3 3 1 2 2 2 2 3 3 1 1 3 0 1
0 2 1 0 2 0 2 1 0 2 2 0 2 3 2 0
3 0 0 3 2 0 3 2 3 3 2 3 2 3 0 3
1 1 0 3 2 2 0 2 1 1 1 1 2 0 3 2
37 50 43 19 18 24 40 49 32 46 50 37 47 21 30 51
37 23 54 14 35 23 27 25 58 61 18 23 25 57 52 30
58 43 14 62 27 30 42 43 40 62 37 20 45 34 57 20
47 31 53 53 42 23 50 41 13 25 37 47 37 26 39 44
44 59 28 49 32 58 22 27 26 26 40 57 29 56 15 30
32 57 55 37 58 56 32 30 58 45 21 57 12 3 14 28
58 28 40 41 47 19 50 41 34 50 28 30 54 49 61 58
15 19 28 19 49 24 47 55 25 23 60 32 41 25 34 55
33 32 18 24 32 52 39 47 38 44 53 22 32 55 27 46
50 41 53 21 16 19 33 16 30 3 25 41 49 62 38 24
21 63 40 36 42 2 50 41 56 17 49 56 24 17 45 36
46 55 31 13 38 46 15 15 38 42 3 39 31 36 58 17
24 58 35 47 33 26 38 58 62 3 55 13 21 15 20 25
24 14 61 56 26 44 38 41 16 38 18 24 58 31 42 56
19 36 44 31 22 32 15 46 47 51 54 27 2 27 52 23
49 49 48 3 26 58 48 58 29 57 41 57 30 52 43 30
