1 1 3 3 0 3 3 1 3 1 2 3 3 2 3 3
2 0 3 1 3 2 2 0 3 0 2 2 2 0 1 0
0 2 0 2 1 3 0 0 2 0 1 3 2 1 1 0
0 3 1 1 1 0 2 1 0 2 1 2 2 2 1 1
1 3 1 3 1 0 1 2 1 2 0 3 3 1 0 2
2 3 2 0 1 0 1 1 3 2 1 2 1 1 2 2
0 3 0 2 2 3 2 0 0 2 1 0 1 1 3 2
0 3 3 0 0 2 3 0 3 1 1 2 3 1 2 3
0 3 1 1 0 3 2 2 3 0 2 0 0 1 1 1
1 0 0 3 2 1 1 0 3 3 1 3 2 2 2 0
2 2 2 3 2 2 2 1 2 1 3 3 2 1 1 0
2 0 1 1 3 1 0 1 1 0 1 2 0 2 3 2
1 0 1 1 0 3 2 3 0 2 3 3 3 2 0 3
0 3 2 1 1 0 0 3 1 3 1 0 0 3 0 1
0 3 3 0 1 3 0 0 3 3 1 2 2 2 3 2
3 1 2 1 1 0 0 2 3 2 2 0 1 1 3 2
29 29 63 51 28 51 35 21 35 21 26 63 51 62 31 27
30 56 59 61 31 26 2 52 47 16 30 50 54 60 57 12
20 34 52 50 61 55 36 40 58 60 57 3 18 37 21 16
16 51 33 33 61 20 50 45 16 50 61 58 26 2 33 57
49 47 53 51 57 28 21 2 37 22 60 23 55 21 20 38
46 31 14 44 33 28 21 29 43 26 33 50 13 25 22 26
40 35 40 30 46 51 22 40 20 2 29 44 37 45 19 30
16 47 15 28 32 50 39 60 35 29 45 54 23 41 2 31
52 39 37 53 32 47 42 34 43 52 22 32 20 53 45 17
13 32 48 15 22 29 25 48 47 19 17 3 62 62 38 52
42 14 30 63 58 2 14 21 58 21 15 3 58 33 37 52
62 20 57 37 31 25 40 33 33 48 61 46 32 50 27 30
57 12 17 57 52 59 34 35 32 50 27 51 47 30 24 55
12 23 34 53 49 24 16 15 29 35 61 60 24 39 52 57
24 23 43 16 37 19 52 60 31 27 17 42 58 14 35 2
59 25 50 25 37 56 16 22 59 14 50 52 45 33 19 62
