3 0 0 1 3 1 1 2 0 1 2 0 2 0 1 3
3 3 1 3 3 1 0 2 2 3 0 3 2 0 0 3
3 1 3 0 0 2 2 1 3 1 1 1 2 2 1 3
0 0 0 2 1 1 1 2 1 0 3 3 1 1 2 0
2 3 1 3 1 1 0 1 2 0 1 0 1 0 1 1
1 0 3 3 0 3 0 1 2 2 3 1 3 2 0 2
1 0 0 0 0 3 1 2 1 2 3 0 0 2 1 0
3 3 3 1 0 0 3 3 1 1 3 1 3 0 0 3
3 1 3 2 0 2 0 3 1 0 1 3 1 1 0 2
2 3 0 0 2 1 3 1 2 3 1 2 3 2 3 1
0 3 0 3 1 0 1 2 2 1 0 1 3 1 2 2
3 3 1 3 2 1 1 0 1 3 1 0 2 0 3 2
2 3 1 2 2 3 1 1 2 0 0 0 2 2 0 1
0 0 1 0 1 2 3 0 3 0 1 2 1 3 0 1
2 1 3 0 3 0 1 0 0 0 1 2 0 2 1 3
3 3 2 2 0 0 1 3 0 0 2 2 0 1 0 2
55 44 60 33 31 61 17 38 60 45 42 52 22 36 45 59
23 39 45 19 31 57 52 54 26 27 40 35 2 32 20 23
15 13 27 52 32 30 62 21 15 49 49 21 2 34 49 43
32 60 32 34 61 61 45 34 57 24 19 3 45 33 54 56
46 47 21 3 21 61 12 25 30 32 45 52 25 16 49 61
17 56 3 63 56 15 16 53 54 58 23 61 27 22 36 22
17 12 12 56 40 15 17 22 61 22 19 36 40 58 57 48
39 47 47 61 24 12 19 51 17 25 43 41 55 52 28 15
55 25 15 54 24 58 36 23 17 28 49 39 49 41 56 30
18 19 28 24 62 33 43 29 2 27 53 18 15 50 43 21
48 23 60 55 57 12 41 18 30 41 60 13 55 33 30 38
31 23 33 31 42 57 13 44 61 43 49 24 46 28 63 46
14 59 21 26 2 3 21 53 30 36 56 40 18 50 24 45
20 44 21 36 33 54 63 16 31 16 17 26 17 27 12 61
22 49 59 52 43 48 45 32 60 48 37 62 44 62 25 47
23 59 14 50 24 20 41 55 40 32 62 62 60 13 28 38
