2 1 3 0 3 0 1 2 2 0 1 3 1 2 2 0
2 2 1 3 1 0 3 1 0 1 2 0 0 0 2 3
0 0 0 3 2 3 3 2 2 1 3 1 2 0 3 2
2 3 1 3 2 3 3 1 3 2 0 3 1 1 3 1
1 1 0 2 0 0 1 1 1 0 1 2 2 1 0 1
1 1 0 3 1 0 1 1 3 0 3 1 0 1 3 3
2 3 3 0 3 0 0 3 1 0 2 3 2 3 3 1
1 0 3 2 2 1 1 0 2 0 0 3 0 1 1 1
1 0 3 1 2 1 3 2 3 2 3 3 2 2 1 1
0 3 2 2 1 0 1 2 0 0 2 3 2 0 1 1
2 1 3 0 0 2 3 3 2 2 0 0 0 3 2 0
3 3 1 1 2 3 2 3 3 2 2 2 1 1 1 1
1 1 2 3 0 3 2 3 1 2 3 2 0 1 2 2
0 1 2 3 2 2 0 3 3 0 3 3 2 3 3 3
2 1 0 0 0 2 0 3 2 3 1 3 1 2 3 3
1 2 2 2 1 2 1 0 2 2 1 3 0 1 0 2
50 45 55 28 43 16 37 34 38 40 53 51 57 22 50 52
34 22 21 63 13 56 43 17 56 33 58 44 44 40 2 59
16 40 56 39 22 39 63 58 14 17 15 25 30 20 23 14
22 27 13 51 62 35 3 57 15 2 28 27 29 13 39 21
21 13 12 22 44 16 33 13 33 12 21 42 38 17 48 17
61 41 24 23 29 56 37 33 35 60 55 25 20 25 51 43
54 19 51 44 43 52 16 31 41 52 2 55 18 19 3 53
49 12 27 18 30 33 33 60 14 20 12 63 60 37 17 53
13 16 47 61 54 33 47 42 39 46 51 59 30 50 41 61
44 47 38 58 41 24 13 38 12 36 62 35 18 48 57 61
62 57 47 24 44 22 3 35 42 58 36 24 40 27 34 16
51 23 21 25 22 63 22 31 43 2 26 14 13 49 49 17
17 49 22 23 56 3 62 19 21 42 27 26 40 25 42 38
32 61 14 31 26 54 44 35 15 28 23 27 50 35 55 27
42 41 44 20 56 34 32 59 54 31 53 59 41 42 27 15
49 42 34 42 53 18 21 40 30 2 25 27 48 21 40 58
