0 0 0 0 0 0 0 0 0 0 0 0 0 0 0 0
0 0 0 0 0 0 0 0 0 0 0 0 0 0 0 0
0 0 0 0 0 0 0 0 0 0 0 0 0 0 0 0
0 0 0 0 0 0 0 0 0 0 0 0 0 0 0 0
0 0 0 0 0 0 0 0 0 0 0 0 0 0 0 0
0 0 0 0 0 0 0 0 0 0 0 0 0 0 0 0
0 0 0 0 0 0 0 0 0 0 0 0 0 0 0 0
0 0 0 0 0 0 0 0 0 0 0 0 0 0 0 0
0 0 0 0 0 0 0 0 0 0 0 0 0 0 0 0
0 0 0 0 0 0 0 0 0 0 0 0 0 0 0 0
0 0 0 0 0 0 0 0 0 0 0 0 0 0 0 0
0 0 0 0 0 0 0 0 0 0 0 0 0 0 0 0
0 0 0 0 0 0 0 0 0 0 0 0 0 0 0 0
0 0 0 0 0 0 0 0 0 0 0 0 0 0 0 0
0 0 0 0 0 0 0 0 0 0 0 0 0 0 0 0
0 0 0 0 0 0 0 0 0 0 0 0 0 0 0 0
13 16 57 52 25 16 27 35 8 17 6 38 40 13 30 36
4 26 56 32 31 47 3 5 39 11 42 5 29 22 29 47
47 35 11 12 49 22 49 49 42 42 17 17 31 32 23 32
29 29 17 51 19 19 19 19 19 4 4 58 55 18 30 30
30 16 16 16 12 39 39 48 12 35 22 12 31 31 31 43
43 52 30 52 51 43 39 6 39 43 57 46 44 44 3 9
49 49 14 46 55 21 44 52 34 52 58 23 4 23 27 27
53 53 42 58 4 42 43 34 41 58 56 58 56 56 56 41
53 5 40 40 47 53 51 40 40 47 48 51 46 46 53 37
46 27 37 41 21 21 37 37 37 21 41 21 57 36 41 55
55 36 50 10 51 27 29 38 38 38 38 57 3 57 36 10
48 50 50 36 50 55 50 3 54 48 10 5 48 6 3 10
10 15 54 6 6 15 54 15 15 15 54 5 25 20 20 45
54 20 44 25 25 20 20 25 28 28 28 28 28 45 45 45
14 45 14 14 14 44 17 32 23 12 23 8 32 13 35 8
26 35 8 8 13 13 18 18 9 18 7 18 9 9 7 7
