0 0 0 0 0 0 0 0 0 0 0 0 0 0 0 0
0 0 0 0 0 0 0 0 0 0 0 0 0 0 0 0
0 0 0 0 0 0 0 0 0 0 0 0 0 0 0 0
0 0 0 0 0 0 0 0 0 0 0 0 0 0 0 0
0 0 0 0 0 0 0 0 0 0 0 0 0 0 0 0
0 0 0 0 0 0 0 0 0 0 0 0 0 0 0 0
0 0 0 0 0 0 0 0 0 0 0 0 0 0 0 0
0 0 0 0 0 0 0 0 0 0 0 0 0 0 0 0
0 0 0 0 0 0 0 0 0 0 0 0 0 0 0 0
0 0 0 0 0 0 0 0 0 0 0 0 0 0 0 0
0 0 0 0 0 0 0 0 0 0 0 0 0 0 0 0
0 0 0 0 0 0 0 0 0 0 0 0 0 0 0 0
0 0 0 0 0 0 0 0 0 0 0 0 0 0 0 0
0 0 0 0 0 0 0 0 0 0 0 0 0 0 0 0
0 0 0 0 0 0 0 0 0 0 0 0 0 0 0 0
0 0 0 0 0 0 0 0 0 0 0 0 0 0 0 0
13 16 57 52 25 16 27 35 8 17 6 38 52 3 38 37
52 37 38 38 38 37 37 52 52 36 16 36 16 16 36 36
36 21 40 43 27 31 30 27 27 4 21 57 44 27 30 25
25 25 44 25 44 14 37 56 49 14 4 58 43 14 28 46
43 14 14 49 15 31 28 48 43 31 49 49 31 31 49 26
43 21 26 26 46 46 21 46 46 8 29 21 29 6 3 58
58 58 58 4 55 30 30 55 30 4 55 3 4 57 44 44
28 40 22 57 57 3 3 41 56 40 11 20 19 9 40 55
55 39 19 15 15 15 15 42 39 39 39 6 19 20 20 29
29 10 39 41 5 42 19 19 9 35 29 40 41 41 41 9
9 9 20 10 51 42 20 5 51 26 42 50 5 50 53 6
42 56 50 33 54 5 6 10 26 32 8 5 10 34 35 12
10 11 50 48 48 12 54 54 32 54 54 48 48 12 13 51
12 50 12 13 7 13 7 56 7 7 11 18 18 7 24 23
24 24 18 51 18 18 13 24 56 53 53 51 24 23 53 34
34 53 34 34 33 23 23 23 33 45 45 22 35 47 45 45
