0 0 0 0 0 0 0 0 0 0 0 0 0 0 0 0
0 0 0 0 0 0 0 0 0 0 0 0 0 0 0 0
0 0 0 0 0 0 0 0 0 0 0 0 0 0 0 0
0 0 0 0 0 0 0 0 0 0 0 0 0 0 0 0
0 0 0 0 0 0 0 0 0 0 0 0 0 0 0 0
0 0 0 0 0 0 0 0 0 0 0 0 0 0 0 0
0 0 0 0 0 0 0 0 0 0 0 0 0 0 0 0
0 0 0 0 0 0 0 0 0 0 0 0 0 0 0 0
0 0 0 0 0 0 0 0 0 0 0 0 0 0 0 0
0 0 0 0 0 0 0 0 0 0 0 0 0 0 0 0
0 0 0 0 0 0 0 0 0 0 0 0 0 0 0 0
0 0 0 0 0 0 0 0 0 0 0 0 0 0 0 0
0 0 0 0 0 0 0 0 0 0 0 0 0 0 0 0
0 0 0 0 0 0 0 0 0 0 0 0 0 0 0 0
0 0 0 0 0 0 0 0 0 0 0 0 0 0 0 0
0 0 0 0 0 0 0 0 0 0 0 0 0 0 0 0
13 16 57 52 25 16 27 35 8 17 6 38 56 32 16 45
55 36 36 36 39 38 43 39 39 16 16 35 12 39 28 39
19 58 52 43 58 58 58 27 35 35 43 52 20 47 57 57
35 42 52 52 36 19 36 43 19 14 43 58 19 57 28 46
20 55 57 31 15 31 31 31 46 31 15 30 40 40 46 20
3 15 30 15 15 32 54 30 41 41 41 30 19 55 3 37
37 37 37 37 41 54 41 21 42 4 46 21 4 4 42 42
40 46 21 21 4 44 42 4 40 21 56 40 30 56 56 14
44 56 44 5 5 22 5 22 34 48 48 22 22 48 48 13
17 48 34 5 17 17 22 45 34 45 45 53 8 8 53 55
55 53 53 53 47 29 20 47 20 26 50 34 47 25 47 25
25 29 13 25 29 11 28 13 49 28 28 50 45 23 54 51
23 51 50 12 23 51 54 54 51 27 27 27 38 29 38 38
50 50 6 12 7 12 12 44 51 44 24 18 18 24 24 24
24 18 18 13 18 23 23 9 29 49 6 49 6 9 9 34
26 7 8 8 49 7 9 7 9 32 7 11 6 49 32 33
