0 0 0 0 0 0 0 0 0 0 0 0 0 0 0 0
0 0 0 0 0 0 0 0 0 0 0 0 0 0 0 0
0 0 0 0 0 0 0 0 0 0 0 0 0 0 0 0
0 0 0 0 0 0 0 0 0 0 0 0 0 0 0 0
0 0 0 0 0 0 0 0 0 0 0 0 0 0 0 0
0 0 0 0 0 0 0 0 0 0 0 0 0 0 0 0
0 0 0 0 0 0 0 0 0 0 0 0 0 0 0 0
0 0 0 0 0 0 0 0 0 0 0 0 0 0 0 0
0 0 0 0 0 0 0 0 0 0 0 0 0 0 0 0
0 0 0 0 0 0 0 0 0 0 0 0 0 0 0 0
0 0 0 0 0 0 0 0 0 0 0 0 0 0 0 0
0 0 0 0 0 0 0 0 0 0 0 0 0 0 0 0
0 0 0 0 0 0 0 0 0 0 0 0 0 0 0 0
0 0 0 0 0 0 0 0 0 0 0 0 0 0 0 0
0 0 0 0 0 0 0 0 0 0 0 0 0 0 0 0
0 0 0 0 0 0 0 0 0 0 0 0 0 0 0 0
13 16 57 52 25 16 27 35 8 17 6 38 9 26 21 55
55 55 31 15 58 15 31 31 39 58 15 15 15 55 31 58
10 58 55 58 31 4 10 27 27 4 30 52 10 10 30 49
32 49 10 32 42 19 12 54 49 50 4 35 42 52 43 43
43 41 34 41 27 42 52 48 52 46 44 20 19 50 36 29
3 34 40 27 16 46 16 16 36 8 9 41 9 9 3 9
20 12 14 38 50 38 50 41 34 42 14 38 4 38 50 36
40 24 20 49 36 44 25 34 8 49 8 20 19 36 25 46
8 26 19 46 26 25 51 40 34 20 30 51 40 44 40 13
42 46 30 5 51 12 19 45 51 35 29 30 57 29 43 44
3 12 6 25 51 29 29 47 43 26 24 41 12 33 57 26
48 48 14 33 14 11 57 3 21 48 13 37 4 57 37 14
28 11 33 13 32 33 54 7 28 45 37 5 11 6 28 45
5 7 6 11 7 32 6 53 28 17 17 28 48 5 11 33
3 21 18 37 32 44 13 24 21 53 39 18 24 23 47 24
47 35 18 53 45 22 53 18 37 18 47 22 39 47 21 23
