0 0 0 0 0 0 0 0 0 0 0 0 0 0 0 0
0 0 0 0 0 0 0 0 0 0 0 0 0 0 0 0
0 0 0 0 0 0 0 0 0 0 0 0 0 0 0 0
0 0 0 0 0 0 0 0 0 0 0 0 0 0 0 0
0 0 0 0 0 0 0 0 0 0 0 0 0 0 0 0
0 0 0 0 0 0 0 0 0 0 0 0 0 0 0 0
0 0 0 0 0 0 0 0 0 0 0 0 0 0 0 0
0 0 0 0 0 0 0 0 0 0 0 0 0 0 0 0
0 0 0 0 0 0 0 0 0 0 0 0 0 0 0 0
0 0 0 0 0 0 0 0 0 0 0 0 0 0 0 0
0 0 0 0 0 0 0 0 0 0 0 0 0 0 0 0
0 0 0 0 0 0 0 0 0 0 0 0 0 0 0 0
0 0 0 0 0 0 0 0 0 0 0 0 0 0 0 0
0 0 0 0 0 0 0 0 0 0 0 0 0 0 0 0
0 0 0 0 0 0 0 0 0 0 0 0 0 0 0 0
0 0 0 0 0 0 0 0 0 0 0 0 0 0 0 0
13 16 57 52 25 16 27 35 8 17 6 38 40 13 36 4
5 26 56 32 34 43 31 47 6 29 29 15 58 3 46 14
19 48 55 35 53 34 33 39 39 42 39 39 14 53 3 19
45 35 11 49 42 50 55 15 15 15 15 58 53 42 7 19
7 44 42 42 21 54 41 41 41 9 44 21 21 21 21 45
9 9 45 35 51 35 43 43 51 8 39 53 31 31 31 41
20 31 57 46 46 30 55 55 55 30 30 30 36 36 37 36
37 46 37 46 4 37 37 4 4 4 36 58 58 52 43 58
52 41 40 52 24 27 24 40 34 24 52 27 24 24 40 34
56 27 43 27 5 40 19 19 9 34 54 10 56 18 5 44
49 38 6 10 30 29 29 47 53 56 50 50 50 50 57 38
48 48 56 38 54 38 48 47 54 48 57 47 57 23 29 10
10 10 54 18 6 6 44 18 28 25 20 5 25 20 28 45
28 28 25 25 7 28 5 20 20 45 11 11 13 7 44 23
7 13 18 13 11 18 11 23 23 23 47 49 9 12 51 22
26 12 3 8 49 3 12 8 3 22 22 22 17 22 12 49
