0 0 0 0 0 0 0 0 0 0 0 0 0 0 0 0
0 0 0 0 0 0 0 0 0 0 0 0 0 0 0 0
0 0 0 0 0 0 0 0 0 0 0 0 0 0 0 0
0 0 0 0 0 0 0 0 0 0 0 0 0 0 0 0
0 0 0 0 0 0 0 0 0 0 0 0 0 0 0 0
0 0 0 0 0 0 0 0 0 0 0 0 0 0 0 0
0 0 0 0 0 0 0 0 0 0 0 0 0 0 0 0
0 0 0 0 0 0 0 0 0 0 0 0 0 0 0 0
0 0 0 0 0 0 0 0 0 0 0 0 0 0 0 0
0 0 0 0 0 0 0 0 0 0 0 0 0 0 0 0
0 0 0 0 0 0 0 0 0 0 0 0 0 0 0 0
0 0 0 0 0 0 0 0 0 0 0 0 0 0 0 0
0 0 0 0 0 0 0 0 0 0 0 0 0 0 0 0
0 0 0 0 0 0 0 0 0 0 0 0 0 0 0 0
0 0 0 0 0 0 0 0 0 0 0 0 0 0 0 0
0 0 0 0 0 0 0 0 0 0 0 0 0 0 0 0
13 16 57 52 25 16 27 35 8 17 6 38 43 52 36 40
36 36 46 36 34 56 56 36 47 47 47 47 47 39 16 37
34 56 40 14 46 56 56 24 38 46 44 44 44 48 24 38
38 49 44 44 38 16 46 11 11 11 11 48 17 17 19 46
43 29 29 29 15 29 29 48 30 30 30 30 30 21 21 21
15 21 58 12 54 34 34 34 4 12 12 27 27 54 12 12
39 6 14 27 40 40 32 45 45 45 45 45 24 24 24 14
14 14 22 16 17 57 17 57 31 3 11 22 28 28 28 43
52 6 19 43 43 57 53 57 21 53 20 53 53 53 18 18
20 27 58 5 18 18 58 18 8 35 39 23 39 23 5 51
35 35 58 58 31 31 15 31 5 31 50 50 5 19 48 19
48 50 50 55 50 19 40 3 55 55 55 55 4 23 3 15
15 3 54 23 6 6 3 52 23 4 54 5 10 20 35 10
54 52 4 37 10 8 10 10 51 33 33 51 49 51 51 49
4 49 49 37 32 9 32 9 42 42 39 8 32 9 32 37
7 7 8 37 42 42 9 9 13 41 7 25 13 25 41 42
