0 0 0 0 0 0 0 0 0 0 0 0 0 0 0 0
0 0 0 0 0 0 0 0 0 0 0 0 0 0 0 0
0 0 0 0 0 0 0 0 0 0 0 0 0 0 0 0
0 0 0 0 0 0 0 0 0 0 0 0 0 0 0 0
0 0 0 0 0 0 0 0 0 0 0 0 0 0 0 0
0 0 0 0 0 0 0 0 0 0 0 0 0 0 0 0
0 0 0 0 0 0 0 0 0 0 0 0 0 0 0 0
0 0 0 0 0 0 0 0 0 0 0 0 0 0 0 0
0 0 0 0 0 0 0 0 0 0 0 0 0 0 0 0
0 0 0 0 0 0 0 0 0 0 0 0 0 0 0 0
0 0 0 0 0 0 0 0 0 0 0 0 0 0 0 0
0 0 0 0 0 0 0 0 0 0 0 0 0 0 0 0
0 0 0 0 0 0 0 0 0 0 0 0 0 0 0 0
0 0 0 0 0 0 0 0 0 0 0 0 0 0 0 0
0 0 0 0 0 0 0 0 0 0 0 0 0 0 0 0
0 0 0 0 0 0 0 0 0 0 0 0 0 0 0 0
43 49 57 28 26 68 68 13 18 48 24 21 45 21 13 9
64 60 51 56 17 10 48 45 26 24 20 59 33 60 17 70
48 32 48 21 56 30 50 29 18 20 60 20 60 45 20 33
21 61 57 13 45 27 52 7 10 67 7 67 51 13 51 28
17 66 66 9 9 55 28 52 24 58 55 28 61 29 50 10
68 61 36 24 59 19 39 64 4 39 30 64 64 25 17 43
43 29 52 61 56 56 71 51 71 12 57 26 7 7 55 22
23 52 22 16 19 57 66 23 16 66 54 54 15 30 34 36
47 35 18 18 42 39 68 25 58 50 4 62 22 69 29 71
23 32 71 46 16 31 27 55 4 10 32 58 69 43 65 12
15 67 70 15 62 54 5 46 19 54 67 42 8 22 23 31
5 39 53 32 33 46 36 14 42 14 25 14 25 26 58 53
15 49 47 63 34 27 70 35 69 16 36 62 53 49 49 62
14 34 63 34 40 70 69 35 47 40 53 12 63 31 50 12
42 65 46 47 27 4 8 8 8 63 11 5 19 30 65 38
9 6 37 41 6 37 35 41 41 5 6 65 11 37 41 11
