6 4 1 0 0 0 4 0 5 5 2 1 5 4 2 1
1 6 5 6 0 7 6 2 3 0 2 3 0 0 4 7
3 3 7 7 2 2 2 5 2 1 3 6 6 6 5 5
6 5 1 1 1 1 1 1 0 7 7 7 7 1 4 3
3 4 6 1 5 4 5 5 0 7 1 4 1 4 1 5
4 4 3 6 3 4 4 6 3 0 3 4 3 1 3 4
6 6 4 4 4 0 0 4 0 3 4 6 7 5 7 2
0 7 2 2 0 4 1 1 1 6 2 2 2 2 2 1
1 2 0 2 0 6 0 1 1 2 5 7 2 6 0 5
5 2 1 4 7 5 3 3 5 3 3 3 4 2 3 3
4 4 2 6 4 1 1 6 1 2 1 4 5 7 5 5
7 5 2 4 7 3 4 0 3 4 2 2 7 4 3 7
4 6 7 6 0 0 3 0 6 6 7 3 6 5 6 2
6 6 7 7 6 7 7 5 2 6 7 6 2 5 7 7
5 3 5 0 2 3 3 7 0 0 0 3 0 3 1 5
6 5 2 5 5 7 3 2 2 7 5 5 1 1 5 5
9 7 4 11 11 11 7 11 8 8 5 4 8 7 5 4
4 9 8 9 3 10 9 5 6 3 5 6 3 3 7 10
6 6 10 10 16 16 16 19 16 15 17 20 20 20 19 19
20 19 15 15 15 23 23 23 22 21 21 21 21 23 28 17
17 18 68 81 77 76 77 77 22 89 81 76 81 84 81 77
76 76 93 78 83 84 84 78 93 90 93 84 93 91 83 18
78 78 18 18 28 22 32 28 32 17 28 30 59 29 59 24
70 59 44 44 22 36 33 33 33 30 24 24 34 34 34 53
53 34 42 72 42 30 42 53 53 54 47 31 54 88 42 57
57 54 33 46 41 47 27 27 47 27 27 35 36 44 35 35
36 36 44 88 56 43 43 30 43 54 43 46 39 41 39 39
59 39 24 46 41 45 46 32 45 56 64 64 41 56 45 31
56 48 31 48 90 90 45 90 48 48 31 35 40 29 68 82
68 68 79 79 40 79 79 47 72 40 51 40 64 57 51 51
29 83 29 70 64 75 55 51 32 52 52 65 52 83 71 67
88 87 92 87 87 69 55 92 92 89 87 57 63 63 67 67
