6 4 1 0 0 0 0 6 5 0 2 6 0 4 5 5
1 1 4 5 0 7 4 2 6 3 2 1 2 7 7 7
5 5 5 5 6 2 6 7 3 1 3 1 1 7 4 6
6 1 4 3 1 0 1 5 1 5 1 2 0 3 4 5
0 0 5 2 2 2 5 6 0 0 6 3 3 5 3 3
6 1 0 5 3 7 2 1 7 0 3 4 1 3 2 2
0 2 4 3 3 7 3 0 7 2 7 7 4 7 2 0
6 2 0 4 2 1 1 0 4 0 2 4 7 7 3 3
7 7 7 7 6 6 7 7 0 7 6 6 1 6 0 1
3 0 6 4 4 5 5 5 5 5 4 6 4 4 2 6
4 6 1 6 6 1 3 3 0 2 5 0 4 4 4 3
3 5 7 7 4 4 1 4 1 2 5 6 2 6 3 4
0 4 5 7 2 6 2 7 1 2 1 2 7 1 6 2
0 5 1 0 6 3 7 6 5 1 7 3 3 1 7 1
7 1 4 4 1 4 2 2 2 0 2 1 2 5 6 6
2 7 3 2 6 7 2 0 5 5 5 6 4 0 7 5
9 7 4 11 11 11 11 9 8 3 5 9 3 7 8 8
4 4 7 8 3 10 7 5 9 6 5 4 5 10 21 21
19 19 19 19 20 24 20 21 17 15 17 23 23 21 18 20
20 23 18 17 15 22 15 29 15 29 43 44 22 17 28 47
52 52 29 44 44 44 47 68 22 90 68 93 93 29 93 93
48 91 90 47 27 10 54 53 10 90 27 18 63 75 54 34
52 34 18 27 35 59 35 52 59 16 59 59 46 41 34 32
48 34 32 28 24 33 33 32 28 32 24 28 31 51 65 35
31 31 31 51 30 30 51 51 22 41 30 88 43 88 42 43
45 42 58 46 56 47 67 67 67 67 36 58 36 36 24 40
36 40 53 88 40 53 45 45 42 54 39 42 46 76 46 27
35 39 41 41 76 76 23 84 43 72 39 68 54 40 45 76
3 84 39 69 92 68 72 69 63 72 63 72 79 63 78 82
80 77 33 60 88 75 79 78 77 91 69 75 75 81 79 81
79 33 84 84 91 94 92 16 16 90 16 91 82 95 48 58
92 89 55 64 48 89 64 60 87 77 77 78 66 60 89 87
