              1 0 1 0 1 1 1 0 1 0 0 0 1 0 1 1
1 1 1 0 1 1 1 1 0 1 0 1 1 0 1 0
1 0 1 0 0 0 1 0 0 0 0 1 1 1 0 0
0 1 1 1 1 0 1 1 0 0 1 1 1 1 1 0
0 0 1 0 1 1 0 1 1 0 1 1 1 0 1 1
0 0 1 1 1 0 0 0 0 1 1 0 1 0 1 1
1 1 0 1 1 1 0 0 0 1 0 1 0 0 1 0
1 1 0 0 1 0 1 1 0 0 1 0 0 0 0 0
0 0 1 1 1 0 1 0 1 0 0 0 1 1 0 0
0 0 0 1 0 0 0 0 1 1 0 1 1 1 0 0
1 0 1 1 0 1 0 1 1 1 1 0 1 0 0 1
1 0 0 0 1 1 1 1 1 0 1 0 0 1 0 0
0 0 1 0 0 0 0 0 1 1 1 0 0 0 1 1
0 1 1 1 1 1 0 0 1 1 1 1 0 1 0 0
0 0 0 0 0 1 1 1 1 0 0 0 1 1 0 0
1 1 1 1 0 0 0 0 0 0 0 1 1 1 1 0
59 27 18 52 35 61 10 58 20 17 17 17 24 7 49 14
39 30 63 11 4 24 55 45 17 30 54 55 18 25 51 11
37 25 24 19 56 7 22 5 25 3 17 18 26 10 60 60
42 59 16 49 12 9 18 26 31 21 28 12 12 18 28 7
54 60 12 46 12 63 27 4 22 58 26 39 30 29 26 14
44 42 49 24 28 54 54 52 42 14 14 54 16 25 16 16
16 63 60 8 53 53 56 58 62 37 36 41 36 36 20 52
51 59 9 52 24 29 26 28 7 62 55 40 15 40 40 40
21 25 61 22 53 40 43 19 41 11 11 11 6 6 23 23
23 21 60 45 13 58 3 3 47 47 48 47 47 8 42 5
51 50 55 22 42 8 50 8 20 6 6 48 8 50 9 59
59 62 48 62 22 55 63 51 63 5 51 5 5 49 19 7
15 58 43 29 23 56 29 29 41 47 14 19 38 44 39 45
44 61 39 37 53 49 21 3 37 28 4 53 13 57 50 50
13 23 3 36 21 61 39 37 41 31 27 62 30 45 31 38
41 45 35 30 38 38 27 27 9 19 38 43 35 4 4 46
