1 0 1 0 1 1 1 0 1 0 0 1 1 1 0 1
1 1 0 0 1 0 0 1 0 0 1 1 1 0 0 1
0 0 0 1 1 0 1 0 1 1 1 1 1 1 1 1
0 0 1 0 1 1 1 1 0 0 1 1 1 1 1 1
1 0 0 0 1 1 0 0 0 0 0 1 0 0 0 0
0 1 1 0 0 1 1 0 1 1 0 1 1 0 1 0
0 0 0 0 1 0 1 1 1 1 0 1 1 1 0 0
0 0 1 0 1 0 1 1 0 1 0 1 0 1 0 1
1 1 1 1 1 1 1 1 1 1 0 0 1 0 0 1
1 0 0 0 1 0 0 0 0 1 1 1 1 0 1 1
0 0 0 1 0 0 0 0 0 0 0 1 0 0 0 1
1 0 0 0 1 1 0 0 1 0 0 0 1 0 1 0
0 0 0 0 0 0 1 1 1 0 1 1 1 0 1 0
1 0 1 1 0 0 0 1 1 0 0 1 1 0 1 0
0 1 0 0 0 0 1 0 1 1 0 1 1 0 1 1
0 1 1 1 0 1 0 0 1 1 0 0 1 1 0 0
59 27 18 52 35 61 10 58 20 17 17 16 16 43 17 37
24 20 52 7 30 17 56 18 17 21 37 26 18 23 29 53
40 38 40 63 63 54 55 46 8 39 47 26 47 41 41 10
50 56 39 56 30 39 30 18 27 11 24 24 24 24 16 6
16 3 25 42 12 57 11 21 29 15 48 35 40 58 56 21
50 37 35 40 40 10 41 5 43 41 56 10 53 13 49 50
38 38 58 11 49 54 49 49 57 55 60 63 63 8 9 9
25 25 28 54 45 54 18 28 9 39 52 22 7 22 21 22
22 57 14 16 37 53 37 57 53 39 15 15 53 3 15 47
47 13 13 48 14 13 15 13 3 14 14 14 28 42 49 12
54 58 23 20 29 27 27 25 44 7 44 51 11 7 62 28
59 25 21 7 12 63 62 60 4 38 3 62 28 62 47 9
9 52 48 48 48 52 4 51 51 29 51 59 57 42 51 31
10 36 45 45 36 36 3 20 61 31 46 61 30 19 61 42
19 61 60 19 31 38 55 31 8 8 46 8 35 58 43 41
5 20 55 43 46 30 42 46 43 12 36 23 45 12 5 27
