1 0 1 0 1 1 1 0 1 0 0 1 0 0 0 1
1 0 1 1 1 0 0 1 1 0 1 0 0 0 1 1
0 0 0 1 0 0 1 1 0 1 1 1 1 0 0 0
1 1 1 1 1 0 1 1 0 1 0 1 0 1 0 0
1 1 1 1 1 0 1 0 1 1 0 1 0 0 0 1
0 0 1 1 1 0 0 1 0 1 0 0 0 0 1 0
1 0 1 0 1 1 1 1 1 0 1 1 1 1 1 1
0 0 1 1 1 1 0 0 0 0 0 1 0 1 1 0
0 0 1 0 0 1 1 0 1 1 0 0 0 0 0 0
1 1 1 0 0 0 0 1 1 0 0 0 1 1 0 1
1 1 1 0 1 0 0 1 0 0 1 0 0 0 0 1
0 0 0 0 0 1 0 0 1 1 1 0 1 0 0 1
1 1 1 0 0 0 1 0 0 1 1 1 1 1 0 1
0 0 0 0 1 0 0 0 0 0 0 0 1 1 1 0
0 0 1 1 0 0 0 0 0 1 1 1 0 0 0 1
0 1 0 0 0 1 1 0 0 0 0 0 0 0 1 0
59 27 18 52 35 61 10 58 20 17 17 16 17 7 5 37
55 17 24 49 14 60 46 20 43 27 63 40 52 31 55 47
46 3 11 10 56 7 49 61 58 8 49 53 26 13 38 23
28 39 57 14 28 9 18 55 15 55 9 18 36 10 21 58
47 24 47 39 12 44 12 56 16 28 36 63 54 46 7 8
31 42 16 16 20 38 38 53 38 12 27 11 5 5 59 13
4 3 10 27 63 59 39 51 55 3 28 63 8 45 6 45
42 42 8 8 6 59 21 23 21 56 46 59 15 45 61 48
25 11 61 60 17 26 24 25 53 61 25 11 9 23 42 9
18 26 18 31 13 11 27 26 4 21 48 7 24 43 60 28
49 53 53 23 49 7 9 30 38 54 51 56 29 21 29 30
52 3 29 62 62 51 29 52 63 57 51 52 10 40 19 16
20 22 39 56 58 29 26 19 60 39 4 35 57 4 15 4
5 5 23 54 30 54 62 40 40 40 46 42 43 43 45 60
62 54 47 47 15 15 44 62 50 6 6 57 50 50 50 37
50 37 25 31 25 37 37 31 36 13 13 44 36 36 24 3
