1 0 1 0 1 1 1 0 1 0 0 0 1 1 1 1
0 0 1 0 0 0 1 1 1 1 1 1 0 0 0 0
1 0 0 1 1 0 0 1 1 0 0 1 1 1 1 1
1 1 1 0 1 0 1 1 0 1 1 0 1 0 0 0
0 1 0 0 0 1 1 0 1 0 1 0 1 1 0 0
1 1 0 0 0 1 1 1 0 1 0 0 1 0 0 0
1 1 0 1 1 0 1 0 0 0 1 1 1 0 1 0
0 0 0 1 0 1 0 1 1 1 1 1 0 1 1 0
1 1 1 1 0 0 1 1 1 0 1 0 1 1 0 1
0 1 1 1 1 1 0 1 1 1 0 0 1 0 0 1
0 0 0 0 1 0 1 1 1 0 0 1 1 1 0 1
1 1 0 0 1 0 0 1 1 1 0 0 0 1 1 1
0 0 1 1 0 0 0 0 0 1 1 1 1 0 0 1
0 0 1 1 0 0 0 0 0 0 0 0 0 1 1 0
0 0 0 0 1 1 1 1 0 0 1 1 0 0 0 0
1 0 0 0 0 0 1 1 1 1 1 0 1 1 1 0
59 27 18 52 35 61 10 58 20 17 17 17 24 16 37 20
17 23 24 7 38 17 14 55 63 63 63 39 11 13 21 27
57 25 44 22 37 62 25 28 26 38 56 39 30 20 35 59
20 63 45 23 45 29 43 14 27 14 28 9 12 52 21 9
58 12 29 46 54 63 12 58 16 56 12 60 24 61 62 3
41 61 21 62 25 61 61 22 29 30 58 58 53 60 15 13
16 18 38 39 16 11 55 42 11 42 18 22 49 15 6 3
23 40 40 4 48 4 19 47 22 14 47 47 19 51 20 48
16 28 18 18 29 29 51 53 14 38 30 11 53 53 42 39
15 53 22 49 55 47 27 47 39 35 46 13 59 44 60 28
36 15 38 15 35 19 49 59 59 54 27 51 57 45 48 57
49 45 36 42 28 19 19 24 43 26 46 52 25 8 8 8
36 13 8 8 23 50 50 50 50 49 55 57 57 7 5 37
23 5 37 37 7 13 36 52 11 5 56 5 7 55 51 44
5 7 46 54 12 4 4 35 42 52 43 10 3 62 50 9
43 60 3 31 21 46 45 51 26 43 26 54 30 10 10 56
