0 2 2 2 0 1 1 1 1 1 0 0 3 2 0 0
2 0 0 0 2 0 1 2 2 2 2 0 0 2 0 3
1 1 3 2 2 1 0 0 2 2 3 3 0 0 1 3
0 3 3 1 0 3 1 3 1 3 1 0 0 3 3 3
2 1 1 0 1 0 0 1 1 0 0 1 3 1 3 0
0 2 2 3 3 3 3 3 2 3 3 3 2 2 3 0
1 1 0 3 2 0 3 2 0 0 0 0 2 1 0 3
1 3 1 0 3 0 2 2 1 0 3 3 2 2 2 2
2 2 0 0 3 3 2 3 3 1 2 3 2 2 3 3
3 3 2 2 1 1 3 1 3 3 2 1 1 2 3 2
1 2 1 1 2 1 3 3 0 1 2 2 0 1 2 2
2 1 1 2 1 2 0 2 1 0 3 3 1 1 3 0
3 1 0 1 0 0 3 2 0 0 1 3 2 2 0 2
3 1 2 2 3 2 0 2 0 0 3 3 1 0 2 1
0 1 1 1 0 1 1 0 1 1 0 0 2 3 3 1
0 1 2 1 3 0 0 3 3 2 0 0 3 3 1 3
60 20 52 20 44 16 16 16 16 16 44 44 24 52 28 44
36 44 28 12 36 60 48 20 52 20 36 60 60 52 60 24
48 32 24 20 52 32 28 28 36 36 40 21 28 50 32 40
12 56 56 32 12 40 48 40 32 24 48 3 12 56 21 24
17 29 29 57 29 3 12 48 22 3 3 63 56 29 56 3
41 51 49 23 62 23 23 62 35 23 23 62 49 49 39 18
63 29 18 62 35 59 62 51 57 18 57 18 49 31 59 37
54 40 22 41 53 59 19 26 22 57 46 14 19 51 2 2
26 35 57 18 14 14 2 14 14 38 17 37 19 17 37 53
53 53 2 49 13 47 53 47 37 37 2 13 47 17 21 19
13 19 13 47 17 54 21 21 59 54 26 35 59 47 58 58
58 54 13 42 54 26 41 26 63 50 55 55 61 22 39 50
55 22 43 61 27 27 55 35 50 50 63 55 42 42 43 42
30 63 51 42 30 58 41 51 41 25 46 46 45 25 33 45
25 45 61 45 25 61 61 25 38 38 27 27 58 30 46 38
27 45 33 38 46 34 43 39 39 33 43 43 39 30 31 30
