0 2 2 2 0 1 1 1 1 1 0 0 3 2 0 0
2 0 3 2 0 0 1 0 0 1 1 2 3 1 0 3
1 1 3 2 3 2 2 0 0 2 2 0 0 3 0 3
0 2 2 1 0 3 2 1 2 3 3 0 3 2 3 3
1 3 1 3 1 2 3 1 1 2 2 3 3 2 3 1
0 0 1 1 3 3 3 1 1 2 3 2 2 2 3 1
0 3 2 3 3 1 0 0 2 0 1 3 2 2 3 0
1 2 0 3 2 1 2 2 0 0 3 0 3 1 3 3
1 1 2 2 0 3 1 1 3 1 3 3 3 2 1 0
0 1 3 1 3 2 0 0 1 1 2 2 1 1 1 0
1 3 0 3 3 1 0 1 3 1 1 2 3 0 0 0
1 1 2 3 0 3 0 0 1 2 1 0 3 1 1 0
2 1 2 1 0 0 1 0 2 2 1 2 2 1 1 2
2 1 2 0 1 2 1 3 0 2 3 1 1 0 2 2
2 0 2 0 3 3 3 2 3 0 2 3 0 2 2 0
0 3 3 1 2 2 3 0 2 2 0 0 3 3 3 0
60 20 52 20 44 16 16 16 16 16 60 44 24 52 28 44
36 60 24 20 60 60 48 44 12 32 32 36 24 32 12 56
48 32 24 36 56 20 36 28 44 36 52 28 28 40 28 40
12 20 33 32 12 21 52 48 52 24 56 12 56 49 21 14
48 40 48 56 61 17 30 38 22 17 17 30 30 17 37 61
41 57 13 29 62 53 23 13 29 49 14 2 49 49 21 47
34 37 19 21 40 22 25 25 17 41 54 37 2 2 37 25
54 2 25 46 33 61 26 26 43 41 46 25 21 61 40 30
13 45 42 49 41 30 47 45 46 54 14 53 14 42 38 18
18 54 23 31 14 58 27 50 61 54 26 33 31 38 31 34
13 23 43 23 46 47 18 38 37 63 31 42 23 50 43 27
38 45 58 62 41 46 18 34 63 2 47 3 55 31 63 43
58 13 26 63 18 27 22 50 42 35 29 33 35 29 45 19
35 63 51 3 22 35 22 62 59 19 39 29 47 57 35 26
42 3 19 3 62 62 39 51 39 59 19 39 3 51 51 59
43 55 39 15 58 51 53 27 58 33 34 59 55 55 55 59
