1 0 3 0 1 0 1 1 2 2 2 0 1 1 3 0
2 2 2 3 2 1 3 3 1 0 3 3 0 0 3 2
2 2 1 0 1 0 0 0 1 0 2 2 2 0 3 2
3 0 3 3 3 3 3 1 1 1 1 2 2 2 2 2
0 2 1 0 0 0 2 2 0 3 2 3 2 3 0 3
0 0 0 0 0 2 2 2 3 2 0 2 2 2 2 2
0 0 0 0 0 3 2 1 2 2 2 1 0 1 2 1
2 2 3 3 1 1 2 1 3 3 2 0 0 2 2 3
3 0 3 3 3 3 3 3 3 2 1 2 3 0 0 0
0 2 0 0 3 3 3 0 3 0 2 0 2 0 1 3
3 3 0 0 0 3 0 0 0 3 1 1 0 2 3 2
2 2 2 3 1 3 1 1 3 3 3 3 3 3 1 2
1 1 1 3 1 1 1 2 1 3 3 3 2 2 2 3
3 3 3 2 2 2 1 1 2 0 0 0 0 0 0 2
0 2 0 1 0 0 2 1 3 1 1 0 0 2 1 3
0 0 1 0 2 3 3 0 0 3 3 1 1 3 3 1
32 28 24 44 16 28 48 48 29 29 29 37 25 25 49 21
45 29 36 51 13 41 33 33 43 12 42 42 14 46 42 13
45 36 34 46 27 37 23 37 34 30 29 22 13 30 35 22
26 39 35 26 51 35 26 34 41 34 34 45 38 38 38 38
30 15 48 30 30 30 45 15 44 49 36 51 22 35 21 33
21 21 21 21 21 13 20 13 24 22 37 47 20 20 47 20
28 46 14 46 14 40 31 16 31 31 31 16 30 32 22 16
20 15 42 42 50 50 31 50 19 19 15 12 12 31 31 19
19 46 19 19 19 17 17 17 17 15 27 15 49 14 14 12
12 20 12 46 26 26 26 14 26 12 15 14 20 39 34 49
49 51 39 46 39 51 28 39 39 49 43 43 39 13 35 13
45 45 45 51 18 24 16 34 51 24 33 35 33 33 43 38
16 50 50 33 16 50 50 22 25 17 49 17 38 38 36 35
24 40 40 47 47 36 48 48 47 28 44 23 23 23 23 29
37 29 37 27 37 23 22 32 40 48 27 44 23 47 48 24
44 28 27 28 47 42 40 44 44 40 40 27 27 24 42 18
