1 0 3 0 1 0 1 1 2 2 2 0 1 1 3 0
2 2 2 3 2 1 3 1 0 0 1 1 0 1 0 1
1 3 3 1 2 1 0 0 1 1 1 2 1 2 2 2
3 3 0 3 0 3 0 3 0 2 0 0 1 1 2 0
0 1 0 1 2 0 2 3 2 3 1 2 0 3 3 1
0 1 0 1 3 1 3 3 3 2 0 0 0 0 2 2
1 2 1 0 2 2 1 2 0 3 0 2 2 2 2 0
0 0 0 0 3 1 0 0 0 1 3 3 3 3 2 2
3 3 3 2 3 3 3 3 0 1 1 2 3 0 0 1
2 0 0 2 1 0 0 2 1 3 3 2 3 2 3 3
0 3 0 3 0 0 1 2 2 3 2 2 2 0 0 3
3 3 3 3 2 1 1 2 0 1 2 3 2 2 0 2
0 1 0 0 3 1 1 3 2 2 2 2 2 3 3 3
3 2 2 3 2 2 1 3 3 2 3 2 2 2 2 2
1 1 1 1 1 1 1 1 0 2 1 3 3 3 3 3
3 1 1 0 0 1 1 1 1 1 1 1 1 1 3 3
32 28 24 44 16 28 48 48 29 29 29 37 25 25 49 21
45 29 36 51 13 41 33 50 14 46 50 34 30 34 30 34
41 42 42 34 45 34 12 12 16 16 34 38 48 13 36 15
42 42 21 26 44 35 30 51 28 36 12 12 16 16 13 14
12 16 12 16 13 39 13 33 13 26 27 38 44 33 26 27
46 34 46 50 33 41 33 49 33 22 37 37 12 39 13 29
50 38 50 46 38 38 25 29 44 17 30 15 15 15 15 37
30 28 28 28 35 18 21 21 21 41 17 17 35 35 38 38
40 26 35 22 26 26 26 17 14 18 25 45 49 14 39 18
31 39 39 45 18 39 37 22 18 42 40 20 33 20 40 40
21 40 21 42 30 30 27 20 20 49 20 20 20 37 39 40
40 49 49 49 31 32 43 31 44 50 31 35 36 36 46 36
46 32 46 37 19 18 50 24 45 45 45 15 31 51 51 35
24 31 31 24 36 22 18 24 24 22 24 47 47 47 47 15
43 43 43 27 43 43 48 48 28 47 27 19 19 19 19 19
19 43 27 44 44 41 27 25 25 25 41 41 48 48 51 51
