0 1 2 3 0 1 2 3 0 1 2 3 1 0 2 1
0 0 2 0 1 3 0 3 2 2 1 2 3 3 1 2
2 2 2 1 3 0 1 1 3 0 2 1 1 2 2 2
2 1 3 1 1 1 1 3 2 1 2 2 3 0 0 3
1 3 0 2 1 2 2 2 3 3 1 1 1 0 2 0
0 3 0 2 3 0 0 3 3 2 0 0 3 0 3 1
0 2 1 2 2 3 3 0 1 0 0 2 2 1 1 3
2 1 0 2 0 1 1 1 3 0 0 2 1 1 0 1
1 1 0 2 2 2 2 3 3 2 2 1 3 0 2 2
2 1 3 3 2 2 3 3 0 0 2 3 1 3 3 1
1 1 1 2 2 3 0 2 2 3 0 3 1 1 1 1
2 0 1 3 2 1 1 3 2 3 1 0 3 0 0 3
0 2 3 2 0 0 0 0 0 0 3 0 0 2 2 0
2 0 3 2 0 0 3 0 1 0 1 3 3 1 3 3
3 1 1 3 3 1 3 1 1 1 1 0 0 0 0 0
1 0 1 0 1 0 3 3 2 1 1 3 3 3 1 3
12 16 20 24 28 32 36 40 44 48 52 56 16 12 20 16
12 12 20 25 29 24 28 24 20 33 29 33 23 24 29 33
26 49 33 29 37 41 45 13 37 12 36 16 16 20 52 17
17 13 40 13 48 13 29 14 26 45 42 26 14 18 44 14
32 14 28 17 32 52 33 52 40 56 48 48 48 60 52 59
60 24 60 49 21 28 44 56 56 36 44 44 56 60 40 32
60 2 32 36 19 23 39 3 31 28 3 36 35 31 31 37
19 31 59 19 59 54 31 38 40 27 59 35 47 13 59 54
54 54 3 2 19 49 19 23 23 2 2 54 23 3 49 2
49 22 14 62 58 58 62 21 3 18 58 37 47 37 21 47
47 47 61 17 17 62 18 35 35 21 41 21 61 61 61 63
26 25 63 55 42 45 45 53 26 53 45 50 53 50 41 53
57 58 53 58 50 25 25 18 18 50 30 41 57 42 35 57
42 57 62 42 41 43 62 43 38 43 61 30 30 22 30 30
46 38 38 46 46 38 39 63 63 22 15 34 50 57 43 34
63 27 15 25 15 34 55 46 51 22 22 39 46 55 15 55
