0 0 4 0 4 6 4 0 7 6 1 3 3 1 6 3
5 6 3 2 0 0 4 0 0 2 0 4 3 7 4 5
2 4 2 2 4 3 2 4 2 3 0 1 4 4 4 4
6 6 3 6 6 6 2 4 1 3 7 1 1 2 7 0
0 0 2 2 5 5 3 0 0 5 6 0 2 1 7 7
6 1 7 1 6 1 2 3 3 7 7 0 2 1 5 2
2 3 2 3 5 1 3 5 1 5 5 6 7 6 7 6
4 4 0 4 6 4 3 4 4 5 0 0 3 1 2 4
7 1 1 4 7 0 0 2 2 2 7 4 2 7 7 6
7 6 5 5 7 4 7 5 0 4 5 1 5 1 6 5
6 4 4 1 4 2 0 1 4 4 5 3 3 7 7 0
1 0 5 3 4 0 1 4 1 1 0 5 4 7 4 5
3 0 6 0 0 1 0 3 1 2 1 2 6 1 6 3
5 2 6 3 3 6 7 5 6 4 7 2 0 3 3 1
3 6 5 7 6 1 1 5 3 7 7 6 5 1 1 6
5 5 3 3 6 7 3 7 3 7 5 2 3 0 7 5
90 60 84 60 7 78 76 32 59 9 81 83 27 33 78 83
95 30 35 5 80 80 28 80 80 34 32 76 27 31 18 47
92 7 16 16 56 55 16 56 92 55 11 43 66 7 56 94
20 20 6 88 88 88 16 56 15 55 21 15 15 82 21 60
90 60 54 5 19 87 65 90 90 57 48 52 54 23 79 41
48 53 10 23 30 33 82 17 35 41 59 70 82 71 39 64
54 27 44 27 29 33 93 87 4 87 87 58 59 88 21 30
28 76 32 28 30 76 93 36 36 57 3 70 93 71 34 84
69 43 71 36 59 42 42 64 64 64 41 84 44 31 31 68
31 20 77 77 51 94 10 77 32 7 8 81 47 43 58 19
68 66 18 23 66 54 52 71 66 94 77 83 6 10 51 52
81 3 95 75 94 3 63 84 63 23 52 95 18 21 18 95
17 22 78 22 22 15 22 83 91 34 91 82 40 91 9 75
8 34 58 6 75 58 79 47 78 28 69 5 3 93 65 53
65 68 47 69 68 53 53 67 65 79 69 9 8 63 81 9
57 8 35 35 48 89 45 41 75 51 57 44 45 42 89 39
