0 2 2 2 0 1 1 1 1 0 1 0 3 2 0 2
0 0 3 0 2 0 1 0 2 1 0 0 0 3 1 2
1 3 0 0 3 0 2 0 1 2 3 2 2 2 0 0
0 2 2 2 0 2 0 1 0 2 0 2 0 1 3 1
1 3 0 0 3 2 3 3 3 1 1 0 2 0 2 3
2 1 2 1 1 2 1 2 3 3 3 3 2 3 1 0
2 1 0 3 1 3 3 1 1 1 3 2 2 3 1 3
1 3 3 3 3 0 3 1 1 2 3 1 3 3 0 1
3 0 0 0 3 2 1 3 0 1 3 0 3 1 1 2
3 0 0 3 2 2 0 1 1 1 2 0 1 0 1 2
3 3 1 1 2 1 0 3 1 3 1 2 1 1 3 3
3 3 1 3 1 0 1 2 1 0 2 3 1 1 3 0
0 0 3 0 2 0 2 0 3 2 2 3 3 1 3 3
0 0 2 3 2 2 1 2 0 2 0 0 1 0 1 1
0 2 2 2 0 2 1 0 3 1 0 1 0 0 0 0
1 3 3 1 3 1 2 2 3 2 1 3 3 1 3 1
60 20 52 20 44 16 16 16 16 44 16 44 24 52 28 36
44 44 24 60 20 60 48 12 36 48 28 60 60 56 32 36
48 56 25 25 56 12 20 28 32 36 56 52 52 52 28 28
12 20 36 49 12 49 41 48 41 49 41 33 25 13 21 32
32 56 12 41 37 33 24 24 24 61 61 57 49 25 33 14
17 32 17 38 13 17 38 17 37 14 40 40 17 21 47 18
19 29 41 23 13 62 14 48 13 29 21 19 49 37 54 37
31 40 40 46 40 57 23 47 38 2 46 54 30 46 50 54
30 18 18 18 14 26 31 30 18 54 14 34 39 54 38 42
21 34 50 46 42 26 27 63 47 61 19 3 47 43 31 33
21 55 47 31 35 31 27 55 13 46 45 42 61 61 30 55
62 62 38 62 15 3 63 33 63 3 35 62 22 45 30 50
3 43 39 50 51 50 19 3 39 42 19 55 53 45 39 37
43 34 51 55 42 35 45 26 59 35 57 57 63 57 45 63
34 2 35 2 34 2 29 43 53 15 27 29 59 27 43 59
29 53 53 15 39 15 26 26 23 51 22 23 53 15 23 22
