0 2 2 2 0 1 1 1 1 1 0 2 3 0 1 2
0 0 3 2 0 0 0 2 2 2 2 1 0 2 0 2
0 0 0 0 0 0 2 1 2 1 3 0 3 3 1 2
0 2 2 0 0 2 0 3 1 3 2 0 0 1 3 3
1 3 3 1 1 3 1 0 3 2 1 3 1 3 3 3
2 1 2 3 3 2 3 3 3 3 3 2 1 2 2 0
2 3 3 0 0 1 1 2 1 1 0 3 2 0 1 3
2 3 0 0 1 1 3 1 3 0 1 1 2 3 2 2
0 1 1 0 3 3 1 0 3 0 0 2 3 1 1 3
0 3 0 1 3 1 0 2 3 2 2 2 1 0 2 1
2 1 3 1 2 0 2 1 1 1 0 0 1 3 2 1
0 0 3 0 1 2 3 0 2 0 3 2 1 2 1 1
3 3 2 3 3 0 3 2 1 1 1 3 1 2 3 2
0 0 3 0 3 0 1 3 1 0 3 3 1 0 0 2
1 2 2 1 3 2 2 2 0 1 2 2 3 1 0 2
2 1 1 0 3 0 3 0 1 1 0 2 0 0 0 2
60 20 52 20 44 16 16 16 16 16 44 52 24 28 32 36
44 44 24 52 28 60 12 20 36 52 36 48 44 52 60 36
28 60 12 28 60 12 20 48 36 48 56 28 40 40 32 33
12 20 33 41 41 33 41 37 13 37 49 25 25 29 21 53
32 40 56 32 61 24 48 12 24 17 61 21 32 14 56 14
17 61 17 24 40 58 40 56 21 37 62 49 13 2 17 3
17 62 21 41 57 61 13 33 48 29 25 37 49 57 13 37
35 21 3 57 61 47 62 31 56 41 31 54 19 46 2 2
18 47 31 18 14 23 22 25 14 59 3 19 23 47 13 14
18 23 18 31 23 47 18 19 23 35 51 42 31 43 49 29
51 22 62 15 51 59 19 47 38 54 43 3 15 53 51 22
59 3 55 25 45 33 46 57 35 57 55 35 54 49 63 38
55 62 26 46 30 27 39 35 54 54 38 55 38 58 39 26
43 34 46 50 30 34 22 39 45 43 46 55 38 43 50 42
45 2 19 22 30 42 26 51 50 45 2 42 30 63 50 42
26 45 63 50 30 34 53 27 63 63 34 58 27 27 59 26
