0 1 2 3 0 1 2 3 0 1 2 3 1 0 0 1
2 1 2 0 0 0 1 0 0 1 2 2 2 3 0 2
2 1 0 1 2 0 2 3 0 3 0 0 0 0 3 2
2 0 3 0 1 1 3 2 2 3 0 2 3 3 3 1
3 3 1 3 1 2 1 1 1 1 0 1 0 1 0 0
1 2 0 3 1 2 2 2 2 0 3 0 0 3 0 0
1 1 3 0 1 3 3 2 2 0 2 2 2 0 1 3
1 1 1 0 1 1 0 2 3 1 3 1 2 0 2 2
2 1 3 2 3 3 2 1 1 1 1 0 2 3 3 0
3 2 2 2 0 1 0 2 2 2 2 0 3 3 1 0
1 1 0 1 3 0 0 1 0 3 1 2 2 0 1 1
0 2 0 3 2 1 1 2 1 1 0 1 2 0 3 2
2 2 0 0 0 1 3 3 3 2 1 3 3 2 3 3
3 2 3 3 1 1 0 1 0 1 3 0 2 2 3 0
0 3 3 1 3 3 1 1 3 1 1 2 3 2 2 2
3 3 3 1 2 1 1 0 3 1 1 3 2 0 3 3
12 16 20 24 28 32 36 40 44 48 52 56 16 60 12 16
20 16 20 25 25 12 29 18 12 22 20 52 20 24 12 52
35 16 60 32 36 28 33 24 28 24 44 60 60 44 56 52
36 44 40 60 48 32 56 52 36 24 44 36 40 40 40 48
56 62 48 56 32 26 31 31 48 47 59 32 28 13 28 41
29 33 57 21 61 17 17 17 17 25 53 41 50 14 34 50
38 54 23 25 31 23 14 42 42 34 49 49 35 43 38 30
29 31 29 25 45 29 18 26 62 54 30 38 58 3 58 26
2 47 14 2 30 39 35 54 13 15 22 3 26 62 46 3
14 19 19 19 18 13 3 42 42 42 49 41 39 53 47 41
47 45 43 47 46 50 18 54 50 23 54 17 26 57 61 22
3 19 27 55 51 61 61 19 31 63 27 13 2 50 62 35
2 2 18 27 27 22 37 30 30 58 15 14 55 58 46 53
55 35 62 55 13 61 27 38 57 22 46 59 49 51 55 57
57 39 23 15 23 53 15 63 21 15 38 51 21 33 33 33
21 46 21 45 51 45 63 43 37 63 63 39 58 43 37 53
