2 2 5 6 3 7 7 3 4 7 3 4 4 0 0 7
0 2 7 6 1 7 0 2 1 7 0 3 4 2 4 1
6 6 6 4 1 1 3 1 1 4 1 0 7 7 0 0
1 0 3 2 2 2 3 6 5 7 7 7 2 2 5 2
2 2 7 0 6 5 6 3 6 2 2 1 4 3 3 3
5 3 5 5 5 2 6 6 6 5 7 7 5 4 1 5
1 2 2 1 2 2 1 5 6 2 2 2 3 6 4 3
6 3 0 3 0 0 0 0 0 7 7 3 3 3 4 7
0 4 4 4 4 5 3 1 5 6 2 2 2 1 2 2
3 6 3 5 1 0 1 1 4 1 1 1 1 5 1 1
3 6 7 6 0 4 4 4 1 5 1 0 4 6 1 0
6 1 6 6 6 5 3 1 5 1 3 1 3 4 3 4
3 4 5 3 4 1 3 3 0 4 6 4 4 4 5 5
0 0 0 0 5 6 5 3 3 1 4 3 4 3 4 5
4 5 0 4 0 4 0 0 2 2 0 0 5 2 6 2
4 7 2 0 0 5 5 1 0 5 6 0 7 6 7 6
60 38 63 44 29 14 14 51 30 14 39 62 62 46 26 14
26 60 45 13 27 35 4 6 16 14 58 39 62 28 30 27
34 44 44 30 16 5 7 5 5 8 5 4 55 55 26 26
59 26 61 6 50 6 29 54 53 55 23 45 18 18 21 18
18 18 14 15 13 21 13 39 22 28 28 16 52 51 51 51
53 51 53 53 53 18 13 13 13 12 23 23 21 42 47 21
47 60 60 47 60 60 47 21 44 28 28 28 7 44 62 7
44 7 36 7 36 36 36 36 36 55 55 29 39 39 42 55
26 42 42 42 42 53 39 47 63 54 50 50 50 47 50 50
61 54 7 63 16 4 59 59 52 16 16 5 59 43 59 5
61 54 45 22 4 30 8 30 59 21 37 4 30 34 37 4
34 37 34 34 34 31 29 37 63 37 19 37 19 8 19 52
19 52 43 29 52 27 19 19 58 8 22 52 8 8 12 12
15 15 15 15 43 54 12 61 61 27 62 29 62 51 20 63
20 63 46 20 46 20 46 58 38 38 46 46 12 38 54 38
20 45 38 58 15 43 43 27 58 43 22 58 23 22 23 22
