0 4 3 2 2 2 2 3 3 3 1 0 2 0 2 0
0 0 1 1 1 3 7 4 3 3 3 1 4 5 1 6
0 4 0 7 0 5 7 1 1 0 6 7 1 5 7 0
6 6 5 0 5 0 6 1 0 1 7 2 3 6 5 7
2 5 4 4 1 2 5 7 6 3 6 5 4 3 7 4
5 2 4 7 4 3 7 6 5 5 6 5 5 1 0 2
0 0 4 4 0 3 2 0 0 3 6 4 2 4 6 2
4 2 4 5 5 5 3 0 2 4 5 6 5 2 2 0
1 5 1 6 4 0 2 0 6 2 4 0 2 2 3 5
0 6 7 5 5 0 2 2 5 5 4 5 5 5 2 2
0 4 7 4 7 5 4 5 4 7 5 4 6 1 5 4
1 0 5 1 5 5 1 7 1 1 6 3 7 7 3 2
7 7 3 7 5 2 7 7 3 1 6 7 7 7 0 3
4 6 3 4 4 1 3 3 1 6 0 3 3 3 4 6
3 6 1 1 4 4 3 2 2 4 1 4 1 1 2 1
4 1 0 0 3 3 3 2 0 3 0 1 0 4 7 2
4 8 7 6 6 6 6 7 7 7 5 4 6 4 6 4
4 4 5 5 5 7 14 8 7 61 61 37 8 31 16 13
46 8 46 45 46 12 45 5 16 15 13 14 16 12 14 15
13 13 12 15 12 15 22 16 15 16 14 18 19 13 21 23
18 21 20 20 27 18 12 23 22 19 13 21 20 29 23 8
21 18 20 23 20 19 23 22 63 12 22 63 63 5 26 18
46 46 20 62 26 29 28 46 26 29 54 30 18 62 54 38
62 38 62 31 31 31 19 36 28 30 53 54 21 28 28 36
16 31 37 34 62 26 38 26 54 38 30 26 38 38 29 53
15 54 23 63 63 58 60 28 21 43 42 63 31 43 60 28
36 62 14 42 35 43 42 43 42 14 43 42 44 47 43 42
47 36 53 47 53 53 59 35 59 37 54 19 55 55 39 50
55 35 51 55 53 50 55 35 39 59 22 55 35 35 36 51
52 34 51 52 30 59 19 39 47 34 36 29 39 39 52 34
39 22 47 47 30 52 61 50 50 52 37 52 59 37 50 59
8 37 58 58 51 51 51 60 58 61 58 27 58 30 45 50
