0 4 3 2 2 2 2 2 2 0 3 3 3 3 1 1
0 0 0 0 1 1 7 3 5 4 5 4 4 7 7 3
3 4 4 7 0 6 5 1 1 0 6 2 5 6 4 6
3 3 5 6 5 3 1 0 0 7 6 0 7 7 5 1
3 3 3 3 6 4 0 7 6 5 5 5 5 5 6 7
6 1 1 7 1 1 6 4 7 5 1 2 1 3 3 5
5 2 2 6 2 6 4 6 1 0 0 1 1 0 1 1
1 1 5 7 1 5 5 5 5 7 0 7 0 3 3 7
5 3 2 2 5 4 3 2 6 2 0 4 0 4 3 3
2 6 0 6 6 1 4 4 5 1 1 4 5 5 2 2
0 1 2 3 4 2 2 1 4 6 1 4 2 2 3 5
4 0 5 4 5 5 3 2 7 0 3 4 3 6 4 4
4 6 0 0 3 0 7 0 3 2 1 7 4 4 1 1
0 4 3 7 4 0 3 7 1 7 4 3 0 7 0 3
6 0 0 1 1 4 7 5 5 7 7 1 4 7 1 2
7 2 7 2 2 2 5 6 6 5 6 6 6 6 7 5
4 8 7 6 6 6 6 6 6 4 7 7 7 7 5 5
4 4 4 4 5 5 14 7 53 20 21 8 8 23 23 61
61 8 8 45 15 13 21 27 16 15 22 18 21 13 20 22
39 39 53 22 12 39 16 58 58 35 13 15 35 35 21 27
39 19 19 39 22 20 15 35 22 63 63 63 63 63 22 14
44 59 5 23 27 27 13 52 14 21 27 28 5 61 61 31
63 28 28 54 28 54 8 34 27 36 36 16 16 36 16 37
16 59 12 14 59 12 12 12 12 14 46 14 15 29 61 35
53 39 18 18 53 30 19 18 44 38 15 62 26 30 29 29
18 54 36 54 54 47 52 52 21 59 59 42 31 43 60 28
36 37 60 19 42 60 60 59 42 54 37 42 28 60 19 31
20 36 31 42 31 31 19 60 35 26 51 52 61 13 52 52
20 13 26 26 51 26 55 26 51 18 37 55 42 30 37 37
46 20 51 55 30 58 51 55 47 55 30 29 46 55 46 51
44 46 46 47 47 62 45 53 53 45 45 47 30 45 47 38
45 38 23 38 38 38 43 34 44 43 34 44 44 34 23 43
