0 0 0 0 0 0 0 0 0 0 0 0 0 0 0 0
0 0 0 0 0 0 0 0 0 0 0 0 0 0 0 0
0 0 0 0 0 0 0 0 0 0 0 0 0 0 0 0
0 0 0 0 0 0 0 0 0 0 0 0 0 0 0 0
0 0 0 0 0 0 0 0 0 0 0 0 0 0 0 0
0 0 0 0 0 0 0 0 0 0 0 0 0 0 0 0
0 0 0 0 0 0 0 0 0 0 0 0 0 0 0 0
0 0 0 0 0 0 0 0 0 0 0 0 0 0 0 0
0 0 0 0 0 0 0 0 0 0 0 0 0 0 0 0
0 0 0 0 0 0 0 0 0 0 0 0 0 0 0 0
0 0 0 0 0 0 0 0 0 0 0 0 0 0 0 0
0 0 0 0 0 0 0 0 0 0 0 0 0 0 0 0
0 0 0 0 0 0 0 0 0 0 0 0 0 0 0 0
0 0 0 0 0 0 0 0 0 0 0 0 0 0 0 0
0 0 0 0 0 0 0 0 0 0 0 0 0 0 0 0
0 0 0 0 0 0 0 0 0 0 0 0 0 0 0 0
59 20 35 57 7 32 44 27 60 36 31 54 24 7 39 11
70 30 42 26 32 60 64 43 52 63 36 62 58 28 39 54
17 50 44 19 56 71 17 35 71 25 17 20 7 65 7 66
66 20 6 49 56 65 18 39 39 24 43 25 16 45 21 36
36 45 42 49 37 38 21 38 6 14 24 57 30 41 50 25
5 50 8 5 25 70 59 55 50 37 12 34 37 42 22 71
63 71 62 62 42 10 10 34 22 46 62 63 49 41 57 22
23 8 8 17 24 57 15 58 22 5 15 45 15 51 48 48
16 32 15 35 14 33 19 33 68 51 6 5 70 48 38 9
9 32 38 16 21 21 70 16 12 12 12 29 66 63 14 29
13 69 18 54 65 14 18 69 65 54 18 34 60 60 23 27
35 31 43 28 28 31 49 31 59 30 47 69 69 40 58 13
23 4 4 51 51 27 19 19 43 59 4 26 40 40 9 23
13 13 66 33 68 68 68 33 40 34 4 58 64 28 10 64
64 8 52 67 47 61 61 67 53 52 53 47 53 46 10 55
27 55 53 46 30 47 46 52 26 55 56 44 56 44 29 26
