0 0 0 0 0 0 0 0 0 0 0 0 0 0 0 0
0 0 0 0 0 0 0 0 0 0 0 0 0 0 0 0
0 0 0 0 0 0 0 0 0 0 0 0 0 0 0 0
0 0 0 0 0 0 0 0 0 0 0 0 0 0 0 0
0 0 0 0 0 0 0 0 0 0 0 0 0 0 0 0
0 0 0 0 0 0 0 0 0 0 0 0 0 0 0 0
0 0 0 0 0 0 0 0 0 0 0 0 0 0 0 0
0 0 0 0 0 0 0 0 0 0 0 0 0 0 0 0
0 0 0 0 0 0 0 0 0 0 0 0 0 0 0 0
0 0 0 0 0 0 0 0 0 0 0 0 0 0 0 0
0 0 0 0 0 0 0 0 0 0 0 0 0 0 0 0
0 0 0 0 0 0 0 0 0 0 0 0 0 0 0 0
0 0 0 0 0 0 0 0 0 0 0 0 0 0 0 0
0 0 0 0 0 0 0 0 0 0 0 0 0 0 0 0
0 0 0 0 0 0 0 0 0 0 0 0 0 0 0 0
0 0 0 0 0 0 0 0 0 0 0 0 0 0 0 0
43 49 57 28 26 68 68 13 18 48 24 21 45 9 64 60
13 64 32 56 20 10 11 22 24 60 26 33 21 28 26 21
13 64 45 64 60 27 68 13 17 53 17 12 12 25 25 33
12 66 33 59 12 62 65 39 71 60 70 25 16 20 21 36
71 29 68 36 54 61 41 36 44 44 37 52 36 29 37 41
17 59 66 47 56 38 37 56 38 51 51 19 51 55 39 19
43 5 10 5 8 8 10 67 50 35 25 22 46 10 59 22
4 59 22 42 4 42 15 54 17 56 46 54 19 51 42 48
16 18 42 18 14 26 55 11 66 7 4 11 4 33 46 28
61 69 20 49 57 20 69 32 32 45 8 63 31 43 61 39
61 50 50 38 50 47 49 53 45 29 5 48 5 47 41 19
24 54 65 14 65 65 30 9 23 46 39 52 55 40 55 52
15 14 66 7 15 15 16 35 49 30 30 35 53 18 31 57
70 32 40 52 30 6 23 28 11 40 69 14 6 16 29 43
40 67 58 67 35 41 62 23 63 53 63 47 8 63 44 67
62 37 7 9 44 6 23 7 62 6 69 31 31 24 57 27
