1 1 0 1 0 1 1 0 1 0 1 1 1 0 0 1
1 1 1 1 0 1 0 1 0 0 1 1 0 1 0 1
1 0 0 0 0 0 0 1 1 1 1 1 0 0 1 1
0 0 0 1 1 1 1 0 1 0 0 1 1 1 0 0
0 1 0 0 0 0 0 1 1 0 1 1 0 0 1 1
0 0 0 0 0 0 1 0 1 0 1 0 0 1 1 0
0 0 1 0 0 1 0 0 1 1 1 0 1 0 1 1
0 1 1 1 1 1 0 1 0 0 0 0 0 1 1 0
1 1 1 0 0 1 0 0 1 1 1 0 1 0 0 0
1 0 0 1 0 0 1 0 1 1 1 0 0 1 1 0
0 0 0 0 0 0 0 1 1 1 0 1 0 1 1 1
0 0 0 1 1 1 0 0 1 0 1 1 1 1 1 1
0 0 0 0 0 1 1 1 0 1 1 0 0 1 0 0
1 1 1 1 1 1 0 1 0 0 0 0 1 0 1 0
1 0 0 1 0 0 0 0 0 0 0 0 1 0 0 1
1 1 0 0 1 0 0 1 1 0 0 0 1 1 0 1
99 34 58 97 12 52 73 44 16 19 68 20 41 12 10 97
50 9 48 43 8 34 60 68 40 33 59 36 98 32 107 104
90 65 60 42 116 139 114 43 136 92 106 147 146 146 106 147
51 74 132 36 59 36 138 105 97 112 33 120 145 32 35 24
76 18 76 8 8 67 42 138 138 98 50 99 58 98 34 64
91 96 116 40 100 51 115 100 104 24 120 107 107 120 115 72
72 49 115 105 67 16 105 35 68 25 48 44 75 51 11 92
40 43 66 90 129 32 44 129 130 96 65 72 112 88 108 100
99 147 20 35 12 16 33 76 136 88 145 139 145 146 60 116
104 91 112 52 17 89 88 84 52 18 75 24 96 106 129 74
56 89 91 67 58 42 10 50 27 59 10 9 26 20 4 4
26 56 56 113 113 113 137 139 4 137 27 48 92 83 122 27
19 17 130 19 74 57 18 64 65 41 41 17 28 83 28 28
122 57 66 9 66 11 84 122 130 26 84 49 11 3 108 3
108 89 114 64 144 49 132 132 114 128 128 123 90 144 144 140
83 131 3 123 73 137 128 136 140 121 121 123 131 140 121 131
