1 1 1 0 1 0 0 0 0 1 0 0 1 1 1 0
1 1 0 1 0 0 1 1 1 1 1 0 0 1 0 0
0 0 1 1 1 0 0 0 0 0 0 0 0 1 0 1
0 0 0 1 1 0 1 0 1 0 1 0 1 0 0 0
1 1 0 0 1 1 1 0 1 1 1 1 1 0 1 1
0 0 1 0 1 1 0 0 0 1 0 1 0 1 0 0
0 1 1 0 1 0 1 1 1 1 1 0 1 0 1 0
0 0 1 1 1 1 0 1 0 1 0 0 0 0 1 0
0 0 0 0 1 0 0 0 1 1 1 0 1 0 0 0
0 1 1 0 0 0 0 1 1 1 1 0 0 0 1 0
0 1 1 0 1 1 0 0 1 1 1 1 0 1 1 0
0 1 0 1 1 1 0 1 0 0 0 0 0 1 1 0
0 0 1 0 1 1 0 1 1 0 0 1 0 1 0 0
1 1 1 0 0 0 0 1 0 1 0 1 1 1 1 1
0 1 0 0 1 0 1 0 0 1 1 1 1 1 0 0
0 0 1 0 1 0 1 1 0 1 1 1 1 1 1 1
16 92 64 132 83 114 84 28 128 73 121 112 64 52 106 89
140 27 58 97 96 28 50 140 145 57 4 100 91 92 123 84
58 84 68 120 145 10 114 98 100 8 100 91 112 113 3 140
128 28 60 59 32 128 4 60 59 3 92 76 4 116 35 144
131 131 49 105 9 41 115 56 145 68 108 120 83 49 57 18
114 12 83 40 147 64 91 116 58 20 44 122 19 68 65 56
72 48 48 44 147 96 18 57 108 48 27 60 113 51 108 8
49 3 36 124 104 16 112 11 19 16 8 132 33 132 20 10
67 19 42 144 106 24 74 105 36 99 32 144 34 146 121 116
76 115 25 72 24 74 44 59 52 136 147 10 51 72 120 33
24 97 27 146 41 25 107 107 99 41 106 32 26 73 75 137
42 20 42 90 36 66 51 138 130 65 123 123 67 66 122 17
96 33 43 40 124 124 98 115 75 17 137 136 105 129 56 65
75 138 73 40 121 67 107 11 130 25 26 43 122 18 43 52
76 131 139 35 34 89 11 139 26 99 129 50 66 34 35 137
17 74 129 146 88 89 90 9 130 88 97 88 138 50 9 136
