0 0 0 0 0 0 0 0 0 0 0 0 0 0 0 0
0 0 0 0 0 0 0 0 0 0 0 0 0 0 0 0
0 0 0 0 0 0 0 0 0 0 0 0 0 0 0 0
0 0 0 0 0 0 0 0 0 0 0 0 0 0 0 0
0 0 0 0 0 0 0 0 0 0 0 0 0 0 0 0
0 0 0 0 0 0 0 0 0 0 0 0 0 0 0 0
0 0 0 0 0 0 0 0 0 0 0 0 0 0 0 0
0 0 0 0 0 0 0 0 0 0 0 0 0 0 0 0
0 0 0 0 0 0 0 0 0 0 0 0 0 0 0 0
0 0 0 0 0 0 0 0 0 0 0 0 0 0 0 0
0 0 0 0 0 0 0 0 0 0 0 0 0 0 0 0
0 0 0 0 0 0 0 0 0 0 0 0 0 0 0 0
0 0 0 0 0 0 0 0 0 0 0 0 0 0 0 0
0 0 0 0 0 0 0 0 0 0 0 0 0 0 0 0
0 0 0 0 0 0 0 0 0 0 0 0 0 0 0 0
0 0 0 0 0 0 0 0 0 0 0 0 0 0 0 0
59 20 18 35 11 69 20 32 42 70 7 55 24 7 42 5
4 19 20 57 28 58 14 17 39 29 32 40 67 44 60 54
17 56 42 31 56 71 68 6 26 8 55 35 26 22 37 37
42 63 50 39 58 50 71 67 52 55 24 15 15 47 22 22
36 14 38 66 59 24 22 53 66 58 59 66 14 61 26 13
68 23 49 23 5 58 62 53 38 13 27 71 17 8 43 64
63 34 20 27 28 41 43 28 26 41 16 36 64 64 6 63
12 63 8 53 53 66 50 54 36 67 67 46 11 18 65 48
16 39 38 18 24 47 6 62 68 23 55 11 15 47 38 71
15 25 50 49 16 47 27 19 32 35 32 28 27 44 29 19
13 52 52 52 70 30 64 69 35 54 69 30 60 14 37 30
59 70 44 8 43 54 36 18 5 23 7 16 69 40 49 48
11 43 44 48 51 70 6 7 57 68 61 46 57 62 46 5
30 34 57 34 4 19 60 60 12 34 4 13 25 31 25 21
17 33 46 41 61 62 61 9 41 31 37 65 51 45 40 9
39 51 4 31 21 40 51 25 29 10 10 12 65 10 45 49
