0 0 0 0 0 0 0 0 0 0 0 0 0 0 0 0
0 0 0 0 0 0 0 0 0 0 0 0 0 0 0 0
0 0 0 0 0 0 0 0 0 0 0 0 0 0 0 0
0 0 0 0 0 0 0 0 0 0 0 0 0 0 0 0
0 0 0 0 0 0 0 0 0 0 0 0 0 0 0 0
0 0 0 0 0 0 0 0 0 0 0 0 0 0 0 0
0 0 0 0 0 0 0 0 0 0 0 0 0 0 0 0
0 0 0 0 0 0 0 0 0 0 0 0 0 0 0 0
0 0 0 0 0 0 0 0 0 0 0 0 0 0 0 0
0 0 0 0 0 0 0 0 0 0 0 0 0 0 0 0
0 0 0 0 0 0 0 0 0 0 0 0 0 0 0 0
0 0 0 0 0 0 0 0 0 0 0 0 0 0 0 0
0 0 0 0 0 0 0 0 0 0 0 0 0 0 0 0
0 0 0 0 0 0 0 0 0 0 0 0 0 0 0 0
0 0 0 0 0 0 0 0 0 0 0 0 0 0 0 0
0 0 0 0 0 0 0 0 0 0 0 0 0 0 0 0
43 49 57 28 26 68 68 13 18 48 24 21 24 45 5 27
21 21 25 53 60 10 8 9 64 67 59 40 40 40 51 36
46 32 52 26 28 13 55 14 44 15 17 19 52 62 60 68
55 63 6 17 23 9 63 48 39 10 17 71 53 21 22 55
62 39 29 41 11 43 42 17 70 38 36 38 13 61 43 32
13 42 43 66 4 24 37 58 42 37 27 66 66 66 8 8
4 5 20 26 45 56 8 7 14 7 53 58 51 23 65 27
44 71 28 7 54 61 30 65 22 19 46 54 19 19 48 48
16 49 49 5 14 49 70 47 68 38 70 31 10 41 59 70
6 32 24 16 51 47 71 36 18 59 32 41 31 51 56 59
33 71 41 23 53 31 29 10 26 55 37 18 46 47 62 28
35 65 12 37 52 4 11 58 63 57 7 14 22 16 23 52
65 60 4 67 40 62 16 29 60 64 63 31 35 64 36 61
35 34 47 45 18 35 11 45 11 33 69 57 12 57 20 64
12 22 12 69 58 15 56 9 69 20 69 5 25 56 50 33
29 33 54 15 42 39 39 9 6 6 34 15 38 30 34 50
