1 0 3 0 1 0 1 1 2 2 2 0 1 1 3 2
2 1 0 1 0 2 3 0 3 3 1 0 2 2 1 3
3 0 0 0 1 3 1 3 1 3 3 1 1 1 1 0
1 1 2 0 1 2 3 0 2 0 0 0 3 1 3 0
3 2 0 0 2 2 3 2 3 0 1 2 2 2 2 3
1 1 2 3 0 0 0 1 1 1 0 3 1 3 1 2
1 3 3 1 2 2 2 0 2 3 2 3 3 1 3 1
2 0 0 0 0 3 1 0 0 0 3 2 1 0 3 0
0 1 2 2 0 2 2 2 3 2 2 3 3 3 2 1
3 3 1 1 0 2 0 3 1 0 1 2 2 3 3 3
3 3 2 0 1 1 1 3 1 3 3 1 1 3 3 1
3 3 3 3 3 1 1 1 1 3 2 3 0 1 1 1
2 2 2 2 0 2 0 0 2 0 0 0 1 1 1 3
1 1 2 3 0 2 3 0 0 2 2 2 2 2 2 3
3 2 0 2 2 0 0 0 0 0 2 0 2 2 0 3
2 2 2 1 2 2 1 1 2 1 2 1 3 1 3 3
32 28 24 44 16 28 48 48 29 29 29 37 25 25 49 13
45 41 14 43 46 47 51 30 42 42 34 30 45 13 16 42
33 37 46 46 18 42 18 42 18 42 42 18 34 18 18 12
18 34 31 21 34 20 19 21 38 21 21 21 35 16 40 14
17 22 30 30 45 45 26 20 35 12 32 13 13 13 13 33
16 16 13 33 46 46 46 34 34 34 46 51 48 17 32 29
27 17 19 27 22 29 29 44 20 40 29 19 19 32 19 16
15 39 39 23 39 24 43 23 39 28 33 47 32 28 24 39
39 41 15 15 39 15 15 15 26 15 47 49 49 49 45 48
49 49 43 48 44 47 30 49 27 44 27 20 22 24 51 51
51 51 31 28 27 27 27 17 32 24 33 48 48 24 35 50
17 17 24 17 33 50 25 32 25 33 45 35 30 50 41 41
36 20 36 20 21 20 21 28 22 28 37 14 16 50 50 35
50 50 45 35 14 22 35 12 14 22 38 31 31 38 36 40
26 36 30 31 36 37 44 44 37 37 47 37 47 47 44 26
36 36 38 25 22 38 25 25 31 41 31 41 51 41 19 19
