1 0 3 0 1 0 1 1 2 2 2 0 1 1 3 2
2 1 0 1 0 2 3 1 1 1 0 3 1 2 2 2
2 2 0 3 2 2 3 3 3 3 0 1 0 3 0 3
3 0 2 2 1 0 0 1 0 0 0 0 0 3 3 1
3 2 3 3 3 1 3 2 1 1 2 3 0 1 1 3
1 1 0 1 2 2 1 0 3 1 0 3 0 3 2 3
3 1 1 1 3 2 0 1 1 1 3 1 0 1 1 3
3 0 0 0 0 1 0 3 2 0 3 3 2 0 2 2
2 1 2 1 1 2 1 0 1 2 1 0 3 0 0 1
2 1 1 2 1 1 1 2 2 2 2 2 2 2 2 2
2 2 3 3 3 2 2 3 3 0 3 3 3 2 3 3
3 1 1 1 3 0 3 3 1 0 1 3 1 3 1 3
3 1 0 0 0 0 2 0 0 0 0 0 0 2 2 3
1 1 2 2 2 1 1 1 1 3 3 3 1 3 0 0
3 1 3 2 1 2 3 2 3 3 1 3 1 3 1 1
1 3 3 3 0 2 0 0 0 0 0 0 0 0 0 0
32 28 24 44 16 28 48 48 29 29 29 37 25 25 49 13
45 41 14 43 46 47 51 16 32 41 30 42 34 38 20 20
20 36 46 51 45 36 42 19 19 51 12 18 28 26 14 40
33 39 36 47 16 14 46 48 37 37 44 44 28 33 49 41
49 22 26 26 26 34 51 15 18 48 36 42 44 34 48 24
48 48 39 34 22 22 32 30 33 27 37 33 46 26 13 26
26 34 18 27 17 13 14 27 27 18 42 16 46 32 27 17
42 30 46 46 30 25 14 33 36 30 33 33 13 30 13 36
36 43 13 18 43 13 18 30 41 45 27 37 49 37 37 18
45 25 50 45 27 50 50 47 47 47 47 20 15 45 45 15
15 31 42 42 35 31 15 35 35 21 35 19 19 15 35 19
35 16 16 16 49 23 17 17 41 21 34 35 32 49 32 49
19 32 21 21 21 21 38 21 39 39 39 39 39 38 47 17
41 41 38 38 38 34 50 43 25 24 24 24 25 19 28 28
51 50 17 31 25 38 40 22 51 51 43 40 43 40 50 43
50 40 40 40 23 15 12 12 12 12 12 28 12 23 23 23
