1 1 0 1 0 1 1 1 1 0 1 0 1 0 1 0
1 1 1 1 0 0 1 1 1 1 0 1 1 1 1 0
1 0 0 1 0 0 1 1 1 1 1 1 1 1 1 0
0 0 0 1 0 1 1 1 0 1 0 1 1 0 0 0
1 0 0 0 1 1 0 0 1 0 1 1 0 0 1 0
0 1 1 0 0 0 0 1 1 0 1 0 1 1 0 0
1 1 0 1 0 1 0 1 1 0 0 1 1 1 0 0
1 1 0 1 1 1 0 0 1 0 1 0 0 1 1 1
1 1 1 1 1 1 1 1 1 1 0 1 1 0 1 0
0 0 0 1 0 0 0 0 0 0 0 0 0 1 0 0
0 0 0 0 0 0 1 0 1 0 0 1 1 0 0 1
0 0 1 1 0 1 1 1 0 1 1 0 0 1 1 1
0 1 0 0 0 0 0 0 0 0 0 1 0 1 0 0
0 1 0 1 0 1 1 1 0 1 1 0 0 1 1 1
1 0 1 1 0 1 1 0 0 1 1 0 0 0 1 1
0 1 0 0 1 0 0 0 0 1 1 0 0 1 0 0
99 34 58 97 12 50 73 52 16 19 68 112 41 12 20 65
52 73 41 92 8 100 57 68 68 106 98 64 120 32 32 72
36 42 42 52 96 132 36 11 43 92 4 34 43 59 4 100
132 49 132 59 58 120 104 25 65 41 28 18 20 112 35 51
99 51 74 105 9 104 33 65 36 98 50 120 107 42 64 98
114 104 147 72 72 74 74 66 66 105 27 128 64 124 8 8
106 59 100 43 35 115 35 75 97 130 24 106 75 129 49 49
129 4 105 108 129 108 146 67 99 96 34 91 44 88 90 113
90 16 145 32 48 16 48 88 48 88 26 145 145 146 20 116
44 139 33 83 24 139 44 33 139 3 28 24 51 50 144 67
114 112 40 146 58 91 83 40 108 91 107 83 113 76 107 90
40 114 73 113 67 25 25 122 89 122 140 84 28 66 138 138
76 97 56 89 89 10 3 84 84 96 60 92 123 140 60 60
116 57 121 57 116 27 138 147 19 9 115 130 12 27 147 136
124 137 136 124 144 115 136 10 10 131 11 123 26 144 122 140
3 9 56 26 131 76 17 17 130 18 18 123 19 131 17 128
