1 1 0 0 0 1 1 0 0 1 0 1 0 1 0 0
1 0 1 0 0 0 1 0 1 0 0 1 0 1 1 1
1 1 0 0 1 1 1 0 0 0 1 0 1 0 0 0
1 0 0 0 0 0 0 1 1 1 1 0 1 0 1 0
1 0 0 0 0 1 0 1 1 0 1 0 0 0 0 1
0 1 0 1 0 1 1 0 1 0 0 0 0 0 1 0
1 0 1 1 1 0 0 1 1 0 1 0 1 1 0 0
1 0 0 0 0 1 0 1 0 0 0 1 0 0 1 0
1 1 0 1 1 1 0 1 1 1 1 1 1 0 1 0
1 0 0 0 1 1 0 1 0 0 1 0 0 1 1 0
0 0 0 0 0 0 0 0 1 1 1 1 1 1 1 0
1 0 0 1 1 0 0 0 0 0 0 0 1 1 1 1
0 1 1 1 1 0 0 1 1 1 1 0 1 1 0 0
1 0 0 0 0 0 0 1 1 1 0 0 0 1 1 1
1 0 1 1 0 1 1 1 1 1 1 1 1 1 1 0
0 0 1 1 0 0 1 0 1 1 1 1 1 1 1 0
16 92 84 28 112 64 36 96 33 140 24 27 100 59 91 100
75 84 131 58 8 100 88 3 50 137 56 20 144 4 140 11
138 27 128 128 120 120 129 116 112 12 48 12 131 132 76 33
20 33 123 112 123 123 116 131 48 92 90 91 9 40 124 24
59 28 28 58 17 68 56 64 145 98 41 146 89 60 67 83
67 27 67 64 44 18 18 144 4 144 17 3 137 40 75 8
83 96 88 122 147 91 132 129 140 121 48 98 83 129 107 12
136 107 121 121 26 97 116 138 107 137 26 11 26 42 108 58
57 147 105 32 41 73 72 20 75 57 9 59 25 146 73 72
41 114 84 128 50 52 44 50 35 3 4 19 96 108 9 60
49 60 49 56 72 8 49 65 108 73 136 88 136 66 66 65
57 65 42 124 66 42 24 139 105 40 132 114 92 16 122 34
35 36 43 113 34 35 19 104 68 16 36 19 68 25 17 89
147 10 10 89 139 139 76 138 90 34 146 10 76 90 25 43
32 114 32 113 74 104 104 113 122 99 115 99 99 43 11 98
105 44 120 52 51 51 52 51 97 97 18 106 106 115 106 130
