1 1 0 1 0 1 0 1 1 0 0 0 0 0 0 0
0 1 1 0 0 1 1 0 1 1 1 0 1 0 0 0
1 0 1 1 0 1 1 1 0 1 0 1 1 0 0 1
0 0 1 1 1 0 1 1 0 1 0 0 0 1 0 0
1 1 1 0 1 1 1 1 1 1 0 1 1 0 0 0
0 1 0 0 0 0 0 0 0 0 1 0 1 0 0 0
1 1 1 0 0 0 1 1 1 0 1 0 0 0 1 0
0 0 0 0 1 1 0 1 1 1 1 1 0 0 1 0
0 0 0 0 0 0 0 0 1 0 1 1 0 0 0 1
0 0 1 0 1 0 0 1 1 1 1 0 1 0 1 0
0 1 0 1 1 1 1 1 0 0 1 0 0 0 1 1
0 0 0 1 1 1 1 1 0 0 0 0 1 0 1 1
1 1 1 1 1 1 1 0 0 0 0 1 1 1 0 1
1 1 1 1 1 1 0 1 1 1 1 0 0 1 1 1
1 1 1 0 0 0 0 1 0 0 1 1 0 0 0 1
0 1 0 0 1 0 1 1 1 0 0 0 0 0 0 1
99 34 58 73 17 52 19 41 97 107 24 116 130 12 8 42
51 9 131 132 8 32 147 132 120 68 52 100 99 89 91 91
11 65 52 92 96 41 73 32 42 59 28 32 43 35 98 36
72 76 4 83 25 19 16 34 42 88 72 130 35 120 35 40
120 36 20 10 20 27 16 36 41 50 17 50 50 49 65 98
67 99 51 107 44 51 100 100 74 105 27 105 106 33 107 8
27 106 68 44 40 105 83 83 73 121 145 89 19 33 106 139
89 58 139 33 90 113 84 59 43 11 34 11 91 40 48 12
128 114 128 128 96 12 49 112 92 67 92 136 58 146 72 4
44 98 4 132 136 146 130 59 9 145 124 139 90 74 129 10
65 97 60 68 145 138 97 138 28 76 138 84 24 24 88 48
116 67 10 108 136 66 16 57 17 137 116 96 104 26 9 43
18 18 48 113 88 57 64 146 28 26 26 64 64 140 60 147
122 57 147 108 66 18 137 115 104 66 115 60 74 104 75 124
124 20 75 76 144 137 121 113 114 121 115 108 114 56 84 122
3 131 3 144 131 3 90 122 140 144 123 56 112 123 49 75
