1 1 0 1 0 1 0 1 1 0 0 0 0 0 0 0
0 1 1 0 0 1 1 1 0 1 1 0 1 1 1 1
0 0 0 1 0 0 1 0 0 0 1 0 0 1 0 1
0 1 0 0 1 0 1 0 1 0 0 0 1 0 1 0
1 0 0 1 1 1 1 1 1 0 1 0 1 1 1 1
1 1 0 1 1 1 1 0 1 1 1 0 1 1 1 0
1 0 1 0 0 0 0 0 1 1 0 1 1 1 0 1
1 1 0 0 1 1 0 1 1 1 1 1 1 0 1 0
0 0 1 1 1 1 0 0 0 0 1 0 1 0 0 1
0 0 0 0 1 0 0 0 1 1 0 0 0 1 0 1
0 1 1 0 1 1 0 0 1 0 0 1 1 0 0 0
1 0 1 0 1 0 1 1 1 1 1 0 1 0 1 0
0 0 0 1 0 0 0 0 0 0 1 0 0 1 1 1
1 0 1 0 0 1 0 1 1 1 0 1 0 1 1 1
1 1 0 0 0 1 1 0 0 1 1 1 1 0 1 1
0 0 0 0 0 0 0 0 1 0 0 0 0 0 0 0
99 34 58 73 17 52 19 41 97 107 24 116 130 12 8 42
51 9 131 132 8 32 52 99 89 27 52 100 120 90 88 104
44 42 60 147 60 49 147 49 65 42 36 112 112 59 12 88
132 36 132 89 20 89 36 116 59 100 98 130 73 10 88 139
120 139 49 9 9 57 90 104 147 107 104 121 50 145 120 108
108 108 100 138 138 138 83 72 83 83 99 19 90 68 16 8
16 10 34 105 105 96 116 33 25 25 10 43 16 18 105 64
136 4 121 121 106 4 107 131 136 106 4 131 106 17 136 76
84 76 68 32 68 50 76 72 72 12 145 19 145 146 35 97
35 35 74 58 27 139 65 130 92 64 98 98 40 73 40 113
137 97 32 146 41 64 24 44 18 91 44 48 48 84 146 33
57 128 50 33 48 26 43 122 92 43 92 114 27 24 25 74
26 112 65 113 40 114 3 58 84 60 140 56 123 140 122 140
122 114 18 74 28 57 123 34 115 66 96 66 17 11 59 124
66 75 28 91 144 124 124 91 56 11 11 75 75 56 20 113
96 137 144 26 144 137 123 3 20 67 67 3 67 28 51 51
