1 1 0 1 0 1 1 1 0 0 0 0 1 1 0 0
1 1 0 1 0 0 1 1 1 0 1 1 0 0 1 1
0 0 1 1 1 1 1 0 0 1 0 1 0 0 0 1
0 0 0 0 1 1 1 0 1 0 0 1 0 0 0 0
1 0 0 0 0 0 1 0 0 0 0 1 1 0 1 0
0 0 0 0 0 0 0 1 1 0 0 1 1 1 0 0
1 1 0 0 0 1 1 1 1 1 0 0 1 0 1 0
0 0 1 1 1 1 0 1 1 0 1 0 0 1 1 1
1 0 1 1 1 1 1 0 0 1 1 0 1 0 0 0
1 0 1 1 1 1 1 1 1 0 1 1 0 1 1 1
1 0 1 0 1 1 0 0 0 0 0 1 0 1 1 1
1 0 1 1 1 0 1 0 1 0 0 0 1 1 1 0
0 1 0 1 0 0 1 0 0 0 1 0 0 1 0 0
1 0 0 0 0 0 0 0 1 1 1 0 1 0 0 0
1 0 1 0 0 0 0 1 1 0 0 1 0 0 0 0
0 1 0 0 1 1 1 0 1 0 1 1 1 0 1 1
99 34 58 97 12 52 73 50 137 19 24 116 41 34 130 137
147 50 40 43 8 100 48 64 147 40 52 64 89 33 120 59
65 76 41 18 92 52 92 19 98 64 28 73 112 98 112 66
132 98 74 89 20 32 32 12 18 116 112 138 116 44 35 100
138 105 76 132 105 132 104 49 58 56 139 43 36 128 41 24
114 17 72 40 128 12 89 147 18 74 44 68 9 68 65 8
106 88 65 44 76 9 9 57 140 90 84 74 16 146 99 60
146 128 16 115 90 99 146 88 36 84 92 91 33 88 90 145
27 84 145 32 50 27 27 28 114 57 68 19 145 58 49 72
138 100 43 83 48 57 48 4 4 72 4 16 96 120 120 104
20 49 20 33 115 34 105 121 121 35 35 129 121 25 66 97
25 8 66 113 36 139 106 139 106 10 17 28 104 83 25 130
96 97 56 113 114 130 115 51 107 107 83 17 123 140 67 107
122 144 51 123 67 123 42 24 75 122 131 91 11 42 26 3
73 91 140 60 144 26 96 113 122 26 3 75 42 144 3 60
67 75 56 51 131 59 108 137 59 10 11 108 108 10 11 136
