1 1 0 1 0 1 1 1 0 0 0 1 1 0 0 1
0 1 1 0 0 0 0 1 1 1 1 1 0 1 1 1
0 1 1 1 0 1 1 1 1 1 1 0 0 0 1 0
1 1 0 0 0 0 0 0 1 0 0 0 1 0 1 1
0 1 0 0 0 1 1 1 0 0 0 0 0 1 1 1
1 1 1 0 1 1 1 0 1 1 0 1 1 0 0 0
1 0 1 1 1 1 1 0 1 0 1 0 0 1 1 0
0 0 1 0 0 0 0 1 1 0 1 0 1 0 1 1
0 0 1 0 1 1 1 1 0 0 1 0 1 0 1 1
1 1 1 1 0 1 1 0 1 1 1 1 0 1 1 1
1 0 0 0 0 0 0 0 1 0 0 0 1 1 1 1
1 0 0 1 1 0 0 1 1 1 0 1 1 0 1 1
1 0 0 0 0 0 0 1 0 1 1 0 0 0 0 0
1 1 1 1 0 1 1 0 0 0 0 0 0 0 0 0
0 1 0 1 0 0 0 0 1 0 1 0 0 0 0 1
0 0 0 0 1 1 0 1 1 0 0 0 0 1 1 0
99 34 58 97 12 52 73 50 137 19 24 34 41 58 100 32
116 147 136 44 137 130 132 97 11 50 52 59 19 73 41 59
49 147 97 18 137 43 34 11 120 52 25 105 105 105 106 33
25 106 42 42 42 89 89 35 90 35 72 130 9 44 68 9
72 68 28 40 98 41 90 104 98 98 60 51 24 66 131 73
43 138 120 40 64 36 64 116 36 20 44 147 32 35 65 8
106 28 32 120 90 36 18 33 43 24 48 33 130 64 108 139
40 76 20 89 8 49 8 131 27 28 50 91 27 49 68 27
123 58 145 107 16 16 88 88 107 107 145 139 145 139 16 88
104 115 59 75 112 9 113 51 4 136 108 136 51 4 108 104
4 132 76 146 10 91 10 10 11 91 12 114 113 113 115 48
131 114 26 25 138 26 84 138 99 124 76 124 115 132 75 75
124 128 100 60 128 128 67 129 100 129 83 56 146 146 17 19
48 57 18 92 26 92 20 72 12 17 96 17 74 3 3 3
84 83 116 83 144 84 74 60 92 121 129 121 121 74 96 99
96 112 112 144 66 66 56 122 140 114 123 123 144 140 57 65
