0 0 0 0 0 0 0 0 0 0 0 0 0 0 0 0
0 0 0 0 0 0 0 0 0 0 0 0 0 0 0 0
0 0 0 0 0 0 0 0 0 0 0 0 0 0 0 0
0 0 0 0 0 0 0 0 0 0 0 0 0 0 0 0
0 0 0 0 0 0 0 0 0 0 0 0 0 0 0 0
0 0 0 0 0 0 0 0 0 0 0 0 0 0 0 0
0 0 0 0 0 0 0 0 0 0 0 0 0 0 0 0
0 0 0 0 0 0 0 0 0 0 0 0 0 0 0 0
0 0 0 0 0 0 0 0 0 0 0 0 0 0 0 0
0 0 0 0 0 0 0 0 0 0 0 0 0 0 0 0
0 0 0 0 0 0 0 0 0 0 0 0 0 0 0 0
0 0 0 0 0 0 0 0 0 0 0 0 0 0 0 0
0 0 0 0 0 0 0 0 0 0 0 0 0 0 0 0
0 0 0 0 0 0 0 0 0 0 0 0 0 0 0 0
0 0 0 0 0 0 0 0 0 0 0 0 0 0 0 0
0 0 0 0 0 0 0 0 0 0 0 0 0 0 0 0
59 20 35 57 7 32 44 27 8 11 13 30 24 7 20 42
60 17 43 40 32 19 25 33 25 29 56 36 11 25 18 55
55 5 62 10 21 27 43 6 37 26 50 61 13 13 63 45
21 6 6 49 58 28 24 54 34 27 42 25 60 51 21 4
71 7 8 13 56 44 17 63 66 66 61 38 30 63 38 32
27 19 23 62 15 29 58 51 29 31 54 43 5 55 19 71
57 46 39 17 48 14 40 68 47 18 44 33 43 35 65 47
42 63 31 69 58 41 12 36 28 14 46 54 15 9 23 45
32 50 18 60 53 30 57 16 12 23 44 11 16 12 29 51
19 42 66 46 10 11 60 50 71 64 4 39 31 51 31 55
54 22 62 36 40 36 68 30 16 18 5 50 12 45 48 45
59 67 9 67 67 64 41 46 56 67 64 47 24 66 41 47
15 57 26 28 24 15 38 38 64 48 23 59 14 14 56 37
52 65 65 52 59 58 65 62 69 52 69 37 37 61 52 53
71 22 17 69 68 4 61 16 41 48 40 9 39 34 68 10
49 8 7 4 8 39 35 34 5 33 34 33 35 49 49 22
