0 0 0 0 0 0 0 0 0 0 0 0 0 0 0 0
0 0 0 0 0 0 0 0 0 0 0 0 0 0 0 0
0 0 0 0 0 0 0 0 0 0 0 0 0 0 0 0
0 0 0 0 0 0 0 0 0 0 0 0 0 0 0 0
0 0 0 0 0 0 0 0 0 0 0 0 0 0 0 0
0 0 0 0 0 0 0 0 0 0 0 0 0 0 0 0
0 0 0 0 0 0 0 0 0 0 0 0 0 0 0 0
0 0 0 0 0 0 0 0 0 0 0 0 0 0 0 0
0 0 0 0 0 0 0 0 0 0 0 0 0 0 0 0
0 0 0 0 0 0 0 0 0 0 0 0 0 0 0 0
0 0 0 0 0 0 0 0 0 0 0 0 0 0 0 0
0 0 0 0 0 0 0 0 0 0 0 0 0 0 0 0
0 0 0 0 0 0 0 0 0 0 0 0 0 0 0 0
0 0 0 0 0 0 0 0 0 0 0 0 0 0 0 0
0 0 0 0 0 0 0 0 0 0 0 0 0 0 0 0
0 0 0 0 0 0 0 0 0 0 0 0 0 0 0 0
43 49 57 28 26 68 68 13 18 48 24 21 45 21 9 64
13 19 56 37 60 10 68 41 67 38 37 48 61 20 69 71
39 53 68 64 38 55 25 10 66 64 25 56 17 45 66 12
54 66 33 39 12 60 43 43 33 40 43 50 70 32 30 31
52 60 60 57 51 10 22 54 22 58 59 36 13 44 47 64
46 42 55 58 42 48 9 30 41 31 27 24 24 5 32 21
33 51 22 45 40 59 10 54 4 11 36 28 11 18 65 69
39 42 62 69 24 50 42 35 4 50 46 61 65 65 65 25
16 35 16 70 30 30 13 20 5 23 70 49 20 39 12 32
32 53 26 45 63 21 27 47 4 53 31 34 31 44 52 41
61 51 8 33 52 52 46 62 16 54 55 51 59 47 46 44
8 55 40 14 58 16 36 7 63 5 59 20 61 8 71 47
5 69 26 14 15 70 63 29 63 44 14 35 17 67 56 12
49 71 40 36 7 67 23 19 11 6 4 14 28 66 26 50
56 67 6 15 8 15 49 9 38 35 23 19 19 18 53 38
11 6 7 15 57 28 29 9 29 62 23 25 37 37 34 7
