1 0 1 0 1 1 1 0 1 0 0 0 1 0 1 1
1 1 0 1 0 1 0 1 0 1 0 0 0 0 0 0
0 1 0 1 1 1 0 1 0 1 0 0 0 1 1 0
0 1 0 1 0 0 1 1 0 0 0 0 1 1 0 1
0 0 0 0 1 0 0 0 1 0 0 0 0 0 0 0
1 0 0 1 1 1 1 0 0 0 0 1 0 0 0 1
0 0 1 0 1 1 0 0 0 0 1 1 1 0 1 0
0 1 1 1 1 1 1 0 1 0 1 1 0 1 1 0
1 1 1 1 0 1 0 0 1 0 0 0 1 0 0 1
0 0 0 1 0 0 1 0 0 1 1 0 0 0 0 0
0 1 0 1 0 0 1 0 1 0 1 1 1 0 0 0
1 1 0 1 1 1 0 0 1 0 1 1 1 0 0 0
0 0 1 0 0 0 0 1 0 1 1 1 1 0 1 1
0 0 1 0 1 1 0 0 1 1 1 1 1 1 1 0
0 1 0 1 1 1 1 0 1 0 1 1 0 1 0 1
1 1 1 1 1 1 1 1 1 1 1 1 0 0 1 1
59 27 18 52 35 61 10 58 20 17 17 17 24 7 49 14
39 30 42 30 17 10 17 24 44 8 9 42 11 54 29 54
9 35 44 55 35 55 50 6 42 20 54 44 40 16 35 25
58 20 25 22 25 40 22 16 52 21 58 25 16 16 21 51
52 40 29 52 16 3 58 40 22 58 3 40 52 29 3 3
41 42 9 41 30 30 61 60 42 29 27 41 11 25 9 22
9 27 10 27 41 41 13 27 13 48 22 28 49 23 51 3
23 61 51 51 6 61 51 23 63 56 55 6 15 6 43 48
6 43 43 30 15 63 48 62 63 38 15 11 61 48 38 63
15 21 15 49 13 11 39 36 36 37 37 13 36 44 60 5
36 49 62 26 62 62 49 62 26 54 26 26 59 38 48 38
59 26 38 10 10 63 29 11 35 50 55 14 55 13 46 50
21 50 4 5 23 5 21 18 60 8 4 18 57 23 37 37
7 7 57 7 4 57 60 7 47 8 4 57 28 57 8 44
5 28 5 47 47 4 8 60 37 31 24 47 46 18 50 59
12 45 18 12 28 28 45 12 47 20 12 43 19 19 59 12
