1 0 1 0 1 1 1 0 1 0 0 0 1 1 0 1
1 1 1 0 0 1 0 0 1 1 1 1 0 1 1 1
0 0 1 1 0 1 0 0 0 1 0 1 0 1 0 0
1 0 0 1 1 0 0 0 1 0 1 1 0 0 0 1
1 1 0 1 0 0 1 1 1 1 0 0 1 0 0 0
1 0 0 1 0 0 0 0 0 0 0 0 0 1 1 0
0 1 0 1 0 0 1 1 0 1 0 0 1 0 0 1
0 0 0 0 0 1 1 1 0 1 0 1 1 1 1 1
0 1 1 1 0 1 1 0 0 0 1 1 1 1 1 1
1 1 1 0 0 1 0 0 0 1 1 0 1 1 1 0
1 1 1 0 1 1 0 0 1 0 1 1 1 0 0 1
1 0 0 0 1 1 0 0 1 1 0 0 1 1 0 1
0 1 1 1 0 1 1 0 1 0 0 1 0 1 1 1
0 1 1 0 0 0 0 0 0 1 0 1 0 0 0 0
1 0 1 1 1 0 0 0 0 1 0 1 0 1 1 0
0 0 0 0 1 0 0 0 1 1 1 0 0 0 0 0
59 27 18 52 35 61 10 58 20 17 17 17 37 24 42 30
39 55 63 52 54 14 56 46 41 10 20 26 36 24 61 16
36 38 24 30 29 6 11 27 62 18 31 30 11 51 7 31
30 62 44 16 49 23 13 38 47 38 59 14 15 38 17 35
59 18 9 39 62 15 18 35 30 14 25 15 47 50 7 11
57 19 15 24 11 62 38 25 3 17 62 15 58 47 47 50
48 47 46 41 58 23 28 45 27 41 46 21 35 31 31 57
27 60 40 44 60 20 18 6 42 28 44 61 8 28 8 39
31 26 6 45 27 6 35 9 23 13 63 57 49 59 63 57
4 63 39 48 11 8 3 36 3 4 4 13 61 16 16 60
10 43 8 60 26 43 42 60 12 5 43 63 37 40 58 24
6 58 5 5 12 16 5 19 26 28 25 5 8 43 25 26
46 14 14 28 19 20 4 3 12 29 19 20 13 41 41 12
46 39 12 40 13 21 56 40 56 51 7 57 9 40 19 54
37 36 45 45 45 9 36 21 21 59 3 43 21 10 10 7
48 7 48 25 22 9 48 44 22 37 37 23 50 42 54 42
