0 1 1 1 1 0 1 1 0 1 0 0 0 0 0 0
0 1 0 0 0 0 1 0 1 1 0 1 1 1 0 0
1 0 1 1 0 0 1 1 1 1 0 1 0 0 0 1
1 0 1 1 0 0 1 1 1 1 0 1 1 1 1 1
1 1 0 0 0 0 1 1 1 0 1 1 0 0 1 0
1 1 0 0 0 0 0 0 1 0 0 0 1 0 0 0
1 1 0 1 1 1 0 1 0 0 1 1 0 0 1 0
1 0 1 0 1 0 1 1 0 1 0 1 1 1 1 1
0 1 0 1 1 0 0 1 0 0 0 0 1 0 0 1
1 0 0 1 0 0 1 0 1 1 0 0 1 1 1 1
0 1 1 0 0 1 0 0 1 0 1 1 1 1 0 0
0 1 1 0 1 0 1 0 0 1 1 1 1 1 0 0
1 0 1 1 1 1 1 1 0 1 1 1 0 0 0 1
1 0 0 1 0 1 1 1 1 1 1 0 0 0 1 1
0 0 0 0 0 0 1 0 1 1 0 0 0 1 0 1
0 1 1 0 0 0 0 0 0 0 1 0 0 0 1 0
70 71 8 7 15 14 16 15 66 15 13 21 61 37 61 25
46 23 21 29 21 37 68 70 28 60 70 60 7 28 33 61
40 70 24 19 9 33 23 35 19 15 62 19 45 62 38 19
59 30 11 11 14 25 63 56 63 55 22 71 32 68 68 71
39 39 29 66 62 61 35 39 32 38 59 55 22 53 35 14
43 16 17 17 18 53 38 22 35 14 18 22 59 10 10 18
16 11 10 8 11 56 10 24 38 13 28 28 46 21 16 54
12 26 8 69 47 53 51 36 53 8 46 36 24 51 40 36
26 43 18 47 24 37 26 48 54 41 69 62 20 69 65 63
7 69 50 32 13 34 31 54 32 63 42 13 31 43 12 48
57 51 20 41 30 31 26 9 31 54 7 51 20 27 42 30
34 68 43 42 39 34 36 46 37 23 47 12 47 12 30 45
67 41 44 67 40 27 64 67 50 64 67 55 66 66 9 52
64 34 65 52 50 55 23 60 20 40 56 57 6 57 48 60
42 45 17 41 33 58 56 9 52 52 45 65 65 64 50 59
6 48 71 58 6 25 57 58 29 6 44 33 25 17 44 49
