0 0 1 0 0 1 0 0 1 0 1 0 1 0 0 0
0 0 0 0 0 1 1 0 1 0 1 0 0 0 1 1
1 0 0 0 0 0 1 1 0 1 1 1 0 0 0 0
0 0 1 0 1 1 0 1 1 1 1 1 1 1 0 1
1 1 0 0 0 1 0 0 1 0 1 1 0 0 0 1
1 1 1 0 0 0 0 1 0 1 1 0 0 0 0 0
1 0 1 1 1 0 1 0 0 0 1 1 0 0 0 0
1 1 0 0 1 0 1 0 1 0 1 0 1 1 0 0
1 1 1 1 1 1 1 1 1 1 1 1 0 1 0 0
1 0 1 0 0 1 1 1 0 0 1 0 1 1 1 0
1 1 1 0 1 0 0 0 0 1 1 0 1 1 0 0
1 0 0 1 1 0 0 1 0 0 1 1 1 1 1 1
1 1 0 1 1 0 0 1 1 1 1 1 1 1 0 0
1 0 0 1 0 1 1 0 1 0 0 0 1 0 1 0
0 1 0 1 1 1 0 0 1 0 1 0 0 1 1 1
0 1 1 0 0 0 0 1 0 0 1 0 1 0 0 1
10 69 52 53 53 27 66 30 8 45 71 41 55 57 21 6
41 50 21 26 6 23 64 21 43 38 63 54 65 21 7 68
44 50 9 53 22 54 59 59 70 15 56 19 66 45 38 53
65 26 60 49 12 52 66 60 71 55 43 71 23 19 37 63
63 31 22 65 69 44 46 62 16 14 56 60 50 6 50 48
68 19 48 17 42 38 38 19 46 12 52 26 22 22 46 18
67 45 60 39 52 14 24 69 26 46 28 16 6 62 65 17
23 67 69 17 43 62 27 41 71 62 20 25 55 16 13 45
16 55 31 27 24 23 7 67 67 59 27 11 13 24 42 14
40 33 24 49 17 63 59 39 9 10 28 49 31 43 56 14
39 40 51 33 35 25 49 41 29 31 56 13 15 8 29 30
20 33 25 39 35 18 29 68 58 13 7 8 15 47 64 8
15 28 25 20 40 34 18 35 48 12 68 12 51 7 9 37
35 57 33 36 30 64 11 9 11 34 57 29 36 57 47 34
42 48 18 51 47 44 61 58 40 70 11 10 34 64 44 47
58 28 51 61 66 37 10 32 30 61 20 70 36 42 70 32
