0 2 2 2 0 1 1 1 1 0 1 0 3 0 2 1
0 0 0 2 0 0 1 2 2 0 2 0 2 0 2 2
1 0 2 2 0 0 1 0 1 2 3 0 2 0 3 3
0 1 3 2 3 3 3 1 1 3 3 2 2 2 3 1
1 0 1 0 1 0 3 3 3 3 2 2 1 2 3 0
3 3 2 2 3 0 1 0 1 0 3 1 3 1 3 3
1 1 3 3 2 0 3 1 3 0 1 0 3 2 3 3
3 2 3 2 1 3 3 1 3 1 3 1 3 1 1 2
1 0 0 0 2 1 2 2 3 0 3 2 1 1 1 0
3 1 3 3 0 1 3 1 1 1 2 1 2 3 2 2
1 0 3 1 0 0 2 3 1 1 1 3 0 0 2 2
2 1 0 2 1 1 3 3 0 1 3 0 1 1 1 1
0 0 2 0 0 0 2 1 3 2 3 0 2 2 1 0
2 1 2 2 3 2 0 3 2 1 3 0 1 1 0 1
0 3 2 3 1 2 3 0 0 0 2 3 2 1 0 0
0 2 3 1 1 0 1 2 2 2 0 2 3 2 3 0
60 20 52 20 44 16 16 16 16 44 16 44 24 12 36 48
44 28 60 20 60 60 32 20 36 44 36 60 52 28 52 36
48 25 52 52 57 28 32 28 32 20 24 28 36 12 56 40
12 48 56 49 56 24 24 48 32 24 40 49 49 17 21 13
32 41 48 41 45 41 37 56 56 40 42 42 22 33 37 25
21 21 49 33 53 57 61 41 61 12 14 29 14 22 53 46
61 29 39 39 35 41 62 47 62 3 47 18 40 35 62 14
14 2 53 17 61 53 40 54 53 61 46 54 14 38 54 17
38 34 43 18 17 13 19 17 21 27 30 33 29 13 29 25
37 54 37 46 43 47 30 13 45 22 42 54 26 30 58 2
13 34 46 15 3 3 49 62 38 47 45 46 18 50 26 42
58 22 57 42 15 31 39 55 59 47 37 43 15 45 22 45
3 57 26 34 34 34 19 38 39 26 21 3 51 26 15 59
2 15 51 35 30 35 18 62 35 31 39 57 31 31 43 31
18 55 19 55 63 2 55 59 50 59 19 55 2 63 50 59
43 19 30 38 29 50 63 51 58 51 50 33 23 51 23 27
