0 2 2 2 0 1 1 1 1 1 0 2 3 0 1 2
0 0 3 2 0 0 0 2 2 0 1 1 0 0 1 2
0 2 0 2 3 0 1 0 0 3 2 0 2 0 3 3
1 0 2 2 2 2 0 3 2 3 0 1 3 1 3 3
1 0 2 0 1 3 3 3 3 3 1 2 3 1 3 0
1 2 3 3 2 1 3 3 2 1 3 2 1 0 3 1
2 2 3 3 0 3 0 0 0 3 2 2 1 1 1 1
1 3 1 3 1 3 3 1 2 1 3 1 2 2 2 2
3 3 0 0 3 3 0 3 3 3 2 3 1 3 2 2
1 2 0 1 1 1 1 0 2 1 3 1 1 0 3 2
2 1 0 3 2 2 2 3 0 0 3 2 1 1 2 3
1 1 3 0 0 0 1 3 1 1 3 2 1 2 0 0
1 0 2 2 1 0 3 2 2 0 1 3 0 2 3 2
1 0 0 0 3 0 1 1 3 0 1 0 0 3 2 2
1 1 2 0 3 0 3 2 2 1 1 1 3 3 0 1
3 1 1 3 1 0 3 3 2 2 2 0 0 2 0 0
60 20 52 20 44 16 16 16 16 16 44 52 24 28 32 36
44 44 24 52 28 60 12 20 36 60 48 48 44 28 32 36
60 36 60 36 56 12 48 28 28 40 52 12 52 12 56 40
32 41 33 49 33 33 41 37 33 21 41 13 37 29 21 56
32 12 17 57 61 24 53 53 21 40 32 20 24 54 56 3
48 19 40 40 20 48 24 56 2 61 14 2 29 3 39 22
17 49 21 62 25 53 25 25 25 14 2 26 31 31 29 22
29 14 13 14 47 14 23 47 51 47 37 13 19 17 17 17
21 37 57 41 53 37 25 62 62 23 42 62 61 62 42 49
61 33 18 31 13 29 31 18 19 31 46 13 47 18 23 19
35 22 18 23 35 35 49 30 59 18 55 51 15 47 19 23
15 22 53 41 3 3 63 55 63 63 55 35 22 49 3 43
15 59 26 51 15 34 39 35 51 43 38 55 57 58 46 51
45 34 59 43 30 43 45 61 46 50 54 57 50 39 42 26
45 54 26 43 30 59 46 2 2 38 54 54 46 30 50 38
39 38 63 39 38 57 55 30 26 42 58 59 27 42 50 27
