0 1 2 3 0 1 2 3 0 1 2 3 1 0 0 1
2 0 0 0 1 2 2 3 1 0 2 3 0 3 1 2
0 3 0 1 0 0 2 1 0 0 2 3 1 3 0 0
1 2 0 3 2 3 2 2 3 2 2 0 1 2 2 1
1 1 2 3 2 1 1 1 1 0 1 3 1 3 2 2
3 3 2 1 2 1 3 0 3 1 2 2 1 3 3 3
3 3 2 3 3 2 0 3 2 3 3 1 2 0 1 3
3 1 3 3 0 2 2 1 1 2 0 1 3 1 3 3
3 3 0 0 2 1 0 1 3 0 0 0 1 3 3 1
3 3 1 1 1 1 0 1 0 0 0 2 3 3 1 1
0 0 3 3 0 1 2 0 0 2 3 1 2 2 2 2
0 2 3 3 2 2 3 0 3 0 2 0 2 0 2 0
3 0 1 0 1 3 0 3 1 1 3 3 0 2 0 1
2 1 0 3 0 3 1 0 2 2 0 1 2 3 0 2
3 3 1 1 1 0 3 0 1 3 2 2 3 1 1 0
1 1 1 1 1 1 2 0 0 0 1 0 0 1 2 0
12 16 20 24 28 32 36 40 44 48 52 56 16 60 12 16
20 12 25 12 22 20 20 24 16 28 20 24 28 24 32 52
12 23 25 29 25 28 33 29 57 41 33 37 45 37 41 41
29 33 25 21 49 23 42 51 56 51 51 28 13 26 17 22
38 38 58 56 52 48 16 32 32 18 48 24 32 21 49 49
53 56 52 22 52 22 14 44 55 22 2 2 54 14 40 56
30 30 19 37 62 26 34 37 33 21 37 38 35 60 61 46
39 31 40 40 41 17 17 13 61 17 3 61 62 29 21 62
62 62 18 59 33 48 27 31 53 41 59 25 61 21 14 13
30 14 13 13 31 31 44 31 18 18 44 17 53 53 63 29
44 18 39 40 60 47 35 60 3 2 53 63 2 2 35 35
59 51 23 23 19 49 30 34 46 34 19 50 35 34 19 3
46 50 47 34 38 55 59 55 54 38 55 55 59 42 3 54
19 15 3 46 50 14 47 43 42 51 50 63 42 46 50 42
39 39 47 54 47 27 39 60 54 30 26 49 23 15 61 43
45 15 15 45 45 45 36 27 43 43 48 57 57 63 58 27
