6 4 1 0 0 0 5 0 5 5 2 6 0 4 2 5
1 1 6 6 0 7 4 3 2 3 2 0 0 4 1 3
3 7 7 7 2 1 5 5 4 1 3 4 1 3 4 3
4 5 1 5 2 5 2 4 2 1 5 3 1 5 7 4
1 5 3 4 3 1 4 1 7 4 3 7 7 4 7 7
7 0 7 5 4 0 0 0 4 1 6 4 0 5 5 2
2 2 7 2 2 4 2 5 2 4 7 0 4 7 4 0
6 6 0 0 6 5 5 2 1 1 6 6 3 7 7 1
7 7 5 2 6 4 6 4 6 2 0 7 1 6 2 2
0 0 3 4 0 2 3 2 2 5 3 3 4 1 1 2
5 5 2 6 2 2 5 6 2 2 6 4 4 3 3 3
5 0 0 4 4 7 1 4 1 0 0 0 1 6 1 1
1 6 6 4 0 0 0 0 0 1 0 7 7 7 7 7
3 6 6 0 6 3 0 3 2 3 0 0 2 0 3 1
3 3 1 3 3 3 5 2 3 3 5 1 2 2 7 5
2 1 3 1 7 1 4 1 4 7 4 5 3 6 5 5
9 7 4 11 11 11 8 11 8 8 5 9 3 7 5 8
4 4 9 9 3 10 7 6 5 6 5 3 3 7 4 6
6 10 10 10 16 23 19 19 18 15 17 18 23 17 18 17
18 29 33 29 16 29 16 46 16 23 19 17 23 19 21 46
33 29 27 46 27 33 28 33 31 28 27 41 79 36 31 31
41 32 69 47 76 32 32 32 28 81 78 76 52 77 39 24
24 24 21 64 64 56 24 47 44 36 21 22 36 21 36 22
20 20 22 22 20 47 47 54 53 53 20 68 27 51 31 53
41 89 57 34 68 76 68 76 68 34 42 59 53 88 34 34
42 42 35 46 42 44 65 44 44 87 65 45 56 43 43 72
87 87 72 88 64 54 57 30 64 54 30 94 94 93 93 93
87 90 90 84 84 51 63 84 63 52 52 52 15 48 63 15
15 40 40 28 90 60 70 70 70 63 70 69 89 69 89 89
45 40 30 80 30 35 80 83 72 83 80 80 72 90 75 81
65 75 81 75 75 65 77 82 83 83 77 81 82 82 79 39
82 91 93 91 79 91 94 91 94 79 84 57 35 78 57 39
