0 2 2 2 0 1 1 1 1 1 0 0 3 2 0 2
0 0 0 2 0 0 0 0 2 0 1 1 0 2 2 2
1 3 2 3 3 0 3 2 2 1 0 0 0 0 0 3
1 3 3 2 1 1 0 3 3 2 3 0 1 0 3 3
1 3 3 3 3 2 2 2 1 0 1 1 1 3 3 3
1 3 3 3 3 1 1 2 2 2 2 1 2 2 3 0
1 1 0 3 1 0 1 0 3 1 0 1 0 1 3 0
3 2 3 0 3 2 0 2 0 2 3 1 2 2 0 2
0 0 0 0 3 3 2 3 1 1 2 3 1 3 1 3
0 3 3 3 1 3 0 0 3 0 3 2 1 1 3 2
0 0 2 1 2 3 0 3 2 1 3 2 3 1 2 2
3 1 1 2 0 2 1 2 1 2 2 2 1 2 1 2
1 1 1 0 3 0 0 2 0 3 3 0 1 1 0 3
3 1 1 1 3 2 3 2 2 3 2 2 2 1 2 2
2 3 2 3 1 1 0 0 0 1 0 1 1 2 2 1
1 1 2 1 2 3 0 2 1 1 1 3 3 1 1 1
60 20 52 20 44 16 16 16 16 16 44 44 24 52 28 36
44 44 28 52 28 60 60 12 36 60 48 48 60 20 36 36
48 56 20 40 56 12 40 52 52 32 28 28 12 12 12 40
32 56 40 36 48 48 25 40 56 20 24 50 32 25 21 24
32 21 37 56 24 17 49 33 61 41 61 13 13 53 53 14
32 21 21 24 39 31 31 51 49 49 51 54 49 49 39 3
63 29 18 62 29 59 29 18 55 29 57 29 18 31 62 3
23 2 62 41 21 26 3 26 3 26 55 13 19 51 59 26
59 18 57 18 62 30 26 62 22 38 17 37 13 39 38 53
3 53 39 46 13 53 27 59 39 59 37 42 31 22 55 19
57 57 51 22 35 55 57 30 42 54 37 42 46 47 51 2
55 22 47 42 41 42 63 19 63 2 19 2 22 2 63 19
47 47 47 41 30 27 41 35 50 30 46 27 38 54 27 23
23 63 54 54 30 58 23 35 58 23 58 58 58 31 35 35
17 14 17 14 15 15 43 25 25 15 25 15 15 33 33 38
38 45 33 61 33 37 43 17 61 45 61 46 46 45 45 45
