0 2 2 2 0 1 1 1 1 1 0 2 3 0 1 2
0 0 3 2 0 0 1 0 2 0 2 1 2 0 0 2
0 2 3 0 0 1 0 2 1 3 1 1 1 3 0 2
0 2 3 2 0 0 0 3 2 3 2 0 1 0 1 3
3 3 3 0 2 3 1 3 1 2 3 0 1 1 2 2
2 2 0 2 1 0 1 2 3 1 1 3 1 0 1 0
2 1 0 0 1 1 1 3 2 1 3 2 0 1 3 1
0 2 1 0 1 3 3 2 1 3 3 3 1 2 2 2
3 2 0 1 3 3 2 3 1 2 1 0 3 2 2 1
0 1 1 3 1 1 0 0 3 3 3 1 3 1 3 2
2 3 0 1 2 0 2 0 1 3 3 0 1 1 1 3
1 0 1 2 2 1 3 2 1 3 2 1 2 3 3 2
1 3 1 3 3 0 2 3 2 2 0 2 3 0 2 2
2 1 3 2 3 3 3 0 3 0 0 1 0 2 0 0
3 3 3 1 0 3 0 2 3 3 3 3 3 0 3 2
3 2 2 2 0 0 1 0 1 2 0 1 0 0 0 0
60 20 52 20 44 16 16 16 16 16 44 52 24 28 32 36
44 44 24 52 28 60 32 12 36 60 36 48 20 28 60 36
44 52 24 28 28 32 60 36 48 56 48 32 48 40 12 33
12 52 56 49 12 25 25 56 20 24 20 25 32 12 48 56
40 24 56 41 17 37 29 37 61 33 40 57 13 29 42 2
49 42 18 17 61 18 29 17 40 31 31 62 31 25 22 3
19 29 41 25 61 61 29 62 26 61 62 26 18 31 40 22
18 26 22 18 31 62 62 35 22 55 55 39 63 51 26 35
30 35 57 47 30 30 26 14 22 51 63 59 14 35 19 63
3 54 47 46 13 47 27 59 30 14 37 13 14 15 14 19
35 37 41 38 51 59 49 59 38 37 55 3 15 47 38 21
15 3 13 19 17 15 21 17 63 23 19 13 42 23 23 49
15 21 47 23 23 27 49 21 51 42 41 42 53 41 2 51
2 63 21 2 30 46 46 3 53 59 43 38 43 2 43 34
39 53 46 38 43 53 43 58 55 39 46 55 39 34 53 58
39 58 58 58 57 34 54 27 54 33 57 54 57 34 34 27
