1 0 3 0 1 0 1 1 2 2 2 0 1 1 3 0
2 3 2 1 3 1 2 0 1 1 3 1 1 0 3 0
0 1 3 1 0 3 1 3 0 0 1 3 2 2 1 0
2 1 2 3 3 0 2 2 1 2 1 3 3 1 1 0
1 1 1 1 1 1 2 2 0 0 0 3 2 1 2 3
2 1 3 0 3 0 1 0 2 0 0 0 0 0 1 1
0 2 3 2 3 3 2 0 2 0 2 2 0 0 3 3
2 0 2 0 3 2 0 1 0 0 2 0 0 1 2 3
0 0 1 0 0 2 3 3 3 2 1 1 3 2 3 2
2 0 2 3 2 0 2 3 0 0 0 1 1 0 1 2
2 3 2 1 1 2 1 3 3 2 0 0 3 2 3 1
1 3 3 3 3 3 3 3 3 3 3 1 1 1 1 3
3 3 1 2 1 0 1 0 0 0 0 0 3 2 1 2
3 1 0 2 0 2 2 2 3 2 0 0 0 3 2 0
3 3 3 1 0 0 2 0 3 3 1 2 2 3 2 0
0 2 2 2 2 2 3 3 3 3 3 1 1 1 2 2
32 28 24 44 16 28 48 48 29 29 29 37 25 25 49 21
13 33 13 41 33 43 45 46 32 41 24 43 16 23 42 14
44 18 42 34 30 42 18 42 30 28 50 17 36 36 18 46
22 27 47 26 26 39 45 45 34 45 34 51 33 18 18 14
48 18 18 48 34 34 36 15 30 21 21 40 20 50 15 40
36 32 42 21 42 12 16 21 38 21 12 21 12 12 16 16
44 31 49 31 49 26 20 46 20 12 38 20 14 14 26 26
20 30 20 46 26 20 14 50 46 30 31 30 46 50 15 26
39 39 50 39 46 31 24 24 24 22 50 50 49 31 49 15
31 30 31 49 15 39 15 49 12 12 39 27 48 39 27 45
15 33 45 34 48 45 27 35 35 13 14 14 19 13 35 41
41 33 35 17 17 17 17 17 17 24 19 25 25 25 16 24
19 33 16 13 41 44 41 37 37 28 37 37 33 13 41 13
19 34 37 29 37 22 29 22 42 29 28 44 28 19 36 28
19 19 35 25 23 23 22 23 35 35 25 29 22 51 22 44
44 38 38 38 38 38 51 51 51 51 51 27 27 27 47 47
