1 0 3 0 1 0 1 1 2 2 2 0 1 1 3 0
2 3 1 1 3 2 2 1 1 1 2 2 3 2 1 1
1 3 1 2 0 1 2 1 2 3 3 3 2 3 2 0
0 2 3 0 0 0 0 0 1 0 2 2 3 1 1 1
1 2 0 0 3 0 0 2 2 2 3 2 2 3 1 0
2 0 2 2 2 0 2 3 2 2 2 2 3 0 2 1
0 0 1 0 1 1 0 2 2 0 3 2 2 3 0 3
2 3 3 1 1 1 1 1 3 3 0 3 0 2 3 2
2 1 1 0 0 0 3 3 3 0 0 2 2 2 3 0
0 2 2 2 2 3 2 1 1 1 1 1 1 3 3 3
3 3 2 2 1 1 2 3 0 3 0 1 3 2 3 0
0 0 3 0 1 0 2 0 1 1 1 1 3 1 2 2
1 3 1 3 3 3 3 1 1 0 1 1 3 3 3 2
3 3 1 1 0 2 3 1 1 0 0 3 1 1 0 0
3 0 0 3 1 0 3 0 0 0 3 0 0 2 0 0
3 0 3 1 3 1 3 1 0 0 0 3 0 1 3 0
32 28 24 44 16 28 48 48 29 29 29 37 25 25 49 21
13 33 32 41 33 45 45 34 43 27 29 45 51 29 34 34
27 24 34 45 30 34 29 34 29 26 42 26 13 42 38 14
46 38 35 12 12 12 12 39 16 39 13 13 26 50 34 50
41 36 39 39 26 39 39 15 13 20 33 38 20 33 41 12
13 23 31 45 13 30 31 51 31 31 31 22 17 44 47 41
12 12 41 14 18 32 14 20 20 14 24 20 20 24 37 24
20 24 19 16 16 16 16 16 51 24 37 51 39 45 17 47
47 32 32 37 37 37 17 17 26 30 21 31 47 31 17 30
30 15 15 15 15 35 15 18 27 27 27 27 27 51 51 40
40 33 47 47 41 18 45 35 46 40 46 32 40 22 33 46
46 28 33 30 18 30 22 37 50 50 50 50 40 48 15 22
48 26 48 49 49 49 26 32 48 28 48 18 19 49 49 22
49 40 43 43 46 22 40 43 43 44 46 51 50 43 44 44
35 44 44 35 43 23 42 23 21 23 35 14 21 47 21 21
19 21 35 25 17 25 17 25 28 28 28 19 14 18 19 14
