6 4 1 0 0 0 5 0 5 0 2 2 1 4 5 6
5 1 6 2 0 7 6 3 2 0 3 0 4 4 7 7
3 1 1 5 2 5 6 5 3 1 6 5 1 7 2 2
6 6 2 0 1 1 4 7 0 2 4 1 1 4 7 1
1 1 3 2 7 7 2 5 7 4 4 0 0 5 1 5
3 3 3 2 5 2 0 1 2 7 2 2 0 0 2 4
6 6 0 2 0 2 2 0 2 2 5 5 5 6 0 5
6 6 0 6 4 5 3 4 4 5 3 0 1 7 0 6
7 7 5 2 0 1 5 0 0 2 1 1 7 6 1 1
7 7 4 1 1 0 6 7 3 7 3 3 7 1 1 4
4 3 4 4 2 2 1 1 3 3 4 1 5 5 1 0
4 4 0 4 0 4 7 2 2 2 3 2 7 3 3 4
7 1 5 7 1 3 5 6 1 7 0 3 1 6 3 4
4 3 7 1 5 7 0 3 6 2 4 2 2 6 5 3
3 3 3 7 2 1 4 7 3 7 3 6 2 3 6 1
1 6 3 6 6 6 5 6 5 5 0 6 5 7 7 5
9 7 4 11 11 11 8 11 8 3 5 5 4 7 8 9
8 4 9 5 3 10 9 6 5 3 6 3 7 7 10 21
6 15 23 19 16 19 20 19 17 15 20 19 23 21 16 16
20 20 16 22 23 23 18 21 22 24 28 33 15 18 21 33
33 33 35 34 31 31 34 77 31 36 36 52 52 77 81 77
35 35 35 34 77 44 52 81 34 31 24 54 52 42 54 18
68 68 42 54 42 54 44 42 44 44 57 57 57 48 90 47
48 68 90 68 84 57 93 36 84 47 55 90 63 51 60 48
59 89 67 64 60 71 67 60 60 64 71 71 89 88 71 63
69 69 66 63 63 90 48 59 17 59 65 17 41 43 43 56
56 45 76 56 24 24 53 53 65 65 56 81 47 47 81 32
76 36 32 76 32 76 41 72 72 72 45 72 41 45 45 46
41 91 39 79 91 27 39 88 91 79 22 55 53 88 27 46
46 83 79 91 39 79 32 83 78 92 94 92 92 88 39 93
65 93 93 51 64 15 46 51 27 59 27 30 92 83 40 43
43 40 83 58 40 40 95 58 29 95 22 58 67 10 89 87
