0 1 0 1 0 1 1 0 0 1 0 1 1 1 1 0
1 1 0 0 0 0 0 1 0 1 1 0 1 1 1 1
1 0 0 1 1 0 1 1 1 0 1 0 0 0 0 0
1 0 1 1 1 0 1 0 1 0 0 0 0 1 1 1
1 1 1 1 1 1 0 0 1 0 1 1 0 1 0 1
1 1 1 0 1 0 1 1 0 0 1 0 1 0 1 1
1 0 0 1 0 0 1 0 0 0 0 1 0 1 0 0
0 1 1 1 0 0 0 0 0 0 0 0 1 0 0 0
1 1 0 0 0 0 1 1 1 0 0 0 1 0 1 0
1 1 1 1 0 0 1 1 0 1 0 1 1 1 1 1
1 1 0 1 1 1 1 0 0 1 1 0 0 0 0 1
1 1 1 0 1 1 1 1 0 1 1 0 0 0 1 0
1 1 1 1 1 1 0 1 0 0 1 1 0 1 0 1
0 0 0 1 0 1 1 1 0 1 0 0 1 1 0 0
0 1 0 0 0 1 0 0 1 1 0 0 1 0 0 0
1 0 0 1 0 0 0 0 1 0 0 1 1 1 0 0
70 31 46 27 33 71 7 14 37 64 13 8 15 59 63 22
56 20 62 26 50 61 29 39 25 60 36 33 51 39 35 47
44 42 46 55 56 33 12 51 36 18 55 54 66 21 38 17
11 6 11 20 12 29 16 37 39 18 41 58 21 16 15 24
35 47 47 52 31 44 22 70 52 58 27 19 70 19 30 31
43 51 48 62 20 22 32 19 30 29 32 10 32 42 47 20
63 58 33 67 29 10 68 13 53 53 69 35 46 35 65 49
70 48 31 28 21 58 30 49 25 9 53 54 63 13 54 26
16 32 62 13 14 30 19 16 48 54 25 46 40 69 68 53
15 68 36 63 25 69 59 59 69 28 26 67 59 43 60 67
36 24 37 68 40 67 71 9 37 51 48 22 49 26 17 27
60 39 40 62 28 7 64 64 14 64 56 14 61 49 71 45
11 60 56 7 40 27 10 15 42 42 23 52 57 11 9 7
45 34 57 52 21 71 24 55 34 8 50 34 43 28 38 34
65 8 66 38 6 8 61 9 44 24 6 10 12 18 50 61
23 45 66 12 57 57 66 17 43 18 6 44 23 23 50 17
