0 0 1 0 0 1 0 0 1 0 1 0 0 0 0 0
0 0 1 1 1 0 0 1 1 1 1 0 0 0 1 0
1 1 0 0 1 1 1 1 0 1 1 1 0 1 1 0
1 1 1 0 1 0 1 1 1 1 1 0 1 0 0 1
0 0 0 0 1 1 0 0 1 1 0 1 0 0 0 1
0 1 1 1 0 0 0 1 0 0 0 1 1 1 1 1
0 1 1 0 0 0 0 1 0 0 1 0 1 1 1 0
1 1 1 0 1 1 0 0 0 0 1 0 1 1 1 1
0 1 0 0 0 1 0 0 1 1 0 1 1 1 1 0
1 0 0 0 0 0 1 1 1 0 0 1 1 1 0 1
1 1 0 1 1 0 0 0 1 1 0 0 1 1 1 0
1 1 1 0 0 1 0 1 1 1 1 1 1 1 0 0
1 0 0 1 1 1 0 0 0 1 0 0 1 1 0 0
0 0 0 1 1 0 1 0 1 1 0 0 1 1 1 0
1 1 0 0 0 1 1 0 1 0 1 0 0 0 1 0
0 0 1 0 0 0 1 1 0 0 0 0 0 1 0 0
10 69 52 53 53 27 66 30 8 45 71 41 57 6 21 54
41 38 51 51 19 42 62 48 64 31 63 29 33 21 16 22
64 64 65 21 16 24 59 27 30 27 60 64 26 28 23 70
12 20 35 49 31 34 15 55 19 55 71 46 68 45 21 27
65 66 29 38 36 60 13 6 8 32 53 36 53 41 6 32
65 8 55 55 17 17 17 35 41 14 14 11 40 19 28 68
38 63 44 18 6 33 18 51 50 18 36 22 67 68 24 37
35 12 63 65 44 60 38 14 37 54 28 54 19 68 60 12
18 32 22 42 46 8 50 46 44 52 30 11 52 67 44 14
20 37 17 22 42 34 36 48 24 10 42 47 47 67 46 67
23 47 45 59 35 58 34 69 59 47 26 50 59 24 71 30
15 23 12 62 49 16 49 51 63 40 28 71 15 40 49 50
15 34 26 48 40 52 62 69 66 48 66 10 16 23 62 37
10 54 58 11 43 58 32 25 11 39 69 57 7 31 20 26
31 7 33 9 25 39 43 9 20 45 39 33 25 57 39 9
9 29 7 29 57 25 43 7 13 13 13 61 70 43 70 61
