0 1 1 0 0 0 0 1 1 0 0 1 1 1 1 1
0 0 1 1 1 1 1 1 0 0 0 0 0 0 0 1
0 1 1 0 0 0 1 1 1 1 1 1 0 0 0 1
1 0 0 0 0 0 0 0 1 0 0 0 0 0 0 0
1 1 1 1 1 1 1 0 0 1 1 1 0 1 0 1
1 0 0 0 0 0 0 0 0 0 0 0 0 1 1 1
1 1 1 1 1 1 0 1 0 0 1 0 1 0 1 0
0 0 0 0 1 0 0 0 0 0 0 0 1 1 1 1
1 0 0 1 0 1 1 0 0 0 0 1 1 1 0 0
0 0 1 1 0 1 0 1 0 1 1 0 1 1 1 0
1 0 1 0 1 1 0 0 0 0 0 0 0 0 0 0
0 0 0 0 1 1 1 1 0 1 1 1 0 1 1 0
1 1 0 1 1 1 0 0 1 0 0 1 0 1 1 1
0 0 1 1 1 1 0 1 1 1 0 0 1 1 1 0
1 1 1 0 0 0 1 1 1 1 1 1 1 1 0 0
1 1 1 1 0 0 1 1 1 0 0 0 0 0 1 1
70 71 31 13 65 10 22 32 8 26 13 67 28 7 8 27
62 62 71 16 15 71 28 39 37 33 37 22 33 69 22 47
37 7 44 57 21 45 39 55 39 7 28 44 41 45 41 40
8 13 9 49 58 9 22 46 8 21 42 42 46 17 21 70
36 68 12 39 16 59 59 14 14 28 36 63 14 68 18 68
68 25 49 54 54 54 54 53 49 49 14 53 53 55 64 64
16 11 19 19 56 56 70 19 42 41 19 58 64 66 16 37
70 42 66 41 20 21 66 17 18 17 61 61 51 51 40 24
24 46 61 40 53 40 51 25 46 69 30 11 64 71 38 9
69 57 59 31 25 11 25 59 17 60 32 18 23 15 60 45
36 45 51 33 60 60 29 61 29 29 33 65 57 6 6 30
65 30 30 26 7 63 63 35 13 20 20 20 6 48 48 6
36 48 29 23 23 27 62 65 27 9 62 31 34 27 12 31
66 34 63 23 35 35 18 24 43 32 69 57 43 24 43 26
43 48 12 38 58 50 11 44 12 52 44 47 15 47 50 38
35 55 52 15 38 34 32 52 52 34 10 10 26 10 55 47
