0 0 1 0 0 1 0 0 1 0 1 0 0 1 1 0
0 0 0 1 0 1 1 0 0 0 0 1 0 1 0 1
1 1 1 0 1 1 1 0 0 1 1 0 0 1 1 1
1 0 0 1 0 1 0 1 0 1 1 0 0 0 0 0
1 1 1 0 0 1 1 1 0 1 1 0 0 0 1 1
0 1 0 0 1 0 0 0 0 0 1 0 1 0 1 0
1 1 1 1 0 0 0 0 1 1 1 0 1 0 1 0
1 1 1 1 0 1 0 1 1 0 1 1 0 1 0 0
0 1 0 0 0 0 1 0 1 0 0 1 0 0 0 1
1 0 0 0 0 0 1 0 0 0 0 0 1 1 0 1
1 0 1 0 1 1 0 1 0 0 0 1 1 1 1 1
1 1 1 1 1 0 1 0 0 1 0 1 0 1 1 0
1 1 1 0 1 1 1 1 0 1 0 1 0 0 0 0
0 0 0 0 1 0 0 1 0 1 0 0 0 0 0 1
1 1 0 0 1 0 1 0 0 1 1 1 0 1 1 1
0 1 0 0 1 1 1 1 0 1 1 0 0 1 1 0
10 69 52 53 53 27 66 30 8 45 71 41 54 16 55 70
41 50 33 12 22 60 51 6 42 14 62 64 6 71 21 43
47 47 64 30 60 24 16 30 70 15 52 45 26 44 40 52
60 26 45 36 26 52 22 56 14 60 19 54 66 70 65 18
32 7 19 21 54 31 71 19 22 68 15 26 18 70 32 51
66 32 14 33 19 13 54 21 33 21 71 22 7 13 39 33
15 15 20 39 69 14 13 13 7 16 16 42 67 45 51 37
32 67 67 67 38 64 38 64 31 66 20 39 37 51 65 18
18 31 37 69 38 37 7 38 68 50 30 68 58 69 42 68
31 34 50 49 49 34 27 50 65 10 42 49 56 44 49 28
36 34 12 34 35 8 29 8 29 29 29 8 44 44 11 11
20 20 11 11 28 6 36 6 10 23 10 36 61 40 35 65
56 28 28 17 23 27 56 35 17 48 17 35 53 9 9 9
46 9 46 62 23 58 61 24 53 39 58 57 58 25 25 24
24 48 17 61 47 61 12 25 25 27 12 47 57 63 48 59
62 55 57 57 48 43 43 43 62 40 40 46 46 55 55 41
