5 3 0 4 0 0 1 5 2 0 1 1 1 2 3 4
2 1 2 3 3 3 7 4 0 0 0 2 6 3 2 2
2 2 3 2 6 1 0 0 1 1 2 6 6 3 6 7
7 7 5 1 1 1 7 7 3 3 3 1 5 3 3 5
5 2 0 1 7 7 5 2 7 7 7 3 2 7 7 7
6 7 5 5 5 5 4 4 2 3 5 5 5 5 5 5
3 3 0 2 5 5 5 5 6 5 0 5 5 7 2 3
7 4 6 6 3 6 4 4 6 7 4 2 3 0 2 2
2 6 2 0 0 6 1 1 0 0 3 1 4 1 4 1
1 1 1 1 1 2 0 0 0 0 0 4 6 4 6 3
3 4 3 3 3 3 3 3 3 3 5 1 0 3 3 3
1 7 3 4 3 6 6 2 3 0 6 6 3 2 2 4
2 2 2 2 1 2 2 2 1 2 2 2 2 2 1 1
1 2 1 2 2 2 7 1 7 7 7 2 7 5 5 0
6 3 7 7 3 7 6 7 5 7 1 6 2 7 1 6
3 4 0 3 4 3 6 0 0 0 6 0 0 1 5 7
29 59 2 38 2 2 23 7 46 54 45 55 3 4 5 60
4 3 4 27 15 15 31 50 2 2 2 26 52 37 36 36
36 36 27 4 52 35 34 34 35 13 58 52 52 47 52 31
31 31 29 13 13 13 63 31 27 27 27 13 7 27 27 19
19 26 54 55 43 43 29 46 31 43 43 15 46 43 43 43
30 11 29 7 29 61 28 28 26 59 19 7 7 7 7 7
37 37 34 58 29 7 29 29 62 51 22 29 51 53 26 37
53 50 30 30 27 20 28 28 42 31 28 4 47 2 36 36
14 42 14 2 54 52 55 55 54 54 47 45 6 23 6 23
23 23 23 35 13 14 34 34 34 34 2 6 42 18 42 5
5 18 59 59 59 59 59 59 59 59 61 55 2 59 59 59
55 63 5 50 5 42 52 4 37 2 52 52 37 4 4 6
4 4 4 4 35 36 36 36 35 36 36 36 36 36 35 35
35 36 35 36 36 46 43 35 43 43 43 46 43 39 29 44
30 27 43 53 5 43 30 43 29 53 3 42 46 43 45 42
47 50 44 5 50 59 52 34 44 44 42 44 44 3 7 43
