2 2 5 6 3 7 7 3 4 7 3 4 4 0 7 7
0 2 7 0 6 2 2 2 7 7 3 5 3 5 3 4
4 6 4 7 0 1 1 2 3 1 1 6 1 6 0 3
4 1 1 4 7 5 2 6 2 2 4 4 2 3 4 6
7 7 7 7 5 3 5 7 6 1 3 5 5 5 1 7
2 2 7 7 4 2 3 5 4 0 4 1 1 4 0 6
5 1 3 2 4 4 0 6 0 1 0 1 1 7 1 1
7 4 1 4 5 6 1 0 4 4 2 6 1 0 5 0
1 1 0 1 1 4 1 1 0 2 3 3 6 1 6 5
3 0 3 7 6 6 2 0 5 2 5 2 1 5 0 0
7 2 2 3 1 3 1 4 4 6 3 4 6 1 3 4
4 3 6 6 0 0 0 4 4 2 0 0 0 5 5 2
4 7 0 3 3 2 3 7 2 4 2 5 7 2 1 1
4 6 0 5 0 0 2 3 3 2 2 3 5 7 4 4
6 6 1 0 5 0 0 5 1 5 1 6 6 5 5 2
3 7 0 0 6 2 6 6 6 6 0 3 3 3 3 3
60 38 63 44 29 14 14 51 30 14 39 62 62 46 14 14
26 60 14 26 13 60 18 50 55 55 51 53 51 31 7 62
62 54 30 45 46 27 16 6 39 16 16 44 16 22 46 29
30 5 5 20 35 21 60 13 18 18 62 62 38 7 8 13
55 55 55 55 53 61 53 45 22 27 61 63 63 63 37 23
38 38 23 23 20 38 39 53 42 58 42 5 5 42 58 13
43 5 19 50 20 8 4 34 36 59 36 59 59 23 37 37
23 8 5 30 12 44 47 36 52 8 60 54 47 46 12 58
59 27 15 27 27 30 27 47 15 6 61 7 44 47 44 53
39 4 39 35 13 22 28 26 21 28 12 38 47 43 58 4
35 28 28 19 59 19 59 30 42 54 29 42 44 47 61 42
52 39 34 34 4 4 4 52 52 60 26 58 26 12 63 50
8 35 26 51 51 50 51 35 6 8 28 31 35 28 37 37
20 34 15 43 36 58 50 61 61 6 50 19 63 23 20 20
54 34 16 36 12 46 46 12 16 31 37 54 54 53 43 6
19 45 15 15 22 6 22 22 13 34 15 7 29 7 29 7
