5 3 0 4 0 0 1 5 2 0 7 6 1 2 3 7
7 5 5 7 7 2 1 2 4 3 5 3 0 3 4 3
7 7 3 3 7 6 7 0 0 5 5 5 6 1 3 3
7 3 5 3 2 2 6 2 3 2 3 0 4 0 3 5
5 4 3 3 7 3 1 3 3 3 3 5 5 5 1 5
0 5 0 0 1 0 5 5 0 0 5 5 5 7 3 3
7 3 3 3 7 3 7 5 4 3 7 3 3 0 0 7
0 7 7 7 1 0 5 5 0 7 0 5 7 7 0 5
7 5 7 5 5 6 5 5 5 5 5 2 2 5 0 5
5 2 5 5 0 0 5 2 4 0 0 0 5 5 7 7
0 5 2 5 0 2 7 7 5 7 7 7 0 7 0 5
5 2 0 7 2 5 1 0 5 0 1 5 7 5 7 7
2 0 2 7 7 2 5 0 7 0 0 2 5 2 2 0
2 0 2 0 2 5 7 7 0 0 2 0 1 2 7 1
5 3 7 0 5 0 7 3 7 7 5 0 2 7 2 2
5 2 0 7 0 2 2 7 0 5 5 0 1 2 1 5
29 59 2 38 2 2 23 7 46 54 63 42 45 46 5 21
63 51 39 63 63 58 23 46 60 5 51 5 2 5 18 15
31 11 27 15 21 62 21 22 22 39 19 39 52 35 5 59
63 37 29 5 46 46 10 46 27 36 5 34 6 34 37 39
39 6 5 5 21 5 55 5 5 5 5 7 7 7 35 7
44 7 12 12 23 12 7 7 12 12 7 7 7 53 59 47
53 59 59 59 53 47 53 51 18 47 53 59 47 22 44 21
22 21 21 21 35 12 19 51 22 21 22 19 21 21 22 19
21 51 21 51 51 52 51 51 51 51 51 58 58 51 22 19
51 58 51 19 22 22 19 58 18 22 22 22 51 19 21 21
22 19 58 19 22 58 21 21 51 53 21 21 22 21 22 19
51 58 22 21 58 51 23 22 19 22 55 51 21 51 21 21
58 22 58 21 21 58 19 22 21 22 22 58 51 58 58 22
58 22 58 22 58 51 21 21 22 22 58 22 23 58 21 23
51 27 21 22 51 22 21 59 21 21 61 22 58 21 58 58
51 58 22 63 22 58 58 21 22 51 51 22 23 58 23 61
