0 4 3 2 2 2 2 3 3 1 0 0 2 3 1 0
2 0 4 0 1 3 7 5 0 1 7 6 0 6 5 0
7 6 0 5 0 6 7 1 0 5 6 7 6 1 7 3
6 7 1 6 2 7 6 3 3 5 3 3 1 1 4 3
2 2 1 5 4 6 3 2 6 3 5 5 1 5 6 3
3 5 2 3 3 3 7 6 2 3 0 7 2 7 6 0
0 0 2 1 2 1 4 1 0 2 5 5 0 4 4 7
7 0 5 2 0 1 7 1 5 1 2 7 2 4 5 5
5 5 5 2 5 7 5 5 2 2 4 3 1 7 2 5
5 6 2 0 6 6 2 4 6 6 4 4 5 5 2 3
4 4 4 0 4 6 4 4 2 1 7 2 5 3 5 4
0 7 5 6 7 2 0 7 5 2 7 2 3 2 0 2
3 1 3 0 1 5 6 7 1 0 1 0 7 0 4 4
7 4 1 6 1 6 5 0 6 6 5 1 5 1 4 4
1 4 4 4 1 4 3 1 7 4 1 0 0 0 0 0
3 1 0 2 3 3 2 4 3 3 1 4 4 4 7 2
4 8 7 6 6 6 6 7 7 5 4 4 6 7 5 4
6 4 8 4 5 7 14 12 15 5 14 13 15 13 12 15
14 13 15 12 15 13 14 16 15 12 22 23 22 16 14 19
13 14 16 22 18 23 22 39 19 21 19 39 27 27 30 61
60 60 47 21 30 44 19 60 22 61 21 63 5 21 13 7
39 63 60 19 19 39 45 54 38 39 36 55 50 55 22 26
26 26 50 27 28 5 62 47 26 28 63 63 46 62 62 45
23 26 12 28 26 47 45 47 53 47 38 45 38 30 53 53
53 43 43 18 53 23 63 21 38 38 30 39 37 35 38 31
31 54 60 46 54 54 28 42 44 54 42 42 31 63 60 61
62 42 62 58 42 54 42 30 28 37 45 28 43 61 43 30
58 23 53 34 23 50 36 35 21 50 45 18 61 50 58 50
51 47 51 36 27 12 44 35 59 58 59 58 35 58 62 8
35 20 27 34 59 34 31 36 34 34 31 27 31 16 8 20
59 8 8 20 59 20 61 59 35 20 16 46 46 46 46 36
51 16 36 18 51 51 18 52 29 51 37 20 52 52 55 18
