0 0 0 0 0 0 0 0 1 1 1 1 1 1 1 1
2 2 2 2 2 2 2 2 3 3 3 3 3 3 3 3
4 4 4 4 4 4 4 4 5 5 5 5 5 5 5 5
6 6 6 6 6 6 6 6 7 7 7 7 7 7 7 7
0 0 0 0 0 0 0 0 1 1 1 1 1 1 1 1
2 2 2 2 2 2 2 2 3 3 3 3 3 3 3 3
4 4 4 4 4 4 4 4 5 5 5 5 5 5 5 5
6 6 6 6 6 6 6 6 7 7 7 7 7 7 7 7
0 0 0 0 0 0 0 0 1 1 1 1 1 1 1 1
2 2 2 2 2 2 2 2 3 3 3 3 3 3 3 3
4 4 4 4 4 4 4 4 5 5 5 5 5 5 5 5
6 6 6 6 6 6 6 6 7 7 7 7 7 7 7 7
0 0 0 0 0 0 0 0 1 1 1 1 1 1 1 1
2 2 2 2 2 2 2 2 3 3 3 3 3 3 3 3
4 4 4 4 4 4 4 4 5 5 5 5 5 5 5 5
6 6 6 6 6 6 6 6 7 7 7 7 7 7 7 7
3 4 5 6 7 8 9 10 23 15 16 17 18 19 20 21
33 34 24 27 28 29 30 31 44 45 46 36 39 40 41 42
55 56 57 58 48 51 52 53 66 67 68 69 70 60 63 64
77 78 79 80 81 82 72 75 88 89 90 91 92 93 94 84
4 5 6 7 8 9 10 11 15 16 17 18 19 20 21 22
34 24 27 28 29 30 31 32 45 46 36 39 40 41 42 43
56 57 58 48 51 52 53 54 67 68 69 70 60 63 64 65
78 79 80 81 82 72 75 76 89 90 91 92 93 94 84 87
5 6 7 8 9 10 11 3 16 17 18 19 20 21 22 23
24 27 28 29 30 31 32 33 46 36 39 40 41 42 43 44
57 58 48 51 52 53 54 55 68 69 70 60 63 64 65 66
79 80 81 82 72 75 76 77 90 91 92 93 94 84 87 88
6 7 8 9 10 11 3 4 17 18 19 20 21 22 23 15
27 28 29 30 31 32 33 34 36 39 40 41 42 43 44 45
58 48 51 52 53 54 55 56 69 70 60 63 64 65 66 67
80 81 82 72 75 76 77 78 91 92 93 94 84 87 88 89
