5 7 5 7 5 0 6 6 2 1 4 7 4 0 6 6
1 2 1 1 7 4 0 1 4 5 3 4 3 6 2 7
7 3 0 2 7 2 4 5 2 1 0 3 4 6 4 3
5 6 4 3 6 7 5 1 7 4 4 1 4 5 0 2
5 3 4 2 2 7 7 1 3 4 5 0 2 0 4 4
1 5 6 1 5 1 3 6 7 7 7 2 5 6 4 1
6 7 7 7 2 5 1 4 5 3 0 5 5 2 1 1
0 0 6 5 7 1 7 4 4 1 4 6 7 7 1 1
4 4 0 4 4 7 4 0 2 5 7 1 1 5 2 6
5 0 5 2 6 5 3 7 4 1 7 1 3 4 3 4
1 3 7 5 7 1 6 1 2 2 3 4 0 1 5 5
0 4 4 1 2 0 5 5 4 2 7 2 7 3 1 7
3 3 7 3 6 7 5 2 2 0 3 0 2 3 7 2
2 2 4 1 4 2 3 1 1 7 2 7 7 2 4 1
7 3 1 2 3 1 2 7 4 6 3 6 6 6 4 0
7 0 3 0 3 5 7 5 1 4 7 7 4 4 2 7
68 91 60 89 70 10 79 72 28 17 58 93 54 8 79 76
16 27 21 19 88 51 7 20 57 69 46 54 39 83 28 91
95 44 7 31 90 28 51 60 33 22 6 42 59 72 52 36
70 79 55 39 81 90 63 18 91 58 54 17 57 63 11 30
70 44 55 30 29 94 95 17 47 55 68 5 33 4 53 57
17 67 79 15 71 21 39 80 84 91 95 28 67 81 57 23
77 95 87 92 29 71 15 59 60 42 6 66 66 35 17 19
7 11 72 65 84 21 84 51 57 15 53 72 92 90 19 17
59 54 9 58 51 91 51 7 29 67 84 19 23 67 28 76
68 11 69 30 78 69 44 92 58 20 92 15 44 54 47 54
19 36 87 70 88 16 83 23 30 29 45 58 7 17 65 69
9 51 59 23 34 8 63 65 52 24 91 34 87 42 17 88
46 47 91 43 78 88 64 35 28 7 39 5 34 46 84 27
29 32 59 19 55 33 39 23 23 94 32 90 84 33 56 20
94 39 18 28 39 19 31 91 56 82 40 80 77 72 53 4
87 6 45 11 45 64 93 69 18 54 89 87 52 55 32 90
