5 7 5 7 5 0 6 6 2 1 4 7 4 0 6 6
1 2 1 1 7 4 0 1 4 5 3 4 3 6 2 7
7 3 0 2 7 2 4 5 2 1 0 3 4 6 4 3
5 6 4 3 6 7 5 1 7 4 4 1 4 5 0 2
5 3 4 2 2 7 7 1 3 4 5 0 2 0 4 4
1 5 6 1 5 1 3 6 7 7 7 2 5 6 4 1
6 7 7 7 2 5 1 4 5 3 0 5 5 2 1 1
0 0 6 5 7 1 7 4 4 1 4 6 7 7 1 1
4 4 0 4 4 7 4 0 2 5 7 1 1 5 2 6
5 0 5 2 6 5 3 7 4 1 7 1 3 4 3 4
1 3 7 5 7 1 6 1 2 2 3 4 0 1 5 5
0 4 4 1 2 0 5 5 4 2 7 2 7 3 1 7
3 3 7 3 6 7 5 2 2 0 3 0 2 3 7 2
2 2 4 1 4 2 3 1 1 7 2 7 7 2 4 1
7 3 1 2 3 1 2 7 4 6 3 6 6 6 4 0
7 0 3 0 3 5 7 5 1 4 7 7 4 4 2 7
70 84 71 90 65 10 76 78 32 17 59 91 48 7 76 79
21 27 21 18 95 52 5 18 54 65 46 55 40 78 28 92
87 47 11 32 93 29 57 70 33 20 9 42 54 78 52 47
60 82 53 41 81 95 71 15 95 53 52 22 52 69 5 35
68 41 53 34 35 88 92 19 36 57 68 5 35 3 56 57
18 66 72 20 69 15 46 81 89 91 89 31 68 79 55 22
82 88 87 91 28 60 21 52 68 43 8 64 67 24 20 16
11 8 75 66 94 15 90 54 53 17 56 72 95 95 16 21
51 58 3 58 48 90 52 10 34 69 88 18 18 65 35 81
60 8 67 35 78 71 40 89 57 20 84 17 39 57 46 53
15 39 91 63 92 19 79 16 32 31 46 57 7 15 65 63
4 53 56 16 24 8 67 66 58 35 87 29 94 39 21 92
42 47 92 40 78 88 70 29 35 10 40 9 35 42 91 30
24 24 51 16 58 32 36 21 21 91 31 94 91 30 54 20
95 43 23 27 46 16 29 93 58 75 41 72 79 81 57 11
95 3 41 10 40 64 95 68 19 52 91 93 52 59 33 89
