5 7 5 7 5 0 6 6 2 1 4 7 4 0 6 6
1 2 1 1 7 4 0 1 4 5 3 4 3 6 2 7
7 3 0 2 7 2 4 5 2 1 0 3 4 6 4 3
5 6 4 3 6 7 5 1 7 4 4 1 4 5 0 2
5 3 4 2 2 7 7 1 3 4 5 0 2 0 4 4
1 5 6 1 5 1 3 6 7 7 7 2 5 6 4 1
6 7 7 7 2 5 1 4 5 3 0 5 5 2 1 1
0 0 6 5 7 1 7 4 4 1 4 6 7 7 1 1
4 4 0 4 4 7 4 0 2 5 7 1 1 5 2 6
5 0 5 2 6 5 3 7 4 1 7 1 3 4 3 4
1 3 7 5 7 1 6 1 2 2 3 4 0 1 5 5
0 4 4 1 2 0 5 5 4 2 7 2 7 3 1 7
3 3 7 3 6 7 5 2 2 0 3 0 2 3 7 2
2 2 4 1 4 2 3 1 1 7 2 7 7 2 4 1
7 3 1 2 3 1 2 7 4 6 3 6 6 6 4 0
7 0 3 0 3 5 7 5 1 4 7 7 4 4 2 7
63 95 71 89 63 4 81 83 35 18 58 91 48 10 72 83
18 31 19 18 88 56 10 19 58 68 43 56 40 82 24 84
95 44 11 30 93 33 53 70 24 15 3 40 56 76 55 43
70 76 58 41 81 91 66 18 87 51 55 18 48 69 5 30
66 42 51 32 34 92 94 15 43 52 70 6 28 4 58 59
21 67 78 15 66 18 41 79 95 87 92 34 65 76 53 15
81 89 88 87 27 70 16 53 65 36 4 65 69 29 18 22
4 11 82 65 88 16 90 58 57 16 48 72 91 87 19 22
57 56 6 58 58 90 54 7 24 70 87 17 23 70 27 78
68 9 69 33 72 63 36 89 58 16 88 20 39 57 42 59
17 46 92 66 91 16 78 16 34 34 46 58 6 23 63 60
10 56 58 21 29 10 67 68 53 24 92 29 90 39 17 88
43 44 93 42 80 90 63 32 35 3 42 10 33 43 84 28
35 32 57 16 55 33 36 18 20 88 32 90 90 27 52 17
90 39 21 30 47 19 24 90 48 82 44 80 83 75 51 5
92 7 36 6 41 65 88 70 15 55 94 92 51 51 32 94
