5 7 5 7 5 0 6 6 2 1 4 7 4 0 6 6
1 2 1 1 7 4 0 1 4 5 3 4 3 6 2 7
7 3 0 2 7 2 4 5 2 1 0 3 4 6 4 3
5 6 4 3 6 7 5 1 7 4 4 1 4 5 0 2
5 3 4 2 2 7 7 1 3 4 5 0 2 0 4 4
1 5 6 1 5 1 3 6 7 7 7 2 5 6 4 1
6 7 7 7 2 5 1 4 5 3 0 5 5 2 1 1
0 0 6 5 7 1 7 4 4 1 4 6 7 7 1 1
4 4 0 4 4 7 4 0 2 5 7 1 1 5 2 6
5 0 5 2 6 5 3 7 4 1 7 1 3 4 3 4
1 3 7 5 7 1 6 1 2 2 3 4 0 1 5 5
0 4 4 1 2 0 5 5 4 2 7 2 7 3 1 7
3 3 7 3 6 7 5 2 2 0 3 0 2 3 7 2
2 2 4 1 4 2 3 1 1 7 2 7 7 2 4 1
7 3 1 2 3 1 2 7 4 6 3 6 6 6 4 0
7 0 3 0 3 5 7 5 1 4 7 7 4 4 2 7
64 95 71 89 64 11 79 80 27 16 48 84 55 7 72 83
21 29 20 21 95 58 4 22 54 60 44 51 39 79 33 92
90 45 8 35 95 28 58 66 32 23 4 45 59 83 51 40
64 75 48 36 75 84 63 20 89 59 58 21 53 60 11 31
60 47 58 29 27 94 91 18 43 58 70 5 29 3 52 54
19 60 76 19 63 23 45 80 95 93 88 28 65 80 56 16
79 92 91 91 32 60 21 48 60 46 5 71 65 29 22 21
10 7 82 68 90 16 93 52 59 20 51 72 93 95 19 16
54 57 4 58 52 88 58 7 27 60 89 21 21 60 30 75
71 7 66 29 82 70 43 90 52 15 88 19 44 54 44 54
15 43 94 64 94 18 76 16 24 31 47 52 5 16 71 66
5 58 53 22 24 11 63 64 57 31 89 24 94 44 19 91
47 47 93 41 72 88 64 33 29 5 47 4 32 44 89 32
32 33 54 19 52 24 42 16 23 88 24 95 87 31 52 15
84 40 17 28 39 21 31 93 59 77 44 75 83 82 58 10
93 10 44 3 36 70 87 71 18 52 95 93 51 56 30 92
