5 7 5 7 5 0 6 6 2 1 4 7 4 0 6 6
1 2 1 1 7 4 0 1 4 5 3 4 3 6 2 7
7 3 0 2 7 2 4 5 2 1 0 3 4 6 4 3
5 6 4 3 6 7 5 1 7 4 4 1 4 5 0 2
5 3 4 2 2 7 7 1 3 4 5 0 2 0 4 4
1 5 6 1 5 1 3 6 7 7 7 2 5 6 4 1
6 7 7 7 2 5 1 4 5 3 0 5 5 2 1 1
0 0 6 5 7 1 7 4 4 1 4 6 7 7 1 1
4 4 0 4 4 7 4 0 2 5 7 1 1 5 2 6
5 0 5 2 6 5 3 7 4 1 7 1 3 4 3 4
1 3 7 5 7 1 6 1 2 2 3 4 0 1 5 5
0 4 4 1 2 0 5 5 4 2 7 2 7 3 1 7
3 3 7 3 6 7 5 2 2 0 3 0 2 3 7 2
2 2 4 1 4 2 3 1 1 7 2 7 7 2 4 1
7 3 1 2 3 1 2 7 4 6 3 6 6 6 4 0
7 0 3 0 3 5 7 5 1 4 7 7 4 4 2 7
68 87 64 93 68 8 72 77 32 18 51 92 52 6 76 75
19 29 22 17 92 52 5 19 53 70 45 48 40 83 35 95
94 47 3 32 90 29 55 66 29 16 5 47 56 78 56 39
69 79 54 39 79 91 66 21 84 53 59 17 55 70 5 29
60 45 53 35 24 88 90 23 47 57 63 8 32 8 55 57
18 67 72 16 70 18 42 80 87 88 87 31 60 80 53 23
75 90 90 91 33 64 18 48 66 36 8 71 65 27 15 21
3 9 77 69 88 23 89 53 51 15 53 81 92 94 19 21
57 51 11 52 59 87 55 5 29 71 95 17 23 64 33 83
66 3 67 35 76 68 36 95 58 20 90 15 44 55 47 53
20 44 84 64 92 23 82 18 35 35 47 48 8 20 65 71
7 53 48 22 35 6 69 67 54 33 90 27 91 36 22 95
44 45 92 41 76 84 69 28 24 4 36 9 32 42 89 33
27 28 52 19 59 35 36 22 21 84 35 89 91 29 51 22
90 40 19 35 39 23 28 91 52 78 47 80 78 78 58 9
87 7 46 9 43 68 93 68 23 51 89 88 59 58 30 84
