5 7 5 7 5 0 6 6 2 1 4 7 4 0 6 6
1 2 1 1 7 4 0 1 4 5 3 4 3 6 2 7
7 3 0 2 7 2 4 5 2 1 0 3 4 6 4 3
5 6 4 3 6 7 5 1 7 4 4 1 4 5 0 2
5 3 4 2 2 7 7 1 3 4 5 0 2 0 4 4
1 5 6 1 5 1 3 6 7 7 7 2 5 6 4 1
6 7 7 7 2 5 1 4 5 3 0 5 5 2 1 1
0 0 6 5 7 1 7 4 4 1 4 6 7 7 1 1
4 4 0 4 4 7 4 0 2 5 7 1 1 5 2 6
5 0 5 2 6 5 3 7 4 1 7 1 3 4 3 4
1 3 7 5 7 1 6 1 2 2 3 4 0 1 5 5
0 4 4 1 2 0 5 5 4 2 7 2 7 3 1 7
3 3 7 3 6 7 5 2 2 0 3 0 2 3 7 2
2 2 4 1 4 2 3 1 1 7 2 7 7 2 4 1
7 3 1 2 3 1 2 7 4 6 3 6 6 6 4 0
7 0 3 0 3 5 7 5 1 4 7 7 4 4 2 7
67 88 67 84 66 9 81 75 29 16 52 95 58 8 81 83
17 34 18 17 84 48 5 18 59 63 46 54 41 76 33 87
90 47 11 33 92 29 48 64 32 23 8 41 48 83 59 43
65 78 53 39 80 92 60 18 90 48 53 23 52 60 10 34
67 47 54 27 33 84 93 17 44 53 67 5 35 5 48 53
23 67 78 17 65 17 45 78 92 88 90 24 60 77 57 16
81 93 92 88 28 64 17 53 65 40 6 67 64 27 22 22
5 3 72 70 88 17 84 57 52 18 52 72 88 89 23 23
55 57 3 56 58 95 58 7 24 65 91 22 23 67 28 72
60 4 70 35 79 71 36 84 59 17 88 21 39 57 46 52
20 47 88 70 91 21 79 21 29 35 44 57 9 15 66 68
11 51 52 21 33 10 71 66 48 27 90 28 88 40 23 95
45 41 84 36 81 93 65 33 35 5 47 11 31 42 88 27
29 28 59 16 51 30 41 15 18 84 34 89 90 32 52 15
93 45 22 32 36 20 31 92 56 75 39 76 77 82 53 3
90 7 39 5 39 70 87 71 17 58 88 92 53 48 34 90
