5 7 5 7 5 0 6 6 2 1 4 7 4 0 6 6
1 2 1 1 7 4 0 1 4 5 3 4 3 6 2 7
7 3 0 2 7 2 4 5 2 1 0 3 4 6 4 3
5 6 4 3 6 7 5 1 7 4 4 1 4 5 0 2
5 3 4 2 2 7 7 1 3 4 5 0 2 0 4 4
1 5 6 1 5 1 3 6 7 7 7 2 5 6 4 1
6 7 7 7 2 5 1 4 5 3 0 5 5 2 1 1
0 0 6 5 7 1 7 4 4 1 4 6 7 7 1 1
4 4 0 4 4 7 4 0 2 5 7 1 1 5 2 6
5 0 5 2 6 5 3 7 4 1 7 1 3 4 3 4
1 3 7 5 7 1 6 1 2 2 3 4 0 1 5 5
0 4 4 1 2 0 5 5 4 2 7 2 7 3 1 7
3 3 7 3 6 7 5 2 2 0 3 0 2 3 7 2
2 2 4 1 4 2 3 1 1 7 2 7 7 2 4 1
7 3 1 2 3 1 2 7 4 6 3 6 6 6 4 0
7 0 3 0 3 5 7 5 1 4 7 7 4 4 2 7
69 88 65 90 66 5 72 75 29 19 55 87 55 10 76 80
23 31 21 19 90 57 9 23 57 64 36 56 40 83 24 84
94 46 7 34 89 24 57 70 32 23 6 43 51 72 48 42
67 79 58 36 82 87 69 15 91 56 59 21 55 66 3 29
63 36 48 33 34 89 93 18 43 48 60 8 32 5 59 58
20 68 75 21 70 22 46 79 93 90 94 28 66 83 56 19
72 95 84 87 27 67 19 53 65 39 9 65 60 30 20 22
6 6 72 65 93 20 95 48 52 19 48 72 94 90 20 17
56 59 10 53 53 93 54 7 30 69 90 18 19 64 30 77
70 10 63 30 76 69 44 87 48 20 87 15 39 55 39 48
22 46 89 68 88 18 78 19 31 24 43 55 7 19 60 65
11 58 57 22 32 4 65 67 48 28 90 32 92 46 18 84
43 43 84 47 80 94 64 32 30 9 36 4 30 40 88 28
28 31 57 18 48 35 47 19 20 89 27 93 93 34 59 18
89 44 20 35 43 15 27 93 52 78 45 76 77 76 51 10
91 6 46 11 43 64 84 63 20 52 94 92 51 53 31 88
