5 7 5 7 5 0 6 6 2 1 4 7 4 0 6 6
1 2 1 1 7 4 0 1 4 5 3 4 3 6 2 7
7 3 0 2 7 2 4 5 2 1 0 3 4 6 4 3
5 6 4 3 6 7 5 1 7 4 4 1 4 5 0 2
5 3 4 2 2 7 7 1 3 4 5 0 2 0 4 4
1 5 6 1 5 1 3 6 7 7 7 2 5 6 4 1
6 7 7 7 2 5 1 4 5 3 0 5 5 2 1 1
0 0 6 5 7 1 7 4 4 1 4 6 7 7 1 1
4 4 0 4 4 7 4 0 2 5 7 1 1 5 2 6
5 0 5 2 6 5 3 7 4 1 7 1 3 4 3 4
1 3 7 5 7 1 6 1 2 2 3 4 0 1 5 5
0 4 4 1 2 0 5 5 4 2 7 2 7 3 1 7
3 3 7 3 6 7 5 2 2 0 3 0 2 3 7 2
2 2 4 1 4 2 3 1 1 7 2 7 7 2 4 1
7 3 1 2 3 1 2 7 4 6 3 6 6 6 4 0
7 0 3 0 3 5 7 5 1 4 7 7 4 4 2 7
60 91 69 89 68 5 82 80 28 15 56 91 55 8 81 81
16 30 19 16 90 58 6 17 53 66 41 52 41 81 30 91
90 44 11 30 88 33 48 60 34 16 4 44 57 76 56 45
65 79 48 44 83 84 69 23 89 57 51 20 57 63 9 28
70 39 51 29 34 91 87 18 36 52 69 10 34 11 48 55
15 60 76 20 65 17 43 79 84 87 95 30 63 80 52 18
79 87 92 84 30 70 23 48 60 43 8 68 69 34 16 18
10 4 79 65 90 20 90 54 55 16 53 77 95 84 16 22
59 52 4 58 51 90 59 9 24 70 87 23 16 60 31 75
68 7 60 31 77 69 44 90 48 15 88 20 39 56 42 56
20 36 92 60 88 16 78 20 35 35 43 58 10 17 65 66
10 59 57 19 27 5 67 71 48 30 91 29 88 45 16 89
44 39 89 47 79 92 67 32 28 6 47 6 24 45 84 28
32 27 57 22 59 29 42 15 15 94 31 84 88 35 48 18
94 40 16 30 41 18 32 92 54 77 39 77 83 77 56 8
90 5 47 10 40 71 87 66 16 57 94 91 56 56 24 89
