5 7 5 7 5 0 6 6 2 1 4 7 4 0 6 6
1 2 1 1 7 4 0 1 4 5 3 4 3 6 2 7
7 3 0 2 7 2 4 5 2 1 0 3 4 6 4 3
5 6 4 3 6 7 5 1 7 4 4 1 4 5 0 2
5 3 4 2 2 7 7 1 3 4 5 0 2 0 4 4
1 5 6 1 5 1 3 6 7 7 7 2 5 6 4 1
6 7 7 7 2 5 1 4 5 3 0 5 5 2 1 1
0 0 6 5 7 1 7 4 4 1 4 6 7 7 1 1
4 4 0 4 4 7 4 0 2 5 7 1 1 5 2 6
5 0 5 2 6 5 3 7 4 1 7 1 3 4 3 4
1 3 7 5 7 1 6 1 2 2 3 4 0 1 5 5
0 4 4 1 2 0 5 5 4 2 7 2 7 3 1 7
3 3 7 3 6 7 5 2 2 0 3 0 2 3 7 2
2 2 4 1 4 2 3 1 1 7 2 7 7 2 4 1
7 3 1 2 3 1 2 7 4 6 3 6 6 6 4 0
7 0 3 0 3 5 7 5 1 4 7 7 4 4 2 7
70 84 69 90 63 10 77 77 27 20 58 92 54 7 76 79
20 29 20 19 94 57 9 19 56 60 41 59 41 81 31 91
91 40 7 33 92 27 59 65 30 23 8 36 57 72 58 45
65 78 54 45 77 94 71 21 93 51 48 19 52 67 3 33
60 44 57 31 27 93 93 18 42 53 66 6 31 9 53 53
16 69 81 20 68 17 46 80 90 91 90 31 69 77 55 16
72 84 95 95 29 71 17 53 63 44 10 64 64 32 18 17
7 3 78 71 93 22 93 57 56 16 54 81 88 91 20 17
59 54 9 59 51 94 56 7 28 65 92 22 19 67 35 79
60 11 66 24 72 64 47 90 55 19 89 22 39 53 43 54
20 46 84 64 90 17 72 18 34 35 47 57 6 18 71 60
11 55 48 22 33 8 65 69 56 24 93 27 91 36 21 95
46 43 89 44 72 94 71 35 35 11 43 4 34 43 91 24
34 31 53 20 54 27 45 20 15 88 30 88 88 28 56 15
84 45 16 28 41 18 27 88 57 77 45 72 81 82 54 9
93 3 45 11 45 68 94 69 18 48 95 84 53 51 29 91
