5 7 5 7 5 0 6 6 2 1 4 7 4 0 6 6
1 2 1 1 7 4 0 1 4 5 3 4 3 6 2 7
7 3 0 2 7 2 4 5 2 1 0 3 4 6 4 3
5 6 4 3 6 7 5 1 7 4 4 1 4 5 0 2
5 3 4 2 2 7 7 1 3 4 5 0 2 0 4 4
1 5 6 1 5 1 3 6 7 7 7 2 5 6 4 1
6 7 7 7 2 5 1 4 5 3 0 5 5 2 1 1
0 0 6 5 7 1 7 4 4 1 4 6 7 7 1 1
4 4 0 4 4 7 4 0 2 5 7 1 1 5 2 6
5 0 5 2 6 5 3 7 4 1 7 1 3 4 3 4
1 3 7 5 7 1 6 1 2 2 3 4 0 1 5 5
0 4 4 1 2 0 5 5 4 2 7 2 7 3 1 7
3 3 7 3 6 7 5 2 2 0 3 0 2 3 7 2
2 2 4 1 4 2 3 1 1 7 2 7 7 2 4 1
7 3 1 2 3 1 2 7 4 6 3 6 6 6 4 0
7 0 3 0 3 5 7 5 1 4 7 7 4 4 2 7
60 91 68 94 68 3 78 78 24 19 56 91 52 7 83 83
18 30 18 17 89 59 5 18 51 67 40 53 42 80 29 87
89 40 5 34 89 30 52 71 29 15 5 47 48 72 59 40
65 81 56 41 72 94 64 17 89 53 54 15 51 60 4 30
71 39 55 33 35 94 94 17 40 57 63 3 32 5 56 59
20 66 72 17 64 17 36 80 90 87 87 28 69 75 54 16
82 89 91 87 28 68 16 58 67 40 4 71 60 32 17 21
3 5 79 69 95 18 89 54 59 16 55 83 90 87 16 16
54 53 7 53 48 88 55 9 29 69 84 18 15 63 32 77
64 8 66 27 72 65 42 90 53 16 91 18 46 55 45 52
17 36 88 68 90 21 72 23 32 28 42 51 10 18 63 71
10 51 54 20 27 4 64 64 56 32 91 31 94 42 19 95
44 45 90 36 76 95 68 28 35 9 45 10 30 42 93 27
30 32 58 23 53 31 36 23 22 90 34 88 95 24 58 19
84 41 22 27 47 23 24 95 53 82 36 77 78 77 59 5
87 4 36 11 41 64 88 69 19 58 90 94 59 59 30 94
