5 7 5 7 5 0 6 6 2 1 4 7 4 0 6 6
1 2 1 1 7 4 0 1 4 5 3 4 3 6 2 7
7 3 0 2 7 2 4 5 2 1 0 3 4 6 4 3
5 6 4 3 6 7 5 1 7 4 4 1 4 5 0 2
5 3 4 2 2 7 7 1 3 4 5 0 2 0 4 4
1 5 6 1 5 1 3 6 7 7 7 2 5 6 4 1
6 7 7 7 2 5 1 4 5 3 0 5 5 2 1 1
0 0 6 5 7 1 7 4 4 1 4 6 7 7 1 1
4 4 0 4 4 7 4 0 2 5 7 1 1 5 2 6
5 0 5 2 6 5 3 7 4 1 7 1 3 4 3 4
1 3 7 5 7 1 6 1 2 2 3 4 0 1 5 5
0 4 4 1 2 0 5 5 4 2 7 2 7 3 1 7
3 3 7 3 6 7 5 2 2 0 3 0 2 3 7 2
2 2 4 1 4 2 3 1 1 7 2 7 7 2 4 1
7 3 1 2 3 1 2 7 4 6 3 6 6 6 4 0
7 0 3 0 3 5 7 5 1 4 7 7 4 4 2 7
69 91 70 87 71 8 75 79 32 22 58 91 52 10 78 81
22 32 18 20 95 56 7 21 53 60 43 57 39 76 27 84
95 46 3 33 93 35 56 71 35 22 9 44 56 75 53 45
63 75 51 39 82 88 64 15 92 54 56 16 56 64 6 29
60 39 58 35 35 92 89 20 40 51 65 6 35 7 59 54
23 63 77 22 71 22 47 82 92 95 91 35 67 78 57 21
79 84 84 92 32 70 21 59 70 43 5 67 64 27 22 23
6 9 83 68 92 23 90 56 52 15 57 83 92 95 16 19
55 52 11 53 59 87 56 7 28 63 90 21 23 63 24 82
60 9 68 24 81 60 46 88 52 16 93 18 46 55 43 53
18 41 84 60 90 22 75 19 34 30 39 54 3 20 68 70
4 53 58 18 30 3 60 68 53 34 87 28 84 44 21 92
39 44 93 39 80 89 65 34 29 10 47 6 33 46 95 28
35 29 56 18 52 27 45 23 23 91 30 89 94 30 52 16
93 40 15 35 46 23 35 91 55 82 47 78 78 79 57 7
87 10 42 10 47 63 87 67 18 52 93 88 51 54 30 90
