5 7 5 7 5 0 6 6 2 1 4 7 4 0 6 6
1 2 1 1 7 4 0 1 4 5 3 4 3 6 2 7
7 3 0 2 7 2 4 5 2 1 0 3 4 6 4 3
5 6 4 3 6 7 5 1 7 4 4 1 4 5 0 2
5 3 4 2 2 7 7 1 3 4 5 0 2 0 4 4
1 5 6 1 5 1 3 6 7 7 7 2 5 6 4 1
6 7 7 7 2 5 1 4 5 3 0 5 5 2 1 1
0 0 6 5 7 1 7 4 4 1 4 6 7 7 1 1
4 4 0 4 4 7 4 0 2 5 7 1 1 5 2 6
5 0 5 2 6 5 3 7 4 1 7 1 3 4 3 4
1 3 7 5 7 1 6 1 2 2 3 4 0 1 5 5
0 4 4 1 2 0 5 5 4 2 7 2 7 3 1 7
3 3 7 3 6 7 5 2 2 0 3 0 2 3 7 2
2 2 4 1 4 2 3 1 1 7 2 7 7 2 4 1
7 3 1 2 3 1 2 7 4 6 3 6 6 6 4 0
7 0 3 0 3 5 7 5 1 4 7 7 4 4 2 7
63 87 66 95 69 11 76 78 28 19 52 87 55 3 72 76
15 30 17 19 91 55 3 15 51 67 47 59 40 81 27 94
92 44 3 35 89 33 52 68 24 19 5 42 48 80 54 43
60 78 53 42 78 91 68 17 84 58 52 22 53 65 4 31
71 46 57 35 35 91 89 22 42 56 66 3 28 11 58 58
23 66 76 23 60 16 45 82 93 95 89 31 66 72 58 16
80 92 88 94 30 70 16 51 63 42 10 70 65 29 20 19
10 5 76 64 91 18 95 59 56 20 54 75 87 84 23 20
57 53 7 54 53 89 51 8 27 65 87 21 20 63 24 78
65 11 63 33 79 68 45 92 51 19 93 21 46 59 46 53
16 36 93 69 92 17 77 16 24 27 47 57 7 23 70 69
6 55 53 22 24 5 60 69 57 30 88 24 94 39 17 93
36 39 93 42 83 93 68 33 33 11 40 8 32 41 93 30
27 24 58 22 48 34 43 18 21 93 35 91 93 33 57 16
95 42 17 32 36 17 35 94 48 76 41 82 82 79 58 9
94 3 46 10 36 69 89 67 23 57 90 93 55 48 29 95
