5 7 5 7 5 0 6 6 2 1 4 7 4 0 6 6
1 2 1 1 7 4 0 1 4 5 3 4 3 6 2 7
7 3 0 2 7 2 4 5 2 1 0 3 4 6 4 3
5 6 4 3 6 7 5 1 7 4 4 1 4 5 0 2
5 3 4 2 2 7 7 1 3 4 5 0 2 0 4 4
1 5 6 1 5 1 3 6 7 7 7 2 5 6 4 1
6 7 7 7 2 5 1 4 5 3 0 5 5 2 1 1
0 0 6 5 7 1 7 4 4 1 4 6 7 7 1 1
4 4 0 4 4 7 4 0 2 5 7 1 1 5 2 6
5 0 5 2 6 5 3 7 4 1 7 1 3 4 3 4
1 3 7 5 7 1 6 1 2 2 3 4 0 1 5 5
0 4 4 1 2 0 5 5 4 2 7 2 7 3 1 7
3 3 7 3 6 7 5 2 2 0 3 0 2 3 7 2
2 2 4 1 4 2 3 1 1 7 2 7 7 2 4 1
7 3 1 2 3 1 2 7 4 6 3 6 6 6 4 0
7 0 3 0 3 5 7 5 1 4 7 7 4 4 2 7
67 92 71 94 65 9 78 72 31 16 52 88 51 10 81 77
16 28 20 21 88 55 6 21 51 64 47 48 46 77 32 89
95 44 11 33 90 30 51 63 34 18 6 40 59 75 54 47
69 72 51 45 75 92 65 18 90 57 51 20 56 65 4 29
60 46 55 29 32 95 84 22 36 54 68 5 32 10 51 54
21 60 82 23 63 22 41 77 89 84 95 30 67 76 48 18
76 90 88 94 29 66 23 53 60 45 8 67 71 29 16 19
5 3 82 70 93 20 93 52 59 15 53 77 91 88 15 21
55 59 11 57 51 88 58 6 29 68 93 15 22 64 31 72
60 4 65 28 77 70 40 93 57 17 95 15 42 51 47 59
21 42 95 70 88 18 78 21 29 28 45 58 7 19 68 60
8 57 53 23 34 4 65 67 59 33 95 30 87 47 22 93
44 44 93 40 83 91 71 24 34 6 46 4 34 47 95 34
35 30 55 22 52 27 39 22 17 91 24 92 94 29 59 21
88 45 15 35 43 19 29 89 56 77 45 76 75 77 59 11
91 3 45 6 43 68 87 71 19 59 93 84 54 55 27 93
