5 7 5 7 5 0 6 6 2 1 4 7 4 0 6 6
1 2 1 1 7 4 0 1 4 5 3 4 3 6 2 7
7 3 0 2 7 2 4 5 2 1 0 3 4 6 4 3
5 6 4 3 6 7 5 1 7 4 4 1 4 5 0 2
5 3 4 2 2 7 7 1 3 4 5 0 2 0 4 4
1 5 6 1 5 1 3 6 7 7 7 2 5 6 4 1
6 7 7 7 2 5 1 4 5 3 0 5 5 2 1 1
0 0 6 5 7 1 7 4 4 1 4 6 7 7 1 1
4 4 0 4 4 7 4 0 2 5 7 1 1 5 2 6
5 0 5 2 6 5 3 7 4 1 7 1 3 4 3 4
1 3 7 5 7 1 6 1 2 2 3 4 0 1 5 5
0 4 4 1 2 0 5 5 4 2 7 2 7 3 1 7
3 3 7 3 6 7 5 2 2 0 3 0 2 3 7 2
2 2 4 1 4 2 3 1 1 7 2 7 7 2 4 1
7 3 1 2 3 1 2 7 4 6 3 6 6 6 4 0
7 0 3 0 3 5 7 5 1 4 7 7 4 4 2 7
63 87 63 95 66 6 79 77 30 23 53 92 51 7 78 83
21 34 15 16 95 57 9 17 51 63 41 53 42 82 31 92
94 45 3 33 88 24 55 70 34 18 3 44 55 81 56 39
71 81 59 46 83 91 65 22 93 56 55 21 55 71 11 24
64 42 56 35 28 93 90 19 36 59 69 3 27 6 59 57
16 63 76 16 64 17 41 81 88 91 88 27 65 72 54 23
75 88 84 93 34 60 23 56 63 39 4 65 64 34 21 23
7 10 72 68 93 21 91 53 52 15 56 83 93 88 15 18
54 58 10 54 56 87 58 9 27 64 92 20 19 68 27 83
68 5 60 27 76 68 39 92 57 19 88 21 40 56 45 48
20 42 90 70 88 22 77 20 31 28 44 52 10 18 67 67
11 53 56 23 28 8 65 60 55 33 87 30 92 41 23 93
44 44 95 45 79 84 69 32 27 6 47 3 35 45 91 34
31 31 53 19 55 31 45 15 18 92 35 84 92 28 58 16
92 47 19 31 45 18 30 87 56 79 44 76 80 77 53 3
94 10 47 3 36 67 84 64 16 52 92 90 58 59 34 94
