5 7 5 7 5 0 6 6 2 1 4 7 4 0 6 6
1 2 1 1 7 4 0 1 4 5 3 4 3 6 2 7
7 3 0 2 7 2 4 5 2 1 0 3 4 6 4 3
5 6 4 3 6 7 5 1 7 4 4 1 4 5 0 2
5 3 4 2 2 7 7 1 3 4 5 0 2 0 4 4
1 5 6 1 5 1 3 6 7 7 7 2 5 6 4 1
6 7 7 7 2 5 1 4 5 3 0 5 5 2 1 1
0 0 6 5 7 1 7 4 4 1 4 6 7 7 1 1
4 4 0 4 4 7 4 0 2 5 7 1 1 5 2 6
5 0 5 2 6 5 3 7 4 1 7 1 3 4 3 4
1 3 7 5 7 1 6 1 2 2 3 4 0 1 5 5
0 4 4 1 2 0 5 5 4 2 7 2 7 3 1 7
3 3 7 3 6 7 5 2 2 0 3 0 2 3 7 2
2 2 4 1 4 2 3 1 1 7 2 7 7 2 4 1
7 3 1 2 3 1 2 7 4 6 3 6 6 6 4 0
7 0 3 0 3 5 7 5 1 4 7 7 4 4 2 7
69 89 69 89 66 4 78 83 35 19 56 95 54 11 76 75
22 28 22 17 94 53 6 22 54 67 39 59 36 78 28 93
84 44 5 35 92 33 55 70 32 19 9 46 56 80 51 46
70 75 54 39 81 93 70 16 87 59 56 18 52 64 10 24
60 42 51 35 24 88 92 15 43 56 63 6 27 5 58 53
17 66 82 20 60 18 43 79 84 91 94 31 67 78 55 23
78 95 95 90 30 63 17 48 64 36 3 64 69 28 18 19
5 3 76 67 87 22 88 56 59 22 55 72 90 95 23 16
58 58 5 55 59 91 53 8 33 68 84 23 15 63 27 78
64 6 63 29 72 66 40 84 56 16 95 20 41 58 39 52
20 36 89 69 87 16 79 22 29 29 41 58 3 15 65 65
5 56 54 22 31 10 69 60 51 28 93 24 95 45 17 91
43 43 91 39 82 87 63 31 27 7 44 10 32 36 94 24
31 33 56 22 51 31 40 15 20 91 31 95 90 34 48 18
93 40 18 32 43 15 35 93 58 72 44 82 77 79 52 4
91 7 42 3 44 63 84 63 20 58 89 84 53 57 27 93
