5 7 5 7 5 0 6 6 2 1 4 7 4 0 6 6
1 2 1 1 7 4 0 1 4 5 3 4 3 6 2 7
7 3 0 2 7 2 4 5 2 1 0 3 4 6 4 3
5 6 4 3 6 7 5 1 7 4 4 1 4 5 0 2
5 3 4 2 2 7 7 1 3 4 5 0 2 0 4 4
1 5 6 1 5 1 3 6 7 7 7 2 5 6 4 1
6 7 7 7 2 5 1 4 5 3 0 5 5 2 1 1
0 0 6 5 7 1 7 4 4 1 4 6 7 7 1 1
4 4 0 4 4 7 4 0 2 5 7 1 1 5 2 6
5 0 5 2 6 5 3 7 4 1 7 1 3 4 3 4
1 3 7 5 7 1 6 1 2 2 3 4 0 1 5 5
0 4 4 1 2 0 5 5 4 2 7 2 7 3 1 7
3 3 7 3 6 7 5 2 2 0 3 0 2 3 7 2
2 2 4 1 4 2 3 1 1 7 2 7 7 2 4 1
7 3 1 2 3 1 2 7 4 6 3 6 6 6 4 0
7 0 3 0 3 5 7 5 1 4 7 7 4 4 2 7
69 84 64 91 66 4 83 79 29 19 58 91 56 9 80 72
16 28 16 21 89 58 5 17 53 64 42 56 46 79 28 84
87 45 9 34 84 31 58 66 30 17 3 36 52 75 53 46
67 82 57 41 81 88 66 19 95 57 55 21 52 67 9 33
66 45 56 34 27 84 88 15 41 54 64 7 34 10 51 59
17 71 81 22 64 16 45 78 91 88 94 33 64 79 55 16
72 88 95 84 32 63 20 54 60 45 5 67 66 34 22 21
5 3 75 66 95 19 94 52 54 21 57 83 88 94 21 18
51 56 11 51 54 90 55 11 24 66 88 16 22 67 30 83
66 6 68 24 78 63 45 84 51 19 93 19 47 48 40 59
18 36 93 68 93 21 82 16 27 27 43 54 7 18 66 67
3 55 56 22 34 11 60 67 58 34 84 27 90 40 23 84
47 46 88 36 77 84 71 33 35 6 42 7 30 44 88 30
28 29 48 15 55 31 43 22 20 93 32 88 87 28 57 20
89 39 23 30 45 15 30 84 54 81 41 80 72 81 56 6
84 7 39 7 41 66 90 71 18 52 93 89 52 55 30 91
