5 7 5 7 5 0 6 6 2 1 4 7 4 0 6 6
1 2 1 1 7 4 0 1 4 5 3 4 3 6 2 7
7 3 0 2 7 2 4 5 2 1 0 3 4 6 4 3
5 6 4 3 6 7 5 1 7 4 4 1 4 5 0 2
5 3 4 2 2 7 7 1 3 4 5 0 2 0 4 4
1 5 6 1 5 1 3 6 7 7 7 2 5 6 4 1
6 7 7 7 2 5 1 4 5 3 0 5 5 2 1 1
0 0 6 5 7 1 7 4 4 1 4 6 7 7 1 1
4 4 0 4 4 7 4 0 2 5 7 1 1 5 2 6
5 0 5 2 6 5 3 7 4 1 7 1 3 4 3 4
1 3 7 5 7 1 6 1 2 2 3 4 0 1 5 5
0 4 4 1 2 0 5 5 4 2 7 2 7 3 1 7
3 3 7 3 6 7 5 2 2 0 3 0 2 3 7 2
2 2 4 1 4 2 3 1 1 7 2 7 7 2 4 1
7 3 1 2 3 1 2 7 4 6 3 6 6 6 4 0
7 0 3 0 3 5 7 5 1 4 7 7 4 4 2 7
67 91 68 93 67 11 72 77 35 22 53 88 57 6 82 78
21 24 17 22 89 56 6 22 52 68 45 54 40 80 34 92
95 40 10 27 94 24 58 66 31 16 9 43 51 79 58 42
63 81 54 41 82 95 70 16 94 57 55 19 54 60 8 24
65 41 52 33 29 89 91 21 39 54 71 8 28 3 56 57
19 69 75 16 65 16 43 72 88 93 92 34 64 78 54 17
80 94 93 88 33 66 19 58 66 45 4 60 68 33 21 21
10 6 77 71 90 22 89 48 54 18 58 82 92 87 22 23
57 51 7 58 59 95 51 4 29 71 88 19 15 60 33 76
60 11 63 31 79 67 36 94 57 20 95 16 44 58 36 59
21 43 95 67 91 20 72 19 34 32 36 57 5 21 69 67
5 57 48 23 33 7 65 63 51 35 89 32 87 46 17 91
46 43 95 41 75 90 60 24 28 9 40 6 30 40 91 35
34 31 48 19 48 34 39 23 15 93 35 91 88 35 48 20
92 40 17 31 43 20 31 92 55 83 46 81 77 80 56 4
89 9 40 8 44 70 87 71 22 58 92 95 48 55 33 95
