5 7 5 7 5 0 6 6 2 1 4 7 4 0 6 6
1 2 1 1 7 4 0 1 4 5 3 4 3 6 2 7
7 3 0 2 7 2 4 5 2 1 0 3 4 6 4 3
5 6 4 3 6 7 5 1 7 4 4 1 4 5 0 2
5 3 4 2 2 7 7 1 3 4 5 0 2 0 4 4
1 5 6 1 5 1 3 6 7 7 7 2 5 6 4 1
6 7 7 7 2 5 1 4 5 3 0 5 5 2 1 1
0 0 6 5 7 1 7 4 4 1 4 6 7 7 1 1
4 4 0 4 4 7 4 0 2 5 7 1 1 5 2 6
5 0 5 2 6 5 3 7 4 1 7 1 3 4 3 4
1 3 7 5 7 1 6 1 2 2 3 4 0 1 5 5
0 4 4 1 2 0 5 5 4 2 7 2 7 3 1 7
3 3 7 3 6 7 5 2 2 0 3 0 2 3 7 2
2 2 4 1 4 2 3 1 1 7 2 7 7 2 4 1
7 3 1 2 3 1 2 7 4 6 3 6 6 6 4 0
7 0 3 0 3 5 7 5 1 4 7 7 4 4 2 7
67 91 71 92 69 4 82 76 33 17 57 91 57 7 78 77
18 32 19 17 95 53 7 19 52 70 44 51 44 83 34 88
95 46 9 28 90 28 56 66 35 23 7 42 51 81 57 46
63 77 52 40 78 91 64 23 84 52 59 17 48 69 7 29
71 39 55 28 30 90 87 21 45 52 64 7 34 11 57 54
20 63 82 23 63 20 43 79 90 87 91 34 67 82 59 15
80 87 89 95 24 65 22 54 60 44 10 67 68 29 21 18
9 4 80 63 87 20 91 54 52 23 55 77 92 95 15 23
58 55 11 53 57 84 55 11 29 70 90 19 17 60 27 77
63 4 60 35 83 63 36 88 57 18 93 23 36 51 45 54
16 44 91 70 88 20 75 18 34 34 43 55 7 19 66 64
4 56 52 15 34 4 67 69 54 29 92 27 88 41 22 91
47 40 95 45 76 90 60 31 30 4 36 3 28 42 91 30
34 28 51 21 58 29 46 15 18 95 32 84 91 32 54 23
92 43 21 28 40 21 35 88 54 77 41 78 75 81 55 7
88 7 41 3 46 67 91 65 19 52 94 95 55 58 29 94
