5 7 5 7 5 0 6 6 2 1 4 7 4 0 6 6
1 2 1 1 7 4 0 1 4 5 3 4 3 6 2 7
7 3 0 2 7 2 4 5 2 1 0 3 4 6 4 3
5 6 4 3 6 7 5 1 7 4 4 1 4 5 0 2
5 3 4 2 2 7 7 1 3 4 5 0 2 0 4 4
1 5 6 1 5 1 3 6 7 7 7 2 5 6 4 1
6 7 7 7 2 5 1 4 5 3 0 5 5 2 1 1
0 0 6 5 7 1 7 4 4 1 4 6 7 7 1 1
4 4 0 4 4 7 4 0 2 5 7 1 1 5 2 6
5 0 5 2 6 5 3 7 4 1 7 1 3 4 3 4
1 3 7 5 7 1 6 1 2 2 3 4 0 1 5 5
0 4 4 1 2 0 5 5 4 2 7 2 7 3 1 7
3 3 7 3 6 7 5 2 2 0 3 0 2 3 7 2
2 2 4 1 4 2 3 1 1 7 2 7 7 2 4 1
7 3 1 2 3 1 2 7 4 6 3 6 6 6 4 0
7 0 3 0 3 5 7 5 1 4 7 7 4 4 2 7
70 92 65 87 64 3 81 79 31 19 53 94 59 8 81 76
17 27 17 21 89 58 9 15 48 66 39 51 47 81 35 91
94 40 5 30 87 32 57 66 32 22 9 45 52 80 57 39
64 75 59 41 78 89 71 19 87 59 59 18 57 69 8 32
63 43 51 33 31 90 92 18 45 51 71 5 35 3 57 48
19 64 75 15 68 16 36 83 91 92 91 28 67 77 48 20
72 93 87 92 32 68 19 48 69 41 10 60 63 24 20 20
6 10 75 69 93 17 93 55 55 21 53 80 91 84 15 23
53 48 5 59 59 95 55 6 30 69 84 21 20 71 29 76
69 10 64 33 77 69 44 93 51 16 91 16 41 51 41 48
20 40 90 68 89 17 77 18 30 32 36 51 6 20 69 67
8 56 57 15 28 5 64 70 55 35 93 27 95 44 17 89
43 43 93 40 76 95 67 24 29 11 42 4 24 36 95 24
27 34 58 17 51 28 42 17 22 92 29 91 94 24 51 18
93 36 15 35 46 18 33 91 52 81 39 81 80 72 51 9
87 9 44 8 46 71 91 71 19 56 88 90 53 59 29 87
