5 7 5 7 5 0 6 6 2 1 4 7 4 0 6 6
1 2 1 1 7 4 0 1 4 5 3 4 3 6 2 7
7 3 0 2 7 2 4 5 2 1 0 3 4 6 4 3
5 6 4 3 6 7 5 1 7 4 4 1 4 5 0 2
5 3 4 2 2 7 7 1 3 4 5 0 2 0 4 4
1 5 6 1 5 1 3 6 7 7 7 2 5 6 4 1
6 7 7 7 2 5 1 4 5 3 0 5 5 2 1 1
0 0 6 5 7 1 7 4 4 1 4 6 7 7 1 1
4 4 0 4 4 7 4 0 2 5 7 1 1 5 2 6
5 0 5 2 6 5 3 7 4 1 7 1 3 4 3 4
1 3 7 5 7 1 6 1 2 2 3 4 0 1 5 5
0 4 4 1 2 0 5 5 4 2 7 2 7 3 1 7
3 3 7 3 6 7 5 2 2 0 3 0 2 3 7 2
2 2 4 1 4 2 3 1 1 7 2 7 7 2 4 1
7 3 1 2 3 1 2 7 4 6 3 6 6 6 4 0
7 0 3 0 3 5 7 5 1 4 7 7 4 4 2 7
69 94 69 90 69 9 81 80 34 17 52 89 52 9 78 76
18 33 21 19 87 48 5 17 52 69 36 51 36 72 24 84
89 45 11 30 94 28 52 71 27 22 9 40 54 77 51 42
68 81 52 39 72 84 63 20 90 59 51 16 53 66 5 35
67 40 51 29 27 95 90 20 44 53 69 8 33 7 51 53
18 64 79 20 71 20 39 76 93 92 93 24 66 83 58 17
80 94 95 89 29 71 18 51 63 43 9 70 69 34 20 23
3 4 79 63 94 20 89 56 52 15 52 78 90 87 20 22
54 55 11 48 58 84 51 10 24 68 94 21 20 69 32 79
70 8 65 32 76 70 36 93 57 20 90 22 47 55 47 55
15 42 93 69 89 18 78 20 31 34 46 56 11 21 63 64
8 56 55 17 24 4 67 67 52 30 91 24 84 41 15 88
36 41 87 42 80 84 68 32 27 9 45 3 34 46 93 28
24 28 57 15 54 29 44 21 15 90 29 94 88 30 52 17
94 43 17 34 36 20 31 95 58 72 36 72 76 76 53 5
92 8 43 3 45 60 94 63 21 53 94 91 58 48 27 93
