5 7 5 7 5 0 6 6 2 1 4 7 4 0 6 6
1 2 1 1 7 4 0 1 4 5 3 4 3 6 2 7
7 3 0 2 7 2 4 5 2 1 0 3 4 6 4 3
5 6 4 3 6 7 5 1 7 4 4 1 4 5 0 2
5 3 4 2 2 7 7 1 3 4 5 0 2 0 4 4
1 5 6 1 5 1 3 6 7 7 7 2 5 6 4 1
6 7 7 7 2 5 1 4 5 3 0 5 5 2 1 1
0 0 6 5 7 1 7 4 4 1 4 6 7 7 1 1
4 4 0 4 4 7 4 0 2 5 7 1 1 5 2 6
5 0 5 2 6 5 3 7 4 1 7 1 3 4 3 4
1 3 7 5 7 1 6 1 2 2 3 4 0 1 5 5
0 4 4 1 2 0 5 5 4 2 7 2 7 3 1 7
3 3 7 3 6 7 5 2 2 0 3 0 2 3 7 2
2 2 4 1 4 2 3 1 1 7 2 7 7 2 4 1
7 3 1 2 3 1 2 7 4 6 3 6 6 6 4 0
7 0 3 0 3 5 7 5 1 4 7 7 4 4 2 7
64 91 60 94 65 11 82 72 24 15 58 90 52 4 82 75
23 29 17 22 87 48 7 18 48 60 36 51 36 78 31 95
89 43 3 28 90 28 53 65 32 21 4 36 53 81 48 41
70 83 57 45 79 94 63 16 89 52 59 20 55 66 7 32
70 41 51 27 30 88 84 19 36 48 69 11 29 9 54 53
22 69 79 16 70 18 40 81 93 84 93 32 71 83 53 17
83 91 87 90 33 64 19 59 63 47 8 60 71 32 16 17
3 11 80 70 90 16 92 52 54 19 55 77 94 89 23 23
54 53 6 54 48 91 53 4 29 69 93 23 22 65 24 78
66 8 63 33 77 60 45 95 48 23 91 18 41 59 39 52
21 44 87 63 90 15 76 23 28 35 45 53 3 21 67 66
11 56 48 18 34 7 65 60 57 34 89 33 90 43 22 92
43 46 90 39 79 87 67 31 29 5 44 4 31 39 84 32
31 31 54 18 55 28 43 21 18 88 30 94 94 33 55 23
88 46 23 29 41 15 27 93 48 80 45 83 75 77 58 4
84 7 43 3 47 70 92 68 23 59 87 84 53 53 34 88
