5 7 5 7 5 0 6 6 2 1 4 7 4 0 6 6
1 2 1 1 7 4 0 1 4 5 3 4 3 6 2 7
7 3 0 2 7 2 4 5 2 1 0 3 4 6 4 3
5 6 4 3 6 7 5 1 7 4 4 1 4 5 0 2
5 3 4 2 2 7 7 1 3 4 5 0 2 0 4 4
1 5 6 1 5 1 3 6 7 7 7 2 5 6 4 1
6 7 7 7 2 5 1 4 5 3 0 5 5 2 1 1
0 0 6 5 7 1 7 4 4 1 4 6 7 7 1 1
4 4 0 4 4 7 4 0 2 5 7 1 1 5 2 6
5 0 5 2 6 5 3 7 4 1 7 1 3 4 3 4
1 3 7 5 7 1 6 1 2 2 3 4 0 1 5 5
0 4 4 1 2 0 5 5 4 2 7 2 7 3 1 7
3 3 7 3 6 7 5 2 2 0 3 0 2 3 7 2
2 2 4 1 4 2 3 1 1 7 2 7 7 2 4 1
7 3 1 2 3 1 2 7 4 6 3 6 6 6 4 0
7 0 3 0 3 5 7 5 1 4 7 7 4 4 2 7
68 92 70 91 69 5 81 80 31 15 54 84 59 8 79 82
23 28 23 16 90 54 8 17 53 71 46 55 40 78 28 90
95 42 10 34 94 29 57 68 35 23 7 46 55 80 57 44
65 83 53 42 80 88 69 20 92 56 48 20 54 69 10 34
66 46 52 33 34 92 89 17 42 57 64 6 29 10 52 55
18 63 83 23 67 21 41 78 90 88 90 31 67 79 53 16
78 89 84 93 35 60 17 52 60 42 10 68 71 29 19 16
6 3 80 71 89 18 84 55 52 20 54 79 88 93 20 19
57 56 10 59 51 87 52 8 29 68 92 16 22 64 35 72
66 11 68 32 77 66 42 84 53 18 84 19 42 53 40 53
20 47 89 67 87 20 82 22 32 27 47 58 6 18 70 69
4 55 51 15 34 11 64 65 55 34 95 30 95 41 18 89
47 45 93 39 81 84 64 32 29 3 39 6 28 46 84 33
27 29 53 19 59 33 40 19 16 94 35 92 84 28 58 18
88 43 19 35 40 16 35 88 58 75 42 80 72 79 55 8
91 9 46 7 42 63 91 60 22 53 90 88 52 58 30 89
