0 0 0 0 0 0 0 0 0 0 0 0 0 0 0 0
0 0 0 0 0 0 0 0 0 0 0 0 0 0 0 0
1 1 1 1 1 1 1 1 1 1 1 1 1 1 1 1
1 1 1 1 1 1 1 1 1 1 1 1 1 1 1 1
2 2 2 2 2 2 2 2 2 2 2 2 2 2 2 2
2 2 2 2 2 2 2 2 2 2 2 2 2 2 2 2
3 3 3 3 3 3 3 3 3 3 3 3 3 3 3 3
3 3 3 3 3 3 3 3 3 3 3 3 3 3 3 3
4 4 4 4 4 4 4 4 4 4 4 4 4 4 4 4
4 4 4 4 4 4 4 4 4 4 4 4 4 4 4 4
5 5 5 5 5 5 5 5 5 5 5 5 5 5 5 5
5 5 5 5 5 5 5 5 5 5 5 5 5 5 5 5
6 6 6 6 6 6 6 6 6 6 6 6 6 6 6 6
6 6 6 6 6 6 6 6 6 6 6 6 6 6 6 6
7 7 7 7 7 7 7 7 7 7 7 7 7 7 7 7
7 7 7 7 7 7 7 7 7 7 7 7 7 7 7 7
10 4 11 3 7 6 8 7 8 10 5 7 5 7 10 3
3 7 5 8 5 7 3 8 10 7 5 7 8 10 5 8
15 21 16 16 23 16 21 18 17 18 23 16 23 15 18 21
16 17 16 16 17 19 17 16 22 15 17 23 23 17 20 18
24 31 33 30 32 27 33 31 24 30 29 31 31 34 28 28
24 31 27 28 35 32 30 28 27 31 34 31 30 30 27 34
43 36 40 43 41 43 42 39 40 43 43 46 43 46 43 41
41 36 36 45 44 43 41 44 47 47 46 47 47 42 39 41
56 56 53 55 59 59 58 55 59 52 48 54 55 57 53 56
57 51 56 53 56 53 51 59 52 55 54 53 58 53 57 48
64 63 70 70 66 67 67 63 68 68 60 70 66 63 70 70
69 65 69 70 63 68 64 66 69 69 60 68 68 67 68 64
76 77 75 80 75 76 78 78 82 78 80 82 72 77 75 83
83 75 81 75 77 75 72 80 75 78 80 80 79 79 77 83
90 91 88 93 84 93 94 89 84 88 93 90 95 92 91 91
88 87 92 94 84 89 95 84 95 84 88 88 90 95 89 87
