0 0 0 0 0 0 0 0 0 0 0 0 0 0 0 0
0 0 0 0 0 0 0 0 0 0 0 0 0 0 0 0
1 1 1 1 1 1 1 1 1 1 1 1 1 1 1 1
1 1 1 1 1 1 1 1 1 1 1 1 1 1 1 1
2 2 2 2 2 2 2 2 2 2 2 2 2 2 2 2
2 2 2 2 2 2 2 2 2 2 2 2 2 2 2 2
3 3 3 3 3 3 3 3 3 3 3 3 3 3 3 3
3 3 3 3 3 3 3 3 3 3 3 3 3 3 3 3
4 4 4 4 4 4 4 4 4 4 4 4 4 4 4 4
4 4 4 4 4 4 4 4 4 4 4 4 4 4 4 4
5 5 5 5 5 5 5 5 5 5 5 5 5 5 5 5
5 5 5 5 5 5 5 5 5 5 5 5 5 5 5 5
6 6 6 6 6 6 6 6 6 6 6 6 6 6 6 6
6 6 6 6 6 6 6 6 6 6 6 6 6 6 6 6
7 7 7 7 7 7 7 7 7 7 7 7 7 7 7 7
7 7 7 7 7 7 7 7 7 7 7 7 7 7 7 7
7 11 4 7 9 8 5 4 8 9 9 10 7 8 6 5
8 3 8 5 9 11 4 8 5 8 10 5 10 9 6 10
23 15 15 19 16 19 22 18 21 17 18 22 16 20 20 18
17 18 18 16 21 23 18 21 17 18 17 15 21 16 16 17
27 31 29 35 33 28 27 28 27 30 34 30 30 33 32 34
35 30 24 28 31 33 31 31 24 34 33 35 34 27 32 32
42 41 47 46 40 36 47 41 45 42 44 47 44 39 39 43
42 47 39 36 40 39 45 44 39 36 45 47 44 41 42 47
48 58 48 54 57 51 55 51 55 58 59 53 56 48 55 48
58 59 56 56 53 58 53 58 55 48 52 58 52 56 51 53
67 67 63 64 64 60 69 69 66 65 67 67 69 67 66 70
68 65 64 64 64 63 66 71 68 64 70 70 71 66 71 65
79 76 77 72 82 83 76 80 79 78 81 80 79 75 75 80
77 79 76 78 72 79 80 78 79 76 82 79 72 76 82 83
91 89 88 89 89 93 93 84 94 87 84 89 92 91 91 90
94 92 87 87 92 91 93 88 89 92 92 94 90 93 94 90
