0 0 0 0 0 0 0 0 0 0 0 0 0 0 0 0
0 0 0 0 0 0 0 0 0 0 0 0 0 0 0 0
1 1 1 1 1 1 1 1 1 1 1 1 1 1 1 1
1 1 1 1 1 1 1 1 1 1 1 1 1 1 1 1
2 2 2 2 2 2 2 2 2 2 2 2 2 2 2 2
2 2 2 2 2 2 2 2 2 2 2 2 2 2 2 2
3 3 3 3 3 3 3 3 3 3 3 3 3 3 3 3
3 3 3 3 3 3 3 3 3 3 3 3 3 3 3 3
4 4 4 4 4 4 4 4 4 4 4 4 4 4 4 4
4 4 4 4 4 4 4 4 4 4 4 4 4 4 4 4
5 5 5 5 5 5 5 5 5 5 5 5 5 5 5 5
5 5 5 5 5 5 5 5 5 5 5 5 5 5 5 5
6 6 6 6 6 6 6 6 6 6 6 6 6 6 6 6
6 6 6 6 6 6 6 6 6 6 6 6 6 6 6 6
7 7 7 7 7 7 7 7 7 7 7 7 7 7 7 7
7 7 7 7 7 7 7 7 7 7 7 7 7 7 7 7
7 4 11 7 10 10 8 8 7 4 5 8 4 8 4 9
9 4 10 3 3 7 10 7 9 8 11 4 6 6 11 5
15 17 20 20 15 20 16 22 22 22 20 16 16 23 23 22
18 17 15 20 17 15 16 15 20 21 19 23 21 16 23 23
34 35 35 27 30 24 28 33 33 29 27 31 28 35 29 34
28 31 32 34 35 29 32 33 33 27 33 29 31 32 24 33
46 41 47 45 46 42 46 45 46 36 45 46 43 46 45 43
39 47 47 43 39 36 42 46 36 43 43 45 36 39 45 46
48 58 51 55 52 59 58 59 52 57 56 57 59 51 53 57
54 48 56 57 58 57 59 54 53 58 56 51 58 51 54 55
67 67 67 68 65 70 70 70 70 65 65 65 64 69 64 60
68 71 69 71 63 69 64 70 68 67 71 66 65 69 65 71
79 77 76 79 81 81 81 81 79 72 76 77 76 77 76 81
77 81 72 75 77 79 81 78 72 82 72 80 83 78 83 80
95 93 84 92 84 95 93 89 90 95 84 95 84 89 94 91
93 92 92 87 91 84 94 84 87 88 89 91 84 91 89 89
