0 0 0 0 0 0 0 0 0 0 0 0 0 0 0 0
0 0 0 0 0 0 0 0 0 0 0 0 0 0 0 0
1 1 1 1 1 1 1 1 1 1 1 1 1 1 1 1
1 1 1 1 1 1 1 1 1 1 1 1 1 1 1 1
2 2 2 2 2 2 2 2 2 2 2 2 2 2 2 2
2 2 2 2 2 2 2 2 2 2 2 2 2 2 2 2
3 3 3 3 3 3 3 3 3 3 3 3 3 3 3 3
3 3 3 3 3 3 3 3 3 3 3 3 3 3 3 3
4 4 4 4 4 4 4 4 4 4 4 4 4 4 4 4
4 4 4 4 4 4 4 4 4 4 4 4 4 4 4 4
5 5 5 5 5 5 5 5 5 5 5 5 5 5 5 5
5 5 5 5 5 5 5 5 5 5 5 5 5 5 5 5
6 6 6 6 6 6 6 6 6 6 6 6 6 6 6 6
6 6 6 6 6 6 6 6 6 6 6 6 6 6 6 6
7 7 7 7 7 7 7 7 7 7 7 7 7 7 7 7
7 7 7 7 7 7 7 7 7 7 7 7 7 7 7 7
10 6 8 5 7 9 6 10 7 5 7 9 11 10 8 5
7 4 6 8 7 5 11 5 7 9 11 5 5 8 4 4
22 22 15 21 19 16 15 20 19 23 20 21 17 21 15 21
15 19 22 19 23 20 20 16 16 18 16 20 23 15 22 22
34 28 31 33 33 34 27 24 24 33 35 29 28 31 32 28
28 31 24 30 33 30 24 27 24 32 24 34 29 33 27 35
41 39 45 42 40 46 40 40 45 36 45 46 40 44 47 44
42 36 46 39 39 36 45 40 39 41 39 36 47 42 39 39
59 55 58 57 54 52 55 55 52 51 48 52 59 54 52 57
57 53 52 54 57 54 58 56 53 52 51 53 48 58 54 52
67 67 64 70 66 65 69 63 64 65 64 63 71 71 65 71
60 68 67 65 71 70 67 64 60 70 65 66 70 66 70 65
83 75 80 76 81 83 76 82 75 80 76 81 75 72 72 81
80 82 75 72 82 78 83 78 76 77 79 75 75 75 82 76
95 88 95 88 93 91 89 91 84 91 89 90 90 93 92 91
92 91 84 93 90 94 92 91 92 88 91 95 88 87 88 93
