0 0 0 0 0 0 0 0 0 0 0 0 0 0 0 0
0 0 0 0 0 0 0 0 0 0 0 0 0 0 0 0
1 1 1 1 1 1 1 1 1 1 1 1 1 1 1 1
1 1 1 1 1 1 1 1 1 1 1 1 1 1 1 1
2 2 2 2 2 2 2 2 2 2 2 2 2 2 2 2
2 2 2 2 2 2 2 2 2 2 2 2 2 2 2 2
3 3 3 3 3 3 3 3 3 3 3 3 3 3 3 3
3 3 3 3 3 3 3 3 3 3 3 3 3 3 3 3
4 4 4 4 4 4 4 4 4 4 4 4 4 4 4 4
4 4 4 4 4 4 4 4 4 4 4 4 4 4 4 4
5 5 5 5 5 5 5 5 5 5 5 5 5 5 5 5
5 5 5 5 5 5 5 5 5 5 5 5 5 5 5 5
6 6 6 6 6 6 6 6 6 6 6 6 6 6 6 6
6 6 6 6 6 6 6 6 6 6 6 6 6 6 6 6
7 7 7 7 7 7 7 7 7 7 7 7 7 7 7 7
7 7 7 7 7 7 7 7 7 7 7 7 7 7 7 7
3 4 7 8 7 8 3 3 6 6 3 7 10 8 7 6
6 7 8 4 6 4 10 8 8 11 5 9 4 10 6 9
20 17 21 18 16 18 21 19 22 17 16 21 23 23 15 23
20 19 22 18 17 22 22 15 21 21 23 15 20 22 18 18
32 29 27 34 27 28 34 30 34 30 32 28 31 34 29 33
31 30 33 28 34 34 28 33 30 27 31 34 35 24 35 29
45 39 43 36 36 36 47 43 47 44 42 39 42 41 43 36
46 42 39 40 36 47 47 43 47 41 44 42 45 44 40 44
55 48 51 57 59 55 55 56 58 58 54 57 52 52 54 51
55 55 59 52 51 56 58 48 52 57 54 54 53 59 59 59
70 63 68 68 68 63 63 71 64 68 71 69 66 71 64 66
65 69 69 65 64 69 60 66 66 69 70 65 65 63 68 65
76 82 75 79 80 79 80 80 72 77 80 77 82 75 83 81
77 83 72 83 82 77 81 72 77 77 75 81 77 80 82 83
89 94 93 84 84 87 92 92 94 95 89 87 84 94 95 89
88 90 95 91 89 84 90 93 95 95 84 84 95 89 84 84
