0 0 0 0 0 0 0 0 0 0 0 0 0 0 0 0
0 0 0 0 0 0 0 0 0 0 0 0 0 0 0 0
1 1 1 1 1 1 1 1 1 1 1 1 1 1 1 1
1 1 1 1 1 1 1 1 1 1 1 1 1 1 1 1
2 2 2 2 2 2 2 2 2 2 2 2 2 2 2 2
2 2 2 2 2 2 2 2 2 2 2 2 2 2 2 2
3 3 3 3 3 3 3 3 3 3 3 3 3 3 3 3
3 3 3 3 3 3 3 3 3 3 3 3 3 3 3 3
4 4 4 4 4 4 4 4 4 4 4 4 4 4 4 4
4 4 4 4 4 4 4 4 4 4 4 4 4 4 4 4
5 5 5 5 5 5 5 5 5 5 5 5 5 5 5 5
5 5 5 5 5 5 5 5 5 5 5 5 5 5 5 5
6 6 6 6 6 6 6 6 6 6 6 6 6 6 6 6
6 6 6 6 6 6 6 6 6 6 6 6 6 6 6 6
7 7 7 7 7 7 7 7 7 7 7 7 7 7 7 7
7 7 7 7 7 7 7 7 7 7 7 7 7 7 7 7
6 6 5 7 7 6 5 10 9 6 9 3 9 7 9 6
10 5 10 9 11 7 5 11 11 4 10 10 6 3 9 6
18 22 15 18 22 22 17 21 15 21 22 21 17 20 22 23
15 20 17 17 17 21 21 16 15 23 19 23 17 21 19 21
29 29 33 29 24 31 30 31 35 35 24 33 35 33 28 32
34 28 35 34 28 30 28 28 32 27 30 32 28 33 35 33
39 47 36 44 40 44 45 41 39 45 39 40 36 40 44 47
39 47 47 44 44 46 42 47 36 42 46 39 40 47 46 46
58 53 56 56 56 53 54 54 53 51 53 55 56 59 55 52
58 54 58 48 58 51 58 53 54 51 55 52 55 53 54 55
63 68 66 66 68 64 69 64 60 68 63 67 71 68 60 68
65 70 65 64 64 70 63 60 66 67 68 60 69 66 64 60
75 76 82 78 80 79 83 78 79 77 78 76 78 80 80 80
75 72 77 79 81 83 77 82 76 79 81 72 72 76 77 75
89 93 93 95 94 94 95 87 95 95 88 93 88 95 89 88
95 91 84 93 87 94 94 95 87 94 92 88 92 88 88 93
