0 0 0 0 0 0 0 0 0 0 0 0 0 0 0 0
0 0 0 0 0 0 0 0 0 0 0 0 0 0 0 0
1 1 1 1 1 1 1 1 1 1 1 1 1 1 1 1
1 1 1 1 1 1 1 1 1 1 1 1 1 1 1 1
2 2 2 2 2 2 2 2 2 2 2 2 2 2 2 2
2 2 2 2 2 2 2 2 2 2 2 2 2 2 2 2
3 3 3 3 3 3 3 3 3 3 3 3 3 3 3 3
3 3 3 3 3 3 3 3 3 3 3 3 3 3 3 3
4 4 4 4 4 4 4 4 4 4 4 4 4 4 4 4
4 4 4 4 4 4 4 4 4 4 4 4 4 4 4 4
5 5 5 5 5 5 5 5 5 5 5 5 5 5 5 5
5 5 5 5 5 5 5 5 5 5 5 5 5 5 5 5
6 6 6 6 6 6 6 6 6 6 6 6 6 6 6 6
6 6 6 6 6 6 6 6 6 6 6 6 6 6 6 6
7 7 7 7 7 7 7 7 7 7 7 7 7 7 7 7
7 7 7 7 7 7 7 7 7 7 7 7 7 7 7 7
3 6 8 11 4 11 5 5 6 11 9 3 6 6 7 3
10 5 11 5 8 9 7 7 10 11 11 11 10 11 8 3
22 18 19 19 21 23 16 16 20 19 15 20 23 19 20 17
15 20 21 17 19 22 21 23 20 23 23 23 23 20 19 15
28 24 35 24 32 24 24 27 34 34 32 33 28 31 28 31
28 28 30 28 33 35 28 32 34 33 32 34 24 35 31 28
39 45 40 44 47 40 44 40 47 46 40 42 46 47 40 36
45 44 40 36 42 46 44 40 40 47 45 43 45 44 43 36
55 57 52 58 59 56 59 58 53 55 51 59 56 57 54 55
53 58 59 59 53 56 52 52 52 53 55 57 57 54 51 56
67 64 70 68 63 60 63 60 68 63 71 65 67 63 64 71
64 60 67 66 71 64 69 65 71 71 65 70 60 65 65 68
79 72 81 82 72 81 83 82 82 77 80 80 81 79 72 78
80 83 81 78 81 75 75 77 82 75 80 80 72 83 83 83
92 84 89 93 88 89 90 93 91 91 93 92 93 92 92 94
95 89 88 92 95 88 88 91 84 91 87 88 84 92 95 89
