0 0 0 0 0 0 0 0 0 0 0 0 0 0 0 0
0 0 0 0 0 0 0 0 0 0 0 0 0 0 0 0
1 1 1 1 1 1 1 1 1 1 1 1 1 1 1 1
1 1 1 1 1 1 1 1 1 1 1 1 1 1 1 1
2 2 2 2 2 2 2 2 2 2 2 2 2 2 2 2
2 2 2 2 2 2 2 2 2 2 2 2 2 2 2 2
3 3 3 3 3 3 3 3 3 3 3 3 3 3 3 3
3 3 3 3 3 3 3 3 3 3 3 3 3 3 3 3
4 4 4 4 4 4 4 4 4 4 4 4 4 4 4 4
4 4 4 4 4 4 4 4 4 4 4 4 4 4 4 4
5 5 5 5 5 5 5 5 5 5 5 5 5 5 5 5
5 5 5 5 5 5 5 5 5 5 5 5 5 5 5 5
6 6 6 6 6 6 6 6 6 6 6 6 6 6 6 6
6 6 6 6 6 6 6 6 6 6 6 6 6 6 6 6
7 7 7 7 7 7 7 7 7 7 7 7 7 7 7 7
7 7 7 7 7 7 7 7 7 7 7 7 7 7 7 7
9 7 4 11 11 11 8 3 5 8 11 9 11 3 3 3
7 7 8 8 4 11 4 11 6 8 5 10 5 9 9 11
19 17 21 20 19 22 16 19 17 18 16 19 23 22 18 22
15 18 15 16 20 15 22 21 15 17 17 20 19 22 15 21
28 31 29 34 24 35 29 35 27 35 27 24 33 32 33 27
34 32 32 27 35 31 29 28 27 33 27 30 33 27 34 34
36 42 36 43 44 41 44 46 36 47 46 36 44 36 44 40
42 45 44 44 41 44 47 36 43 43 44 36 45 47 41 44
57 48 51 55 54 51 55 55 53 48 57 58 52 54 48 58
58 56 59 52 58 56 54 48 48 52 52 48 48 57 57 51
63 71 64 67 69 69 60 64 71 71 60 71 71 70 65 69
70 63 71 68 71 65 68 70 64 66 71 69 67 71 60 67
82 72 77 72 79 77 80 77 82 80 77 75 76 78 75 81
83 79 80 80 75 82 72 76 79 77 72 75 81 82 75 82
91 92 94 94 94 93 84 93 84 95 88 95 94 95 94 89
87 95 94 93 91 93 94 88 88 92 94 89 90 88 87 88
