0 0 0 0 0 0 0 0 0 0 0 0 0 0 0 0
0 0 0 0 0 0 0 0 0 0 0 0 0 0 0 0
1 1 1 1 1 1 1 1 1 1 1 1 1 1 1 1
1 1 1 1 1 1 1 1 1 1 1 1 1 1 1 1
2 2 2 2 2 2 2 2 2 2 2 2 2 2 2 2
2 2 2 2 2 2 2 2 2 2 2 2 2 2 2 2
3 3 3 3 3 3 3 3 3 3 3 3 3 3 3 3
3 3 3 3 3 3 3 3 3 3 3 3 3 3 3 3
4 4 4 4 4 4 4 4 4 4 4 4 4 4 4 4
4 4 4 4 4 4 4 4 4 4 4 4 4 4 4 4
5 5 5 5 5 5 5 5 5 5 5 5 5 5 5 5
5 5 5 5 5 5 5 5 5 5 5 5 5 5 5 5
6 6 6 6 6 6 6 6 6 6 6 6 6 6 6 6
6 6 6 6 6 6 6 6 6 6 6 6 6 6 6 6
7 7 7 7 7 7 7 7 7 7 7 7 7 7 7 7
7 7 7 7 7 7 7 7 7 7 7 7 7 7 7 7
4 7 9 11 11 8 7 10 5 7 8 11 6 8 9 4
9 5 11 9 5 6 4 7 11 4 4 11 8 11 3 8
21 15 23 16 20 21 22 22 17 19 16 17 17 16 23 21
20 19 20 17 17 15 16 16 17 20 23 21 15 16 23 19
30 29 35 32 24 27 35 34 35 28 32 28 32 30 33 33
27 31 24 24 24 35 28 32 24 28 31 32 30 28 33 29
45 41 42 39 41 43 46 43 39 43 46 41 40 41 39 41
41 46 41 41 45 36 44 45 40 41 45 40 45 45 44 36
56 48 51 54 51 59 56 55 58 52 52 53 56 58 58 57
51 48 53 56 57 54 51 57 54 52 51 52 57 51 56 53
67 71 65 68 60 70 66 60 68 68 71 70 67 70 70 70
69 70 68 67 67 64 68 69 69 63 68 64 67 65 69 68
81 80 79 80 76 82 81 82 76 78 78 77 72 72 75 81
81 78 83 76 77 77 81 75 79 81 78 80 83 79 76 82
92 84 84 87 89 92 91 95 89 91 89 84 84 94 95 88
94 91 92 87 93 94 91 95 91 92 84 91 88 95 90 88
