0 0 0 0 0 0 0 0 0 0 0 0 0 0 0 0
0 0 0 0 0 0 0 0 0 0 0 0 0 0 0 0
1 1 1 1 1 1 1 1 1 1 1 1 1 1 1 1
1 1 1 1 1 1 1 1 1 1 1 1 1 1 1 1
2 2 2 2 2 2 2 2 2 2 2 2 2 2 2 2
2 2 2 2 2 2 2 2 2 2 2 2 2 2 2 2
3 3 3 3 3 3 3 3 3 3 3 3 3 3 3 3
3 3 3 3 3 3 3 3 3 3 3 3 3 3 3 3
4 4 4 4 4 4 4 4 4 4 4 4 4 4 4 4
4 4 4 4 4 4 4 4 4 4 4 4 4 4 4 4
5 5 5 5 5 5 5 5 5 5 5 5 5 5 5 5
5 5 5 5 5 5 5 5 5 5 5 5 5 5 5 5
6 6 6 6 6 6 6 6 6 6 6 6 6 6 6 6
6 6 6 6 6 6 6 6 6 6 6 6 6 6 6 6
7 7 7 7 7 7 7 7 7 7 7 7 7 7 7 7
7 7 7 7 7 7 7 7 7 7 7 7 7 7 7 7
3 3 10 9 7 11 5 9 6 10 7 10 4 3 10 10
4 5 5 6 9 3 11 7 6 7 9 11 3 6 10 7
17 15 19 21 18 19 18 23 18 23 21 18 19 17 22 15
20 20 21 20 15 15 21 23 23 22 17 16 18 17 21 23
30 29 29 27 32 34 27 29 31 35 24 32 32 34 32 32
27 30 30 34 32 29 27 27 24 35 28 33 29 32 28 24
41 41 44 43 40 46 45 36 42 41 40 43 44 42 40 36
36 41 43 45 45 43 46 39 43 39 44 36 40 44 41 42
55 51 57 57 54 52 56 51 54 51 57 52 57 52 57 55
56 58 52 54 51 55 53 57 51 57 52 58 53 59 59 59
70 70 60 60 68 60 63 68 71 66 70 69 70 64 70 69
60 71 66 68 70 64 68 69 66 68 68 65 60 60 68 68
76 72 83 72 81 78 79 82 72 79 72 80 83 80 80 72
75 79 75 72 81 80 75 72 79 78 76 72 81 72 75 72
89 90 88 92 91 93 94 88 89 92 90 87 91 87 94 92
93 92 88 92 90 87 94 87 91 93 84 91 95 88 84 95
