5 7 5 7 5 0 6 6 2 1 4 7 4 0 6 6
1 2 1 1 7 4 0 1 4 5 3 4 3 6 2 7
7 3 0 2 7 2 4 5 2 1 0 3 4 6 4 3
5 6 4 3 6 7 5 1 7 4 4 1 4 5 0 2
5 3 4 2 2 7 7 1 3 4 5 0 2 0 4 4
1 5 6 1 5 1 3 6 7 7 7 2 5 6 4 1
6 7 7 7 2 5 1 4 5 3 0 5 5 2 1 1
0 0 6 5 7 1 7 4 4 1 4 6 7 7 1 1
4 4 0 4 4 7 4 0 2 5 7 1 1 5 2 6
5 0 5 2 6 5 3 7 4 1 7 1 3 4 3 4
1 3 7 5 7 1 6 1 2 2 3 4 0 1 5 5
0 4 4 1 2 0 5 5 4 2 7 2 7 3 1 7
3 3 7 3 6 7 5 2 2 0 3 0 2 3 7 2
2 2 4 1 4 2 3 1 1 7 2 7 7 2 4 1
7 3 1 2 3 1 2 7 4 6 3 6 6 6 4 0
7 0 3 0 3 5 7 5 1 4 7 7 4 4 2 7
66 90 60 84 60 7 78 76 32 19 56 87 59 9 83 81
23 27 16 15 89 59 3 16 55 60 47 52 39 80 34 95
91 36 4 31 95 33 55 68 35 23 6 41 55 83 58 46
67 79 56 43 77 93 71 19 95 52 51 15 51 71 11 32
70 46 53 32 24 87 91 22 43 51 63 4 28 7 52 57
19 68 72 15 60 17 46 82 93 94 93 28 67 82 51 16
78 90 89 95 24 66 16 58 64 47 4 65 64 27 17 16
6 7 77 60 89 22 89 58 51 15 56 79 90 94 21 23
57 51 7 58 56 88 48 6 33 71 92 19 17 69 35 78
63 5 63 31 79 65 47 87 48 19 91 21 36 52 46 57
18 43 90 71 91 22 77 18 27 31 40 56 11 21 63 64
10 53 56 22 32 7 63 63 56 30 92 31 90 43 17 89
41 45 94 44 78 91 69 30 34 11 44 4 32 46 90 30
33 28 54 20 58 27 44 19 15 91 32 90 93 24 54 22
91 36 15 31 42 20 27 87 51 76 39 79 72 80 48 7
90 3 36 9 45 64 93 70 17 53 94 84 52 58 34 90
