0 0 0 0 0 0 0 0 0 0 0 0 0 0 0 0
1 1 1 1 1 1 1 1 1 1 1 1 1 1 1 1
2 2 2 2 2 2 2 2 2 2 2 2 2 2 2 2
3 3 3 3 3 3 3 3 3 3 3 3 3 3 3 3
4 4 4 4 4 4 4 4 4 4 4 4 4 4 4 4
5 5 5 5 5 5 5 5 5 5 5 5 5 5 5 5
6 6 6 6 6 6 6 6 6 6 6 6 6 6 6 6
7 7 7 7 7 7 7 7 7 7 7 7 7 7 7 7
0 0 0 0 0 0 0 0 0 0 0 0 0 0 0 0
1 1 1 1 1 1 1 1 1 1 1 1 1 1 1 1
2 2 2 2 2 2 2 2 2 2 2 2 2 2 2 2
3 3 3 3 3 3 3 3 3 3 3 3 3 3 3 3
4 4 4 4 4 4 4 4 4 4 4 4 4 4 4 4
5 5 5 5 5 5 5 5 5 5 5 5 5 5 5 5
6 6 6 6 6 6 6 6 6 6 6 6 6 6 6 6
7 7 7 7 7 7 7 7 7 7 7 7 7 7 7 7
8 8 10 9 11 3 6 9 3 5 5 9 4 10 7 4
19 20 22 17 15 20 16 21 18 17 15 17 17 16 20 21
34 27 34 35 31 32 34 27 29 28 29 34 31 33 31 31
40 45 46 39 45 41 46 40 47 36 41 40 41 44 36 46
59 52 58 58 55 59 55 48 53 57 56 54 48 52 56 52
71 65 63 68 71 68 70 60 60 64 60 63 71 70 66 60
76 79 75 79 79 76 82 82 78 75 79 78 83 72 82 82
94 92 88 93 93 93 84 84 84 89 87 90 92 89 87 93
8 11 9 11 6 3 7 5 10 8 8 11 4 9 11 6
22 20 19 23 16 21 21 21 18 23 23 22 15 16 21 18
33 28 29 33 31 34 30 35 30 27 28 30 30 28 29 33
39 40 41 46 44 43 47 42 36 42 40 45 36 42 39 45
54 54 55 51 51 53 48 54 48 54 55 52 53 53 51 55
64 66 63 69 66 67 68 60 60 64 60 70 60 64 66 60
80 81 72 77 82 77 83 80 80 75 81 78 76 77 79 79
84 84 90 89 89 94 94 89 92 88 87 94 93 93 87 95
