0 0 0 0 0 0 0 0 0 0 0 0 0 0 0 0
1 1 1 1 1 1 1 1 1 1 1 1 1 1 1 1
2 2 2 2 2 2 2 2 2 2 2 2 2 2 2 2
3 3 3 3 3 3 3 3 3 3 3 3 3 3 3 3
4 4 4 4 4 4 4 4 4 4 4 4 4 4 4 4
5 5 5 5 5 5 5 5 5 5 5 5 5 5 5 5
6 6 6 6 6 6 6 6 6 6 6 6 6 6 6 6
7 7 7 7 7 7 7 7 7 7 7 7 7 7 7 7
0 0 0 0 0 0 0 0 0 0 0 0 0 0 0 0
1 1 1 1 1 1 1 1 1 1 1 1 1 1 1 1
2 2 2 2 2 2 2 2 2 2 2 2 2 2 2 2
3 3 3 3 3 3 3 3 3 3 3 3 3 3 3 3
4 4 4 4 4 4 4 4 4 4 4 4 4 4 4 4
5 5 5 5 5 5 5 5 5 5 5 5 5 5 5 5
6 6 6 6 6 6 6 6 6 6 6 6 6 6 6 6
7 7 7 7 7 7 7 7 7 7 7 7 7 7 7 7
7 5 4 8 4 9 9 3 7 9 5 7 5 4 4 10
20 20 16 19 15 16 16 22 20 19 19 18 21 19 19 21
28 33 31 35 34 35 34 29 33 35 31 31 27 32 35 29
44 44 42 44 47 39 41 43 43 41 41 45 42 43 44 39
52 48 48 52 51 52 55 51 57 52 54 52 59 55 55 48
60 63 68 65 67 60 64 60 67 70 65 70 66 69 68 66
72 82 77 80 80 82 83 75 79 75 79 76 77 72 77 82
87 95 90 88 88 88 95 89 91 88 88 90 90 89 90 90
7 4 4 7 11 10 11 10 11 5 10 11 3 4 11 5
15 22 19 21 16 18 19 17 15 18 19 15 22 23 15 18
34 31 30 32 33 31 27 34 29 30 27 29 29 32 30 30
36 44 40 41 41 39 36 47 47 36 39 44 44 43 45 42
57 48 58 57 59 54 52 55 59 52 53 52 53 58 58 57
65 70 68 71 65 68 71 70 63 66 66 60 60 64 67 71
80 76 82 72 72 83 75 80 82 76 82 83 82 83 82 77
92 88 84 91 93 95 89 95 95 90 95 84 92 88 87 93
