0 0 0 0 0 0 0 0 0 0 0 0 0 0 0 0
1 1 1 1 1 1 1 1 1 1 1 1 1 1 1 1
2 2 2 2 2 2 2 2 2 2 2 2 2 2 2 2
3 3 3 3 3 3 3 3 3 3 3 3 3 3 3 3
4 4 4 4 4 4 4 4 4 4 4 4 4 4 4 4
5 5 5 5 5 5 5 5 5 5 5 5 5 5 5 5
6 6 6 6 6 6 6 6 6 6 6 6 6 6 6 6
7 7 7 7 7 7 7 7 7 7 7 7 7 7 7 7
0 0 0 0 0 0 0 0 0 0 0 0 0 0 0 0
1 1 1 1 1 1 1 1 1 1 1 1 1 1 1 1
2 2 2 2 2 2 2 2 2 2 2 2 2 2 2 2
3 3 3 3 3 3 3 3 3 3 3 3 3 3 3 3
4 4 4 4 4 4 4 4 4 4 4 4 4 4 4 4
5 5 5 5 5 5 5 5 5 5 5 5 5 5 5 5
6 6 6 6 6 6 6 6 6 6 6 6 6 6 6 6
7 7 7 7 7 7 7 7 7 7 7 7 7 7 7 7
11 3 7 6 10 10 3 4 8 10 8 9 4 4 11 3
15 16 20 23 20 19 23 22 19 19 18 20 23 18 19 15
34 31 34 29 34 33 24 24 24 34 24 29 35 33 32 24
42 36 44 40 47 36 45 47 36 41 44 45 36 40 44 42
51 54 52 56 58 54 53 58 53 53 52 54 56 52 52 53
65 65 60 70 66 71 70 68 69 70 67 63 64 63 69 67
75 75 72 75 80 72 83 78 72 75 78 80 80 81 80 81
89 84 91 94 87 93 84 95 87 91 87 93 84 93 95 92
6 6 11 9 7 8 4 11 10 5 10 10 5 4 4 8
23 21 16 18 18 19 22 22 20 17 22 21 15 15 16 15
33 28 31 34 34 33 32 29 24 30 28 30 29 28 29 33
46 40 36 41 41 40 42 45 39 46 36 36 40 41 44 44
54 59 51 51 59 51 56 59 58 55 56 51 52 48 59 59
60 64 67 63 64 63 71 63 69 60 64 67 66 65 67 65
83 80 72 77 72 76 77 77 83 80 72 75 82 79 75 72
88 84 84 88 87 90 84 92 92 92 92 90 93 95 84 92
