0 0 0 0 0 0 0 0 0 0 0 0 0 0 0 0
1 1 1 1 1 1 1 1 1 1 1 1 1 1 1 1
2 2 2 2 2 2 2 2 2 2 2 2 2 2 2 2
3 3 3 3 3 3 3 3 3 3 3 3 3 3 3 3
4 4 4 4 4 4 4 4 4 4 4 4 4 4 4 4
5 5 5 5 5 5 5 5 5 5 5 5 5 5 5 5
6 6 6 6 6 6 6 6 6 6 6 6 6 6 6 6
7 7 7 7 7 7 7 7 7 7 7 7 7 7 7 7
0 0 0 0 0 0 0 0 0 0 0 0 0 0 0 0
1 1 1 1 1 1 1 1 1 1 1 1 1 1 1 1
2 2 2 2 2 2 2 2 2 2 2 2 2 2 2 2
3 3 3 3 3 3 3 3 3 3 3 3 3 3 3 3
4 4 4 4 4 4 4 4 4 4 4 4 4 4 4 4
5 5 5 5 5 5 5 5 5 5 5 5 5 5 5 5
6 6 6 6 6 6 6 6 6 6 6 6 6 6 6 6
7 7 7 7 7 7 7 7 7 7 7 7 7 7 7 7
9 3 11 9 9 10 7 8 6 5 3 11 5 4 9 10
21 19 16 19 15 23 20 19 17 23 17 20 23 15 19 22
24 31 27 31 35 31 30 29 30 33 27 24 29 27 30 28
39 42 44 39 46 43 43 41 39 45 36 41 42 47 44 46
54 53 59 55 52 58 48 51 57 54 48 48 57 54 51 54
60 67 68 68 71 65 65 64 63 66 70 66 60 66 64 70
77 83 75 81 82 79 75 75 77 76 78 82 78 82 77 72
90 89 93 94 90 95 93 87 88 90 89 91 89 92 87 93
10 10 7 3 4 8 11 6 11 8 8 6 3 8 10 7
23 20 16 19 21 23 18 16 21 18 18 23 22 16 15 18
32 34 28 30 30 30 28 27 29 32 28 32 35 31 29 35
39 47 43 43 44 47 41 44 36 42 43 42 39 40 44 47
51 51 59 58 56 58 57 59 51 54 56 48 55 58 52 53
67 70 67 69 66 69 71 64 70 70 70 66 69 71 68 65
81 81 77 80 77 77 75 75 82 78 79 81 83 77 78 79
95 91 95 90 95 89 93 87 89 88 89 91 84 89 92 84
