0 0 0 0 0 0 0 0 0 0 0 0 0 0 0 0
1 1 1 1 1 1 1 1 1 1 1 1 1 1 1 1
2 2 2 2 2 2 2 2 2 2 2 2 2 2 2 2
3 3 3 3 3 3 3 3 3 3 3 3 3 3 3 3
4 4 4 4 4 4 4 4 4 4 4 4 4 4 4 4
5 5 5 5 5 5 5 5 5 5 5 5 5 5 5 5
6 6 6 6 6 6 6 6 6 6 6 6 6 6 6 6
7 7 7 7 7 7 7 7 7 7 7 7 7 7 7 7
0 0 0 0 0 0 0 0 0 0 0 0 0 0 0 0
1 1 1 1 1 1 1 1 1 1 1 1 1 1 1 1
2 2 2 2 2 2 2 2 2 2 2 2 2 2 2 2
3 3 3 3 3 3 3 3 3 3 3 3 3 3 3 3
4 4 4 4 4 4 4 4 4 4 4 4 4 4 4 4
5 5 5 5 5 5 5 5 5 5 5 5 5 5 5 5
6 6 6 6 6 6 6 6 6 6 6 6 6 6 6 6
7 7 7 7 7 7 7 7 7 7 7 7 7 7 7 7
3 8 8 5 4 4 10 11 10 3 10 9 4 3 5 5
16 19 21 20 22 23 19 19 20 22 15 16 15 18 22 23
34 35 35 24 28 33 31 32 27 31 24 35 30 30 35 33
43 45 40 40 36 47 36 42 45 44 46 41 46 36 44 41
52 55 51 53 52 52 59 55 57 48 59 51 56 53 56 56
66 60 67 64 67 71 67 67 70 68 70 67 63 70 64 66
76 76 80 77 83 83 75 80 83 72 79 75 72 79 79 80
87 93 88 91 89 92 88 88 92 91 89 90 87 89 92 93
10 6 5 9 11 7 11 5 8 10 3 10 8 5 7 4
17 21 18 23 16 20 17 23 19 16 19 23 20 19 19 15
33 24 29 32 27 34 24 32 24 32 35 33 28 29 30 32
36 47 45 40 43 42 36 41 40 39 39 39 41 39 41 42
59 52 54 59 57 53 53 54 59 57 58 57 58 55 54 55
63 60 64 68 64 68 60 68 71 64 66 68 71 71 69 69
72 82 82 82 80 78 72 76 78 77 79 76 82 78 79 83
91 92 95 87 93 91 95 92 90 95 87 87 88 84 91 93
