0 0 0 0 0 0 0 0 0 0 0 0 0 0 0 0
1 1 1 1 1 1 1 1 1 1 1 1 1 1 1 1
2 2 2 2 2 2 2 2 2 2 2 2 2 2 2 2
3 3 3 3 3 3 3 3 3 3 3 3 3 3 3 3
4 4 4 4 4 4 4 4 4 4 4 4 4 4 4 4
5 5 5 5 5 5 5 5 5 5 5 5 5 5 5 5
6 6 6 6 6 6 6 6 6 6 6 6 6 6 6 6
7 7 7 7 7 7 7 7 7 7 7 7 7 7 7 7
0 0 0 0 0 0 0 0 0 0 0 0 0 0 0 0
1 1 1 1 1 1 1 1 1 1 1 1 1 1 1 1
2 2 2 2 2 2 2 2 2 2 2 2 2 2 2 2
3 3 3 3 3 3 3 3 3 3 3 3 3 3 3 3
4 4 4 4 4 4 4 4 4 4 4 4 4 4 4 4
5 5 5 5 5 5 5 5 5 5 5 5 5 5 5 5
6 6 6 6 6 6 6 6 6 6 6 6 6 6 6 6
7 7 7 7 7 7 7 7 7 7 7 7 7 7 7 7
3 4 11 9 3 4 6 8 11 5 8 9 11 8 8 5
22 15 21 21 22 20 23 15 21 22 16 16 22 18 22 17
34 28 33 24 27 33 35 31 24 34 34 28 32 30 34 32
47 44 40 40 39 40 40 45 44 45 39 39 39 42 43 42
52 51 59 54 57 54 57 58 59 48 56 54 54 55 56 54
65 68 63 63 64 60 70 68 67 67 68 63 65 63 65 70
79 75 72 72 79 77 76 72 79 81 82 81 77 78 79 82
93 87 90 84 91 93 95 90 87 93 84 90 87 87 88 88
5 8 4 11 7 3 8 11 7 7 10 6 8 7 9 7
19 20 21 18 16 16 19 21 18 20 15 22 21 20 17 20
24 35 24 35 34 33 32 27 24 30 31 30 29 31 33 34
40 42 44 44 43 46 41 46 45 36 36 40 46 43 42 42
48 54 57 53 54 55 54 51 55 57 51 52 59 55 58 55
67 65 60 68 63 66 70 66 60 65 71 71 69 67 71 60
77 76 79 76 72 76 83 82 81 81 81 75 75 78 79 72
90 94 94 89 84 88 92 92 93 93 95 92 95 94 87 90
