0 0 0 0 0 0 0 0 0 0 0 0 0 0 0 0
1 1 1 1 1 1 1 1 1 1 1 1 1 1 1 1
2 2 2 2 2 2 2 2 2 2 2 2 2 2 2 2
3 3 3 3 3 3 3 3 3 3 3 3 3 3 3 3
4 4 4 4 4 4 4 4 4 4 4 4 4 4 4 4
5 5 5 5 5 5 5 5 5 5 5 5 5 5 5 5
6 6 6 6 6 6 6 6 6 6 6 6 6 6 6 6
7 7 7 7 7 7 7 7 7 7 7 7 7 7 7 7
0 0 0 0 0 0 0 0 0 0 0 0 0 0 0 0
1 1 1 1 1 1 1 1 1 1 1 1 1 1 1 1
2 2 2 2 2 2 2 2 2 2 2 2 2 2 2 2
3 3 3 3 3 3 3 3 3 3 3 3 3 3 3 3
4 4 4 4 4 4 4 4 4 4 4 4 4 4 4 4
5 5 5 5 5 5 5 5 5 5 5 5 5 5 5 5
6 6 6 6 6 6 6 6 6 6 6 6 6 6 6 6
7 7 7 7 7 7 7 7 7 7 7 7 7 7 7 7
11 9 5 5 8 5 11 5 6 7 7 8 9 11 4 4
19 23 15 19 21 23 23 16 21 23 22 17 23 17 20 22
32 32 28 30 35 30 34 35 27 28 30 32 29 33 32 28
47 39 36 39 40 41 41 36 41 43 39 40 39 42 44 47
57 48 52 54 54 56 52 58 48 53 53 57 51 56 56 54
69 70 65 65 64 64 70 60 68 68 71 63 69 66 70 64
75 79 75 78 79 72 82 83 79 75 81 76 72 80 80 79
84 90 93 95 95 94 95 91 94 88 89 94 91 95 94 89
3 8 4 6 3 5 5 8 8 4 5 5 3 8 11 4
18 17 17 16 19 21 23 21 21 17 15 18 16 17 21 23
28 32 33 34 32 27 30 32 29 35 32 27 27 33 30 28
39 36 41 47 36 41 43 42 43 36 39 36 44 44 44 43
58 55 55 48 56 51 51 48 58 55 57 53 57 56 51 53
66 70 67 65 63 64 60 63 63 64 66 70 71 71 68 67
79 79 83 79 79 82 75 82 72 80 72 72 72 82 78 82
95 92 92 84 89 95 90 94 87 95 95 84 90 94 90 92
