0 0 0 0 0 0 0 0 0 0 0 0 0 0 0 0
1 1 1 1 1 1 1 1 1 1 1 1 1 1 1 1
2 2 2 2 2 2 2 2 2 2 2 2 2 2 2 2
3 3 3 3 3 3 3 3 3 3 3 3 3 3 3 3
4 4 4 4 4 4 4 4 4 4 4 4 4 4 4 4
5 5 5 5 5 5 5 5 5 5 5 5 5 5 5 5
6 6 6 6 6 6 6 6 6 6 6 6 6 6 6 6
7 7 7 7 7 7 7 7 7 7 7 7 7 7 7 7
0 0 0 0 0 0 0 0 0 0 0 0 0 0 0 0
1 1 1 1 1 1 1 1 1 1 1 1 1 1 1 1
2 2 2 2 2 2 2 2 2 2 2 2 2 2 2 2
3 3 3 3 3 3 3 3 3 3 3 3 3 3 3 3
4 4 4 4 4 4 4 4 4 4 4 4 4 4 4 4
5 5 5 5 5 5 5 5 5 5 5 5 5 5 5 5
6 6 6 6 6 6 6 6 6 6 6 6 6 6 6 6
7 7 7 7 7 7 7 7 7 7 7 7 7 7 7 7
9 6 10 4 7 11 3 7 8 7 6 3 4 10 6 8
15 17 23 18 20 16 18 23 16 17 23 23 23 15 15 19
35 28 32 30 24 32 24 24 31 35 31 32 30 32 31 30
36 47 43 41 42 44 43 42 40 36 45 36 40 46 46 46
53 58 58 52 56 58 57 54 51 52 52 56 55 52 55 59
66 63 68 60 67 65 60 67 70 66 63 60 63 64 63 71
83 80 76 83 77 81 72 78 83 81 82 78 83 76 75 83
89 93 89 89 93 90 89 90 92 92 89 95 90 84 84 87
4 3 3 3 4 10 10 3 11 5 4 8 3 5 10 3
16 23 19 17 18 17 20 21 17 22 23 16 16 18 21 15
34 28 31 32 33 27 35 35 31 24 31 28 32 32 27 24
45 39 40 36 43 43 40 44 42 43 36 42 41 42 47 46
54 51 48 56 52 55 52 57 53 55 54 55 48 59 56 55
60 71 67 66 70 64 64 70 65 67 66 64 68 70 71 63
82 79 83 72 80 83 78 72 81 72 77 78 81 76 76 75
88 88 92 87 93 87 90 90 91 91 94 87 92 84 92 91
