0 0 0 0 0 0 0 0 0 0 0 0 0 0 0 0
1 1 1 1 1 1 1 1 1 1 1 1 1 1 1 1
2 2 2 2 2 2 2 2 2 2 2 2 2 2 2 2
3 3 3 3 3 3 3 3 3 3 3 3 3 3 3 3
4 4 4 4 4 4 4 4 4 4 4 4 4 4 4 4
5 5 5 5 5 5 5 5 5 5 5 5 5 5 5 5
6 6 6 6 6 6 6 6 6 6 6 6 6 6 6 6
7 7 7 7 7 7 7 7 7 7 7 7 7 7 7 7
0 0 0 0 0 0 0 0 0 0 0 0 0 0 0 0
1 1 1 1 1 1 1 1 1 1 1 1 1 1 1 1
2 2 2 2 2 2 2 2 2 2 2 2 2 2 2 2
3 3 3 3 3 3 3 3 3 3 3 3 3 3 3 3
4 4 4 4 4 4 4 4 4 4 4 4 4 4 4 4
5 5 5 5 5 5 5 5 5 5 5 5 5 5 5 5
6 6 6 6 6 6 6 6 6 6 6 6 6 6 6 6
7 7 7 7 7 7 7 7 7 7 7 7 7 7 7 7
3 7 4 10 3 8 5 7 4 9 6 9 4 8 4 3
16 20 23 21 17 18 18 17 18 21 22 18 15 20 15 22
30 34 24 33 28 30 28 27 33 30 27 30 31 35 32 30
36 40 40 39 43 45 39 47 46 47 36 44 47 43 39 44
57 59 59 54 51 58 55 48 52 52 55 57 52 51 51 53
68 60 64 71 64 69 69 71 69 66 65 67 70 65 67 65
79 83 83 77 79 83 76 76 72 79 76 72 81 83 78 72
87 95 94 92 88 92 91 93 90 95 90 84 91 87 93 95
8 7 8 5 3 6 6 10 8 6 7 6 4 4 9 3
16 19 22 16 21 22 15 17 19 15 18 16 16 23 20 21
35 30 28 30 34 31 33 29 31 34 31 28 27 32 32 34
44 43 47 46 46 40 40 42 41 45 39 39 43 44 47 45
51 54 51 57 58 48 55 59 56 53 59 56 52 59 58 55
60 63 70 71 71 70 63 66 68 66 67 70 66 71 64 65
75 72 75 77 80 81 72 79 76 82 77 79 78 83 79 82
88 95 90 84 94 84 95 89 88 94 87 91 91 90 95 91
