0 0 0 0 0 0 0 0 0 0 0 0 0 0 0 0
1 1 1 1 1 1 1 1 1 1 1 1 1 1 1 1
2 2 2 2 2 2 2 2 2 2 2 2 2 2 2 2
3 3 3 3 3 3 3 3 3 3 3 3 3 3 3 3
4 4 4 4 4 4 4 4 4 4 4 4 4 4 4 4
5 5 5 5 5 5 5 5 5 5 5 5 5 5 5 5
6 6 6 6 6 6 6 6 6 6 6 6 6 6 6 6
7 7 7 7 7 7 7 7 7 7 7 7 7 7 7 7
0 0 0 0 0 0 0 0 0 0 0 0 0 0 0 0
1 1 1 1 1 1 1 1 1 1 1 1 1 1 1 1
2 2 2 2 2 2 2 2 2 2 2 2 2 2 2 2
3 3 3 3 3 3 3 3 3 3 3 3 3 3 3 3
4 4 4 4 4 4 4 4 4 4 4 4 4 4 4 4
5 5 5 5 5 5 5 5 5 5 5 5 5 5 5 5
6 6 6 6 6 6 6 6 6 6 6 6 6 6 6 6
7 7 7 7 7 7 7 7 7 7 7 7 7 7 7 7
4 10 9 6 5 7 3 7 6 9 10 10 11 8 5 5
21 23 21 15 21 20 22 23 18 17 23 18 19 21 23 19
24 32 24 27 30 35 32 30 29 31 35 28 31 24 29 30
41 44 45 41 36 36 47 41 39 47 39 47 42 45 44 41
52 55 48 54 57 48 56 54 53 52 58 54 54 54 54 52
64 66 64 68 65 67 65 67 68 71 60 71 70 70 68 71
78 78 79 83 76 77 80 75 83 76 79 77 72 75 80 83
94 90 91 90 91 84 91 93 95 94 91 89 87 90 87 88
5 3 6 7 11 9 4 8 5 4 6 3 8 4 10 6
15 23 20 22 17 18 18 21 23 23 19 23 21 15 18 16
27 30 33 33 28 30 24 32 33 30 31 30 33 35 32 31
46 42 36 47 42 47 36 41 43 39 42 44 43 39 39 40
56 56 58 59 52 51 54 48 53 48 52 57 55 48 53 59
70 69 69 71 70 63 68 60 69 68 67 60 63 69 71 67
78 77 80 79 81 79 77 75 78 83 72 82 75 79 75 75
90 84 89 89 87 93 89 95 92 89 90 89 93 89 87 94
