5 7 5 7 5 0 6 6 2 1 4 7 4 0 6 6
1 2 1 1 7 4 0 1 4 5 3 4 3 6 2 7
7 3 0 2 7 2 4 5 2 1 0 3 4 6 4 3
5 6 4 3 6 7 5 1 7 4 4 1 4 5 0 2
5 3 4 2 2 7 7 1 3 4 5 0 2 0 4 4
1 5 6 1 5 1 3 6 7 7 7 2 5 6 4 1
6 7 7 7 2 5 1 4 5 3 0 5 5 2 1 1
0 0 6 5 7 1 7 4 4 1 4 6 7 7 1 1
4 4 0 4 4 7 4 0 2 5 7 1 1 5 2 6
5 0 5 2 6 5 3 7 4 1 7 1 3 4 3 4
1 3 7 5 7 1 6 1 2 2 3 4 0 1 5 5
0 4 4 1 2 0 5 5 4 2 7 2 7 3 1 7
3 3 7 3 6 7 5 2 2 0 3 0 2 3 7 2
2 2 4 1 4 2 3 1 1 7 2 7 7 2 4 1
7 3 1 2 3 1 2 7 4 6 3 6 6 6 4 0
7 0 3 0 3 5 7 5 1 4 7 7 4 4 2 7
71 95 63 91 64 6 79 79 31 22 52 92 57 11 76 76
16 30 15 17 91 52 9 23 53 71 47 56 43 83 33 90
84 43 6 29 95 31 55 71 24 22 10 42 56 76 52 46
69 78 53 42 77 95 70 20 84 53 55 20 58 70 10 35
65 46 51 34 27 88 88 23 45 48 63 10 31 10 57 51
22 71 79 22 65 21 46 75 88 89 87 31 60 72 55 23
72 93 88 88 31 70 17 58 71 36 11 67 63 34 15 22
8 8 76 64 95 15 88 59 55 18 48 82 90 92 16 15
56 59 9 55 48 90 48 10 35 67 90 21 18 63 34 77
64 4 71 29 72 63 43 90 58 17 91 19 40 57 44 59
22 42 94 70 84 21 83 16 31 28 46 59 9 19 70 66
5 53 56 21 29 6 66 69 59 32 88 35 90 42 15 90
42 42 87 39 77 92 63 31 35 6 40 8 30 43 94 29
34 24 51 20 54 28 39 20 23 89 29 87 90 31 52 16
89 45 21 30 40 19 24 93 54 76 43 83 72 82 48 9
87 5 41 3 39 71 88 63 23 57 95 89 52 59 35 93
