0 0 0 0 0 0 0 0 1 1 1 1 1 1 1 1
2 2 2 2 2 2 2 2 3 3 3 3 3 3 3 3
4 4 4 4 4 4 4 4 5 5 5 5 5 5 5 5
6 6 6 6 6 6 6 6 7 7 7 7 7 7 7 7
0 0 0 0 0 0 0 0 1 1 1 1 1 1 1 1
2 2 2 2 2 2 2 2 3 3 3 3 3 3 3 3
4 4 4 4 4 4 4 4 5 5 5 5 5 5 5 5
6 6 6 6 6 6 6 6 7 7 7 7 7 7 7 7
0 0 0 0 0 0 0 0 1 1 1 1 1 1 1 1
2 2 2 2 2 2 2 2 3 3 3 3 3 3 3 3
4 4 4 4 4 4 4 4 5 5 5 5 5 5 5 5
6 6 6 6 6 6 6 6 7 7 7 7 7 7 7 7
0 0 0 0 0 0 0 0 1 1 1 1 1 1 1 1
2 2 2 2 2 2 2 2 3 3 3 3 3 3 3 3
4 4 4 4 4 4 4 4 5 5 5 5 5 5 5 5
6 6 6 6 6 6 6 6 7 7 7 7 7 7 7 7
6 6 3 4 6 11 4 11 22 23 16 20 17 19 20 18
34 32 24 33 30 29 30 24 39 42 44 40 41 42 42 42
58 53 58 56 56 53 52 52 63 69 69 63 68 64 66 60
81 79 82 75 75 75 78 80 92 84 89 87 95 94 93 89
8 5 5 5 10 11 8 7 22 23 23 17 21 16 17 21
35 31 31 31 27 32 34 27 47 47 45 39 45 39 42 44
56 57 55 54 55 51 53 48 65 70 63 63 70 64 71 71
76 76 72 78 77 78 79 76 88 90 91 92 94 87 93 95
3 4 8 3 3 7 4 5 16 21 21 15 17 18 22 20
27 31 32 31 29 24 32 31 45 36 40 40 36 40 41 41
51 59 54 54 55 51 51 55 71 70 66 63 68 65 66 70
76 78 82 81 72 72 78 78 93 84 91 90 91 88 87 95
6 5 5 9 11 8 5 10 23 22 18 22 18 22 22 16
33 30 30 32 27 33 27 28 40 42 41 44 42 45 36 36
53 53 55 55 48 55 59 58 66 60 63 63 69 70 63 70
80 83 83 75 82 75 79 77 93 93 95 89 87 87 84 84
