0 0 0 0 0 0 0 0 1 1 1 1 1 1 1 1
2 2 2 2 2 2 2 2 3 3 3 3 3 3 3 3
4 4 4 4 4 4 4 4 5 5 5 5 5 5 5 5
6 6 6 6 6 6 6 6 7 7 7 7 7 7 7 7
0 0 0 0 0 0 0 0 1 1 1 1 1 1 1 1
2 2 2 2 2 2 2 2 3 3 3 3 3 3 3 3
4 4 4 4 4 4 4 4 5 5 5 5 5 5 5 5
6 6 6 6 6 6 6 6 7 7 7 7 7 7 7 7
0 0 0 0 0 0 0 0 1 1 1 1 1 1 1 1
2 2 2 2 2 2 2 2 3 3 3 3 3 3 3 3
4 4 4 4 4 4 4 4 5 5 5 5 5 5 5 5
6 6 6 6 6 6 6 6 7 7 7 7 7 7 7 7
0 0 0 0 0 0 0 0 1 1 1 1 1 1 1 1
2 2 2 2 2 2 2 2 3 3 3 3 3 3 3 3
4 4 4 4 4 4 4 4 5 5 5 5 5 5 5 5
6 6 6 6 6 6 6 6 7 7 7 7 7 7 7 7
11 9 3 9 3 10 7 10 18 16 16 17 23 21 23 21
34 28 24 32 32 33 30 32 36 36 45 46 40 47 47 45
54 51 48 53 48 56 57 52 67 64 69 60 69 60 71 68
76 77 80 80 81 72 82 82 91 94 87 93 90 84 87 95
11 9 5 7 6 3 9 5 18 17 23 23 23 18 19 21
29 24 33 32 35 33 35 32 44 41 45 42 36 41 44 39
52 56 58 48 54 57 53 55 60 60 65 69 69 69 64 69
81 83 83 78 77 80 80 76 92 89 88 89 87 89 84 92
10 5 9 11 4 4 11 10 23 19 20 20 16 17 23 18
32 29 28 29 32 34 30 28 41 40 46 46 47 39 44 41
54 51 48 56 57 52 58 56 70 67 63 68 68 64 71 64
77 80 77 75 80 79 77 78 95 88 94 94 91 94 95 93
7 11 5 11 3 11 5 6 16 17 15 21 19 16 17 18
28 28 32 33 30 33 29 29 43 40 46 40 47 41 40 40
58 52 55 48 59 57 48 56 65 64 70 67 64 68 71 66
76 75 78 83 76 81 81 76 87 87 88 93 89 89 94 92
