0 0 0 0 0 0 0 0 1 1 1 1 1 1 1 1
2 2 2 2 2 2 2 2 3 3 3 3 3 3 3 3
4 4 4 4 4 4 4 4 5 5 5 5 5 5 5 5
6 6 6 6 6 6 6 6 7 7 7 7 7 7 7 7
0 0 0 0 0 0 0 0 1 1 1 1 1 1 1 1
2 2 2 2 2 2 2 2 3 3 3 3 3 3 3 3
4 4 4 4 4 4 4 4 5 5 5 5 5 5 5 5
6 6 6 6 6 6 6 6 7 7 7 7 7 7 7 7
0 0 0 0 0 0 0 0 1 1 1 1 1 1 1 1
2 2 2 2 2 2 2 2 3 3 3 3 3 3 3 3
4 4 4 4 4 4 4 4 5 5 5 5 5 5 5 5
6 6 6 6 6 6 6 6 7 7 7 7 7 7 7 7
0 0 0 0 0 0 0 0 1 1 1 1 1 1 1 1
2 2 2 2 2 2 2 2 3 3 3 3 3 3 3 3
4 4 4 4 4 4 4 4 5 5 5 5 5 5 5 5
6 6 6 6 6 6 6 6 7 7 7 7 7 7 7 7
10 8 4 8 6 8 8 10 16 15 21 23 22 23 18 22
34 28 33 35 27 32 27 29 42 44 43 36 40 41 44 45
59 53 57 55 58 57 54 54 60 65 67 63 60 66 64 60
83 75 80 77 79 75 78 82 92 84 88 95 93 88 87 91
6 11 3 4 10 6 10 10 22 16 18 19 18 16 15 16
24 28 33 27 30 32 32 32 39 41 46 47 36 44 41 42
52 53 55 58 53 52 57 57 67 64 63 71 63 69 65 68
81 82 72 75 76 78 77 83 91 88 95 91 87 87 93 90
8 11 3 4 10 7 4 9 23 16 20 22 22 21 16 17
33 33 29 34 32 28 28 28 44 42 39 46 41 43 36 47
55 56 48 55 59 48 55 59 63 63 67 71 64 65 71 63
76 75 78 72 82 81 78 72 84 92 95 84 92 95 84 87
6 8 9 8 7 3 10 5 16 16 18 21 21 22 16 23
35 35 35 30 31 33 32 29 45 45 46 45 40 41 42 46
51 53 52 54 52 54 58 48 60 67 65 64 71 63 66 70
77 76 75 79 80 80 82 78 92 91 92 87 90 84 94 95
