0 0 0 0 0 0 0 0 1 1 1 1 1 1 1 1
2 2 2 2 2 2 2 2 3 3 3 3 3 3 3 3
4 4 4 4 4 4 4 4 5 5 5 5 5 5 5 5
6 6 6 6 6 6 6 6 7 7 7 7 7 7 7 7
0 0 0 0 0 0 0 0 1 1 1 1 1 1 1 1
2 2 2 2 2 2 2 2 3 3 3 3 3 3 3 3
4 4 4 4 4 4 4 4 5 5 5 5 5 5 5 5
6 6 6 6 6 6 6 6 7 7 7 7 7 7 7 7
0 0 0 0 0 0 0 0 1 1 1 1 1 1 1 1
2 2 2 2 2 2 2 2 3 3 3 3 3 3 3 3
4 4 4 4 4 4 4 4 5 5 5 5 5 5 5 5
6 6 6 6 6 6 6 6 7 7 7 7 7 7 7 7
0 0 0 0 0 0 0 0 1 1 1 1 1 1 1 1
2 2 2 2 2 2 2 2 3 3 3 3 3 3 3 3
4 4 4 4 4 4 4 4 5 5 5 5 5 5 5 5
6 6 6 6 6 6 6 6 7 7 7 7 7 7 7 7
3 5 8 3 5 3 11 3 20 22 21 21 19 17 22 15
29 35 31 32 24 34 31 31 47 45 40 47 43 36 42 39
57 53 59 51 56 58 54 55 64 71 71 63 60 68 70 65
79 75 76 83 75 83 78 82 92 88 94 88 94 84 95 92
7 11 4 6 5 4 6 11 20 19 19 19 15 21 20 21
33 34 32 24 33 29 29 33 43 43 45 40 44 42 46 45
59 57 59 48 56 55 51 56 60 70 60 60 66 66 69 71
79 78 81 79 80 78 75 78 95 95 84 95 93 93 89 88
11 6 11 9 4 6 6 6 22 16 17 18 19 19 22 18
24 27 35 33 31 34 24 32 43 36 36 44 47 40 43 45
56 54 58 58 52 48 56 56 66 66 68 66 65 67 66 68
75 76 77 83 75 80 78 80 93 95 87 84 92 88 87 95
9 11 8 9 4 11 8 8 23 17 23 23 20 19 16 16
35 29 27 24 35 28 32 24 43 36 36 47 40 43 41 45
53 58 52 56 48 57 55 57 69 63 66 68 71 66 67 64
82 81 75 77 82 79 81 78 84 87 84 94 84 90 95 89
