0 0 0 0 0 0 0 0 1 1 1 1 1 1 1 1
2 2 2 2 2 2 2 2 3 3 3 3 3 3 3 3
4 4 4 4 4 4 4 4 5 5 5 5 5 5 5 5
6 6 6 6 6 6 6 6 7 7 7 7 7 7 7 7
0 0 0 0 0 0 0 0 1 1 1 1 1 1 1 1
2 2 2 2 2 2 2 2 3 3 3 3 3 3 3 3
4 4 4 4 4 4 4 4 5 5 5 5 5 5 5 5
6 6 6 6 6 6 6 6 7 7 7 7 7 7 7 7
0 0 0 0 0 0 0 0 1 1 1 1 1 1 1 1
2 2 2 2 2 2 2 2 3 3 3 3 3 3 3 3
4 4 4 4 4 4 4 4 5 5 5 5 5 5 5 5
6 6 6 6 6 6 6 6 7 7 7 7 7 7 7 7
0 0 0 0 0 0 0 0 1 1 1 1 1 1 1 1
2 2 2 2 2 2 2 2 3 3 3 3 3 3 3 3
4 4 4 4 4 4 4 4 5 5 5 5 5 5 5 5
6 6 6 6 6 6 6 6 7 7 7 7 7 7 7 7
3 6 6 11 11 4 7 3 23 21 18 17 15 22 16 17
29 33 28 28 33 27 34 28 47 44 41 40 46 47 36 42
56 53 53 59 57 52 55 57 64 70 66 71 69 68 70 69
81 72 78 80 80 78 82 72 92 94 92 88 94 89 94 87
8 7 7 9 11 5 3 11 19 18 16 20 20 23 16 16
33 30 35 32 32 24 32 29 46 40 40 42 44 45 41 40
53 53 52 58 58 58 59 52 64 67 63 66 60 68 71 68
77 82 81 82 72 76 77 72 88 88 92 87 87 93 89 95
3 6 11 11 6 3 6 7 19 20 18 23 15 18 15 16
35 34 27 28 28 27 35 27 42 43 36 39 40 36 39 44
54 51 57 53 56 52 53 53 69 63 66 66 65 60 65 71
75 80 76 78 83 76 78 78 95 87 84 93 87 95 93 90
6 10 10 10 4 11 4 3 22 17 17 17 20 22 15 17
29 35 30 33 27 27 29 35 39 39 43 36 39 46 39 46
58 51 52 53 52 56 56 56 70 70 69 60 66 66 70 68
79 75 81 75 79 72 77 83 87 87 95 90 84 91 95 94
