0 0 0 0 0 0 0 0 1 1 1 1 1 1 1 1
2 2 2 2 2 2 2 2 3 3 3 3 3 3 3 3
4 4 4 4 4 4 4 4 5 5 5 5 5 5 5 5
6 6 6 6 6 6 6 6 7 7 7 7 7 7 7 7
0 0 0 0 0 0 0 0 1 1 1 1 1 1 1 1
2 2 2 2 2 2 2 2 3 3 3 3 3 3 3 3
4 4 4 4 4 4 4 4 5 5 5 5 5 5 5 5
6 6 6 6 6 6 6 6 7 7 7 7 7 7 7 7
0 0 0 0 0 0 0 0 1 1 1 1 1 1 1 1
2 2 2 2 2 2 2 2 3 3 3 3 3 3 3 3
4 4 4 4 4 4 4 4 5 5 5 5 5 5 5 5
6 6 6 6 6 6 6 6 7 7 7 7 7 7 7 7
0 0 0 0 0 0 0 0 1 1 1 1 1 1 1 1
2 2 2 2 2 2 2 2 3 3 3 3 3 3 3 3
4 4 4 4 4 4 4 4 5 5 5 5 5 5 5 5
6 6 6 6 6 6 6 6 7 7 7 7 7 7 7 7
11 5 7 3 10 10 9 6 19 17 21 20 17 21 18 22
33 27 31 24 33 33 27 33 46 39 36 36 47 42 40 41
52 57 54 54 56 48 57 54 71 69 67 64 67 69 68 64
83 80 80 72 79 79 83 78 84 88 93 94 91 88 88 87
11 6 10 10 5 8 9 6 15 20 15 21 15 20 17 20
34 28 35 33 24 28 34 28 45 45 44 36 46 43 43 40
55 48 56 59 51 55 53 56 60 66 70 71 71 71 65 71
81 80 77 79 75 81 81 81 92 87 88 87 88 93 84 90
7 9 7 3 10 9 10 11 22 18 15 20 23 17 17 21
30 33 32 32 28 24 29 31 40 45 43 45 42 41 42 42
48 54 51 55 57 55 57 56 65 60 69 69 70 64 60 71
82 78 77 83 72 80 79 82 89 90 84 87 84 91 93 88
11 7 11 4 5 4 6 3 18 17 22 21 21 21 21 23
32 28 32 35 35 29 28 31 46 43 45 42 44 41 45 42
56 55 59 57 53 58 48 53 66 68 66 70 60 70 70 63
76 72 83 83 75 82 79 78 93 89 95 95 89 87 91 89
