0 0 0 0 0 0 0 0 1 1 1 1 1 1 1 1
2 2 2 2 2 2 2 2 3 3 3 3 3 3 3 3
4 4 4 4 4 4 4 4 5 5 5 5 5 5 5 5
6 6 6 6 6 6 6 6 7 7 7 7 7 7 7 7
0 0 0 0 0 0 0 0 1 1 1 1 1 1 1 1
2 2 2 2 2 2 2 2 3 3 3 3 3 3 3 3
4 4 4 4 4 4 4 4 5 5 5 5 5 5 5 5
6 6 6 6 6 6 6 6 7 7 7 7 7 7 7 7
0 0 0 0 0 0 0 0 1 1 1 1 1 1 1 1
2 2 2 2 2 2 2 2 3 3 3 3 3 3 3 3
4 4 4 4 4 4 4 4 5 5 5 5 5 5 5 5
6 6 6 6 6 6 6 6 7 7 7 7 7 7 7 7
0 0 0 0 0 0 0 0 1 1 1 1 1 1 1 1
2 2 2 2 2 2 2 2 3 3 3 3 3 3 3 3
4 4 4 4 4 4 4 4 5 5 5 5 5 5 5 5
6 6 6 6 6 6 6 6 7 7 7 7 7 7 7 7
5 9 10 6 4 3 9 8 23 19 17 16 18 16 15 22
33 29 29 31 32 32 33 34 46 44 39 46 41 47 41 43
53 56 48 48 59 59 55 55 66 71 71 64 66 60 67 65
72 78 79 83 83 79 72 78 91 93 92 90 95 93 91 91
5 6 6 9 5 10 7 4 16 21 16 17 23 22 21 18
32 35 30 31 24 29 32 28 43 41 42 46 42 47 36 41
52 56 53 54 52 59 55 57 65 65 63 64 64 67 69 65
79 72 83 80 82 72 83 79 88 90 93 91 92 88 88 88
9 6 8 4 4 10 9 10 23 19 16 21 17 20 22 15
24 28 29 28 32 27 33 32 42 45 42 41 40 45 47 39
59 48 54 55 55 56 53 56 64 63 70 71 67 66 69 70
76 76 79 76 82 79 72 83 93 90 88 92 93 87 84 90
11 10 10 5 5 7 9 11 21 19 18 18 16 15 16 22
32 27 35 29 27 30 27 28 42 44 39 41 42 40 40 40
53 59 56 55 58 48 48 48 66 63 63 63 65 60 63 71
77 79 82 78 79 78 77 72 87 87 91 95 87 95 95 88
