0 0 0 0 0 0 0 0 1 1 1 1 1 1 1 1
2 2 2 2 2 2 2 2 3 3 3 3 3 3 3 3
4 4 4 4 4 4 4 4 5 5 5 5 5 5 5 5
6 6 6 6 6 6 6 6 7 7 7 7 7 7 7 7
0 0 0 0 0 0 0 0 1 1 1 1 1 1 1 1
2 2 2 2 2 2 2 2 3 3 3 3 3 3 3 3
4 4 4 4 4 4 4 4 5 5 5 5 5 5 5 5
6 6 6 6 6 6 6 6 7 7 7 7 7 7 7 7
0 0 0 0 0 0 0 0 1 1 1 1 1 1 1 1
2 2 2 2 2 2 2 2 3 3 3 3 3 3 3 3
4 4 4 4 4 4 4 4 5 5 5 5 5 5 5 5
6 6 6 6 6 6 6 6 7 7 7 7 7 7 7 7
0 0 0 0 0 0 0 0 1 1 1 1 1 1 1 1
2 2 2 2 2 2 2 2 3 3 3 3 3 3 3 3
4 4 4 4 4 4 4 4 5 5 5 5 5 5 5 5
6 6 6 6 6 6 6 6 7 7 7 7 7 7 7 7
8 7 7 5 7 3 7 3 16 15 20 16 22 20 16 19
35 35 33 31 28 32 28 32 39 46 43 47 44 42 40 47
52 54 54 48 56 53 53 57 65 69 63 71 63 70 66 64
76 83 80 80 78 81 72 80 88 95 87 88 90 89 87 94
5 10 10 4 3 10 10 9 18 22 21 15 21 21 16 16
34 33 31 27 27 27 27 34 43 43 45 41 46 36 40 40
51 58 52 53 54 58 54 53 66 68 68 65 66 68 60 60
79 76 81 78 82 80 82 79 84 94 88 89 87 92 94 84
7 4 7 7 4 4 10 5 18 19 16 23 15 18 20 22
24 34 30 33 27 35 29 32 36 36 45 42 45 46 40 39
54 53 55 53 55 52 58 52 70 63 71 69 68 60 60 70
79 80 79 81 79 79 78 76 84 84 91 92 91 92 92 94
9 4 8 7 6 4 4 11 22 21 20 18 19 20 23 18
34 27 35 27 31 32 32 32 44 39 41 46 45 36 45 43
53 51 56 55 52 54 53 57 70 64 70 60 63 68 60 67
82 81 79 77 83 76 78 81 93 91 93 95 89 91 93 93
