0 0 0 0 0 0 0 0 1 1 1 1 1 1 1 1
2 2 2 2 2 2 2 2 3 3 3 3 3 3 3 3
4 4 4 4 4 4 4 4 5 5 5 5 5 5 5 5
6 6 6 6 6 6 6 6 7 7 7 7 7 7 7 7
0 0 0 0 0 0 0 0 1 1 1 1 1 1 1 1
2 2 2 2 2 2 2 2 3 3 3 3 3 3 3 3
4 4 4 4 4 4 4 4 5 5 5 5 5 5 5 5
6 6 6 6 6 6 6 6 7 7 7 7 7 7 7 7
0 0 0 0 0 0 0 0 1 1 1 1 1 1 1 1
2 2 2 2 2 2 2 2 3 3 3 3 3 3 3 3
4 4 4 4 4 4 4 4 5 5 5 5 5 5 5 5
6 6 6 6 6 6 6 6 7 7 7 7 7 7 7 7
0 0 0 0 0 0 0 0 1 1 1 1 1 1 1 1
2 2 2 2 2 2 2 2 3 3 3 3 3 3 3 3
4 4 4 4 4 4 4 4 5 5 5 5 5 5 5 5
6 6 6 6 6 6 6 6 7 7 7 7 7 7 7 7
9 11 4 3 7 4 11 8 17 16 20 18 23 17 22 19
30 31 28 27 30 24 34 27 40 45 41 41 36 43 36 42
57 58 51 58 52 52 51 51 70 65 67 69 68 69 69 60
75 75 77 79 79 79 77 76 87 93 92 91 89 91 88 91
10 10 9 7 9 10 4 11 16 21 23 23 23 18 21 18
24 30 33 29 29 33 34 32 42 39 40 41 40 36 39 42
55 56 53 56 59 52 59 54 60 68 60 64 68 64 65 70
80 79 76 77 75 80 72 75 89 91 93 87 91 87 90 84
7 6 3 3 10 5 6 4 16 16 15 17 20 20 18 18
32 30 35 29 33 24 28 29 44 39 45 36 45 40 36 44
51 48 52 56 59 54 56 58 69 60 60 66 67 70 67 66
82 78 79 80 77 72 79 77 89 92 89 88 95 84 84 88
3 8 10 6 7 7 10 9 16 17 21 18 18 23 18 16
24 32 28 34 30 24 28 35 43 42 45 45 39 42 36 44
56 52 58 58 53 56 59 52 66 66 66 68 71 70 66 68
76 78 78 75 77 78 76 76 90 88 88 93 84 95 88 89
