0 0 0 0 0 0 0 0 1 1 1 1 1 1 1 1
2 2 2 2 2 2 2 2 3 3 3 3 3 3 3 3
4 4 4 4 4 4 4 4 5 5 5 5 5 5 5 5
6 6 6 6 6 6 6 6 7 7 7 7 7 7 7 7
0 0 0 0 0 0 0 0 1 1 1 1 1 1 1 1
2 2 2 2 2 2 2 2 3 3 3 3 3 3 3 3
4 4 4 4 4 4 4 4 5 5 5 5 5 5 5 5
6 6 6 6 6 6 6 6 7 7 7 7 7 7 7 7
0 0 0 0 0 0 0 0 1 1 1 1 1 1 1 1
2 2 2 2 2 2 2 2 3 3 3 3 3 3 3 3
4 4 4 4 4 4 4 4 5 5 5 5 5 5 5 5
6 6 6 6 6 6 6 6 7 7 7 7 7 7 7 7
0 0 0 0 0 0 0 0 1 1 1 1 1 1 1 1
2 2 2 2 2 2 2 2 3 3 3 3 3 3 3 3
4 4 4 4 4 4 4 4 5 5 5 5 5 5 5 5
6 6 6 6 6 6 6 6 7 7 7 7 7 7 7 7
5 3 6 6 4 5 9 8 15 18 17 23 15 16 23 18
30 30 30 28 27 34 30 29 44 40 47 44 40 44 41 41
51 54 48 55 48 48 55 58 71 64 66 60 63 70 69 65
78 78 72 77 80 82 80 76 94 93 92 94 90 92 95 95
4 10 9 9 6 6 7 10 17 22 20 19 23 22 20 15
31 35 33 34 35 29 27 27 42 47 42 45 40 36 40 39
55 51 53 53 52 52 53 53 60 64 68 66 69 63 70 64
76 79 72 77 72 81 77 83 90 84 84 90 93 95 92 91
3 7 7 6 11 9 6 8 20 15 17 18 19 17 22 23
28 24 35 35 34 28 24 34 43 43 45 41 47 42 43 46
54 57 57 53 48 54 53 52 66 64 65 68 63 65 69 65
82 83 82 75 78 79 79 83 93 87 89 95 90 95 91 92
8 3 7 4 9 9 11 8 15 21 15 16 21 16 21 22
33 29 31 24 34 31 33 33 47 42 46 42 39 44 43 44
53 59 56 57 56 51 57 51 64 64 60 60 65 70 64 66
72 76 79 72 76 81 72 76 92 92 87 92 90 93 87 93
