5 7 5 7 5 0 6 6 2 1 4 7 4 0 6 6
1 2 1 1 7 4 0 1 4 5 3 4 3 6 2 7
7 3 0 2 7 2 4 5 2 1 0 3 4 6 4 3
5 6 4 3 6 7 5 1 7 4 4 1 4 5 0 2
5 3 4 2 2 7 7 1 3 4 5 0 2 0 4 4
1 5 6 1 5 1 3 6 7 7 7 2 5 6 4 1
6 7 7 7 2 5 1 4 5 3 0 5 5 2 1 1
0 0 6 5 7 1 7 4 4 1 4 6 7 7 1 1
4 4 0 4 4 7 4 0 2 5 7 1 1 5 2 6
5 0 5 2 6 5 3 7 4 1 7 1 3 4 3 4
1 3 7 5 7 1 6 1 2 2 3 4 0 1 5 5
0 4 4 1 2 0 5 5 4 2 7 2 7 3 1 7
3 3 7 3 6 7 5 2 2 0 3 0 2 3 7 2
2 2 4 1 4 2 3 1 1 7 2 7 7 2 4 1
7 3 1 2 3 1 2 7 4 6 3 6 6 6 4 0
7 0 3 0 3 5 7 5 1 4 7 7 4 4 2 7
69 88 68 92 71 4 76 81 30 18 51 84 53 4 77 76
16 32 15 22 95 59 11 17 48 67 45 55 40 80 31 95
92 40 7 33 84 30 59 65 28 22 9 36 56 83 52 47
64 76 56 40 72 89 69 21 92 59 52 18 53 63 6 28
70 43 51 34 34 94 88 16 44 52 66 4 27 3 52 51
22 63 82 18 63 21 45 76 92 84 88 29 63 83 55 20
72 88 88 87 34 60 22 56 66 47 11 68 71 29 15 18
10 3 72 63 91 20 94 59 55 18 56 79 92 88 22 19
56 55 4 54 51 91 54 7 28 60 95 15 21 68 32 79
65 8 68 35 76 67 39 84 58 23 90 23 42 48 47 56
22 45 84 68 89 18 79 18 32 30 43 55 3 23 67 65
5 56 51 19 32 8 69 65 48 31 92 28 93 44 23 93
41 41 84 39 72 94 64 28 29 11 39 9 33 43 93 30
27 28 56 15 56 24 46 19 17 90 24 91 92 28 51 17
90 42 20 33 41 17 27 88 54 83 39 79 81 76 55 8
95 8 39 7 44 67 92 70 21 53 84 92 57 58 32 87
