0 0 0 0 1 1 1 1 2 2 2 2 3 3 3 3
0 0 0 0 1 1 1 1 2 2 2 2 3 3 3 3
0 0 0 0 1 1 1 1 2 2 2 2 3 3 3 3
0 0 0 0 1 1 1 1 2 2 2 2 3 3 3 3
0 0 0 0 1 1 1 1 2 2 2 2 3 3 3 3
0 0 0 0 1 1 1 1 2 2 2 2 3 3 3 3
0 0 0 0 1 1 1 1 2 2 2 2 3 3 3 3
0 0 0 0 1 1 1 1 2 2 2 2 3 3 3 3
0 0 0 0 1 1 1 1 2 2 2 2 3 3 3 3
4 4 4 4 5 5 5 5 6 6 6 6 7 7 7 7
4 4 4 4 5 5 5 5 6 6 6 6 7 7 7 7
4 4 4 4 5 5 5 5 6 6 6 6 7 7 7 7
4 4 4 4 5 5 5 5 6 6 6 6 7 7 7 7
4 4 4 4 5 5 5 5 6 6 6 6 7 7 7 7
4 4 4 4 5 5 5 5 6 6 6 6 7 7 7 7
4 4 4 4 5 5 5 5 6 6 6 6 7 7 7 7
10 10 11 9 20 21 18 23 34 34 31 34 47 42 45 43
5 7 7 5 18 19 20 20 24 32 32 35 47 42 42 47
7 6 11 6 18 18 22 20 32 31 28 29 36 43 46 40
8 7 8 9 15 18 21 22 34 34 31 27 36 44 46 46
8 5 4 10 18 21 22 16 27 27 28 31 45 39 46 46
3 11 3 6 23 19 23 19 32 30 30 28 44 44 39 36
10 3 7 9 19 20 22 18 32 24 28 35 45 46 39 46
11 5 9 3 16 20 22 23 32 33 29 34 36 40 43 44
4 3 9 3 16 17 22 21 27 28 30 31 44 47 43 43
58 59 59 56 68 60 63 63 72 79 72 78 92 92 94 90
55 48 52 48 64 60 63 68 76 76 80 75 87 89 89 94
57 56 54 53 66 71 64 60 82 81 76 76 95 89 84 87
53 51 48 56 66 66 60 71 80 80 79 79 94 93 88 89
52 58 59 52 67 66 67 67 76 75 81 78 93 87 88 93
52 52 56 58 60 71 69 60 83 78 81 79 93 91 87 87
56 54 57 51 68 64 60 65 81 72 76 77 92 95 84 84
