0 0 0 0 1 1 1 1 2 2 2 2 3 3 3 3
0 0 0 0 1 1 1 1 2 2 2 2 3 3 3 3
0 0 0 0 1 1 1 1 2 2 2 2 3 3 3 3
0 0 0 0 1 1 1 1 2 2 2 2 3 3 3 3
0 0 0 0 1 1 1 1 2 2 2 2 3 3 3 3
0 0 0 0 1 1 1 1 2 2 2 2 3 3 3 3
0 0 0 0 1 1 1 1 2 2 2 2 3 3 3 3
0 0 0 0 1 1 1 1 2 2 2 2 3 3 3 3
0 0 0 0 1 1 1 1 2 2 2 2 3 3 3 3
4 4 4 4 5 5 5 5 6 6 6 6 7 7 7 7
4 4 4 4 5 5 5 5 6 6 6 6 7 7 7 7
4 4 4 4 5 5 5 5 6 6 6 6 7 7 7 7
4 4 4 4 5 5 5 5 6 6 6 6 7 7 7 7
4 4 4 4 5 5 5 5 6 6 6 6 7 7 7 7
4 4 4 4 5 5 5 5 6 6 6 6 7 7 7 7
4 4 4 4 5 5 5 5 6 6 6 6 7 7 7 7
5 7 8 11 22 22 19 20 30 35 24 32 40 39 47 42
6 7 4 11 19 18 16 20 27 33 34 35 39 36 36 43
10 11 5 11 22 17 17 21 24 31 28 34 45 43 44 36
8 9 9 11 17 15 16 19 33 32 31 33 42 39 45 42
11 3 3 6 17 20 17 16 29 34 35 24 43 46 42 45
10 8 11 3 19 17 22 18 34 35 29 33 39 40 45 36
7 3 10 8 21 23 19 21 33 24 34 35 46 47 44 43
11 5 3 9 15 22 21 22 31 33 27 30 44 39 39 47
11 9 4 10 16 23 21 17 32 29 35 32 42 45 36 45
48 48 54 48 66 71 69 70 80 72 79 83 95 92 88 88
55 54 51 55 66 67 64 68 82 82 78 82 89 84 84 91
56 56 59 48 68 70 71 67 83 80 82 83 87 95 87 91
59 57 56 58 63 71 67 66 75 79 72 80 90 90 89 94
48 55 58 55 65 68 69 69 77 75 76 80 88 89 92 95
59 54 56 53 65 65 63 69 76 78 72 76 95 94 88 88
53 54 59 48 67 60 66 71 78 79 78 76 94 91 92 90
