0 0 0 0 1 1 1 1 2 2 2 2 3 3 3 3
0 0 0 0 1 1 1 1 2 2 2 2 3 3 3 3
0 0 0 0 1 1 1 1 2 2 2 2 3 3 3 3
0 0 0 0 1 1 1 1 2 2 2 2 3 3 3 3
0 0 0 0 1 1 1 1 2 2 2 2 3 3 3 3
0 0 0 0 1 1 1 1 2 2 2 2 3 3 3 3
0 0 0 0 1 1 1 1 2 2 2 2 3 3 3 3
0 0 0 0 1 1 1 1 2 2 2 2 3 3 3 3
0 0 0 0 1 1 1 1 2 2 2 2 3 3 3 3
4 4 4 4 5 5 5 5 6 6 6 6 7 7 7 7
4 4 4 4 5 5 5 5 6 6 6 6 7 7 7 7
4 4 4 4 5 5 5 5 6 6 6 6 7 7 7 7
4 4 4 4 5 5 5 5 6 6 6 6 7 7 7 7
4 4 4 4 5 5 5 5 6 6 6 6 7 7 7 7
4 4 4 4 5 5 5 5 6 6 6 6 7 7 7 7
4 4 4 4 5 5 5 5 6 6 6 6 7 7 7 7
9 6 7 4 19 16 22 18 29 29 29 29 44 45 47 41
11 7 4 11 21 23 16 20 35 35 31 28 39 36 45 43
9 11 8 6 16 16 23 15 27 34 35 33 41 39 40 47
5 7 3 10 16 18 22 16 30 24 32 30 45 39 40 45
8 3 11 8 17 22 15 18 24 35 30 28 44 41 42 45
4 6 4 4 23 23 23 23 27 31 24 29 40 42 44 39
3 10 6 6 15 16 15 22 35 34 33 35 36 43 42 40
8 3 4 3 22 18 19 20 32 32 29 29 41 42 42 36
6 9 5 3 15 20 20 15 35 27 32 29 46 44 47 47
55 48 57 53 68 63 63 64 75 76 82 81 88 91 94 90
53 52 52 57 66 64 71 63 77 79 79 83 95 94 84 95
55 51 57 55 63 70 60 70 83 81 75 77 92 88 87 90
57 53 54 52 70 64 60 71 81 76 81 72 90 91 90 91
58 59 58 59 64 68 67 66 82 78 83 79 87 91 93 95
48 48 48 53 71 67 66 63 79 80 78 80 95 88 90 93
48 54 54 56 70 64 71 71 81 83 78 80 92 84 87 92
