0 0 0 0 1 1 1 1 2 2 2 2 3 3 3 3
0 0 0 0 1 1 1 1 2 2 2 2 3 3 3 3
0 0 0 0 1 1 1 1 2 2 2 2 3 3 3 3
0 0 0 0 1 1 1 1 2 2 2 2 3 3 3 3
0 0 0 0 1 1 1 1 2 2 2 2 3 3 3 3
0 0 0 0 1 1 1 1 2 2 2 2 3 3 3 3
0 0 0 0 1 1 1 1 2 2 2 2 3 3 3 3
0 0 0 0 1 1 1 1 2 2 2 2 3 3 3 3
0 0 0 0 1 1 1 1 2 2 2 2 3 3 3 3
4 4 4 4 5 5 5 5 6 6 6 6 7 7 7 7
4 4 4 4 5 5 5 5 6 6 6 6 7 7 7 7
4 4 4 4 5 5 5 5 6 6 6 6 7 7 7 7
4 4 4 4 5 5 5 5 6 6 6 6 7 7 7 7
4 4 4 4 5 5 5 5 6 6 6 6 7 7 7 7
4 4 4 4 5 5 5 5 6 6 6 6 7 7 7 7
4 4 4 4 5 5 5 5 6 6 6 6 7 7 7 7
7 3 3 6 19 18 21 17 32 28 34 30 47 46 41 47
5 5 10 6 20 19 21 23 29 34 29 34 42 39 36 40
11 5 11 11 17 21 18 19 32 32 35 24 40 42 45 36
6 10 6 10 22 18 19 18 31 33 33 31 45 46 40 47
9 6 6 8 15 21 16 23 29 24 35 31 46 39 42 41
8 4 4 5 22 22 16 20 32 35 30 24 36 44 47 39
9 8 7 5 18 18 22 18 33 30 27 35 41 36 39 46
11 6 10 5 15 20 15 22 35 32 29 24 42 41 42 44
3 7 3 7 21 23 23 18 35 35 27 30 47 46 43 46
51 52 52 56 67 68 60 69 77 83 83 75 89 94 93 95
54 51 48 58 66 65 64 60 81 77 75 75 84 95 89 87
55 52 53 48 65 65 64 67 81 72 83 81 88 95 92 91
54 57 58 59 71 71 67 65 72 75 83 78 93 92 93 91
52 56 51 58 64 67 65 67 77 76 81 79 91 87 92 87
57 51 53 51 66 66 63 71 76 82 80 80 84 91 95 95
56 52 52 56 67 64 71 60 80 80 75 79 95 89 91 92
