0 0 0 0 1 1 1 1 2 2 2 2 3 3 3 3
0 0 0 0 1 1 1 1 2 2 2 2 3 3 3 3
0 0 0 0 1 1 1 1 2 2 2 2 3 3 3 3
0 0 0 0 1 1 1 1 2 2 2 2 3 3 3 3
0 0 0 0 1 1 1 1 2 2 2 2 3 3 3 3
0 0 0 0 1 1 1 1 2 2 2 2 3 3 3 3
0 0 0 0 1 1 1 1 2 2 2 2 3 3 3 3
0 0 0 0 1 1 1 1 2 2 2 2 3 3 3 3
0 0 0 0 1 1 1 1 2 2 2 2 3 3 3 3
4 4 4 4 5 5 5 5 6 6 6 6 7 7 7 7
4 4 4 4 5 5 5 5 6 6 6 6 7 7 7 7
4 4 4 4 5 5 5 5 6 6 6 6 7 7 7 7
4 4 4 4 5 5 5 5 6 6 6 6 7 7 7 7
4 4 4 4 5 5 5 5 6 6 6 6 7 7 7 7
4 4 4 4 5 5 5 5 6 6 6 6 7 7 7 7
4 4 4 4 5 5 5 5 6 6 6 6 7 7 7 7
7 3 6 11 17 15 23 21 34 24 33 31 47 39 47 45
10 10 9 10 20 22 17 23 32 33 34 33 47 40 36 41
6 7 11 8 22 20 18 16 33 24 28 31 39 39 44 44
8 11 3 5 21 19 20 16 32 32 33 24 39 47 45 40
10 7 6 8 19 18 21 16 35 27 31 35 40 47 44 43
8 7 11 7 19 18 21 15 34 27 33 35 47 47 40 42
5 7 9 9 18 19 18 17 24 33 29 31 41 40 41 42
10 8 8 8 15 16 21 19 24 35 35 29 36 44 42 43
8 8 10 5 19 17 17 16 35 30 28 31 43 45 36 43
51 59 51 58 60 70 60 68 81 82 75 80 84 91 95 89
58 51 58 53 66 60 64 71 77 77 76 79 88 93 93 90
57 56 51 55 64 63 65 64 80 81 81 82 92 84 91 95
55 53 53 57 65 66 69 66 75 79 76 75 94 93 92 90
51 48 52 57 69 69 69 70 83 80 80 76 84 92 92 92
56 58 58 59 64 67 67 67 83 82 72 72 91 92 93 94
48 59 55 54 68 63 65 63 82 72 81 83 89 91 93 88
