0 0 0 0 1 1 1 1 2 2 2 2 3 3 3 3
0 0 0 0 1 1 1 1 2 2 2 2 3 3 3 3
0 0 0 0 1 1 1 1 2 2 2 2 3 3 3 3
0 0 0 0 1 1 1 1 2 2 2 2 3 3 3 3
0 0 0 0 1 1 1 1 2 2 2 2 3 3 3 3
0 0 0 0 1 1 1 1 2 2 2 2 3 3 3 3
0 0 0 0 1 1 1 1 2 2 2 2 3 3 3 3
0 0 0 0 1 1 1 1 2 2 2 2 3 3 3 3
0 0 0 0 1 1 1 1 2 2 2 2 3 3 3 3
4 4 4 4 5 5 5 5 6 6 6 6 7 7 7 7
4 4 4 4 5 5 5 5 6 6 6 6 7 7 7 7
4 4 4 4 5 5 5 5 6 6 6 6 7 7 7 7
4 4 4 4 5 5 5 5 6 6 6 6 7 7 7 7
4 4 4 4 5 5 5 5 6 6 6 6 7 7 7 7
4 4 4 4 5 5 5 5 6 6 6 6 7 7 7 7
4 4 4 4 5 5 5 5 6 6 6 6 7 7 7 7
8 11 9 11 17 19 18 17 28 33 31 35 47 43 42 41
6 5 11 7 20 21 21 15 34 32 24 34 43 39 46 36
10 8 3 7 23 19 20 19 34 29 32 35 44 47 45 44
11 10 6 9 20 21 19 22 24 35 34 33 43 45 46 46
4 4 11 11 16 20 20 23 30 31 32 30 47 47 46 39
6 6 9 4 17 15 23 19 35 28 27 24 46 36 42 44
6 7 11 4 22 15 16 17 24 34 31 30 43 44 47 36
11 5 11 5 23 23 20 16 35 34 33 33 46 39 47 41
7 11 3 7 15 22 23 21 27 34 34 31 40 39 43 39
55 59 52 51 65 63 65 68 81 83 83 77 88 91 91 94
48 58 57 57 70 64 63 70 77 80 81 75 88 87 90 95
58 55 53 48 63 70 67 65 82 81 75 81 87 94 90 91
55 57 48 59 69 67 71 60 77 82 81 83 87 88 91 93
57 48 54 56 60 68 68 70 78 72 80 79 89 89 89 91
58 48 48 51 66 66 64 64 83 81 72 81 88 87 88 88
51 59 57 48 63 68 69 70 78 77 76 75 88 93 90 92
