0 0 0 0 1 1 1 1 2 2 2 2 3 3 3 3
0 0 0 0 1 1 1 1 2 2 2 2 3 3 3 3
0 0 0 0 1 1 1 1 2 2 2 2 3 3 3 3
0 0 0 0 1 1 1 1 2 2 2 2 3 3 3 3
0 0 0 0 1 1 1 1 2 2 2 2 3 3 3 3
0 0 0 0 1 1 1 1 2 2 2 2 3 3 3 3
0 0 0 0 1 1 1 1 2 2 2 2 3 3 3 3
0 0 0 0 1 1 1 1 2 2 2 2 3 3 3 3
0 0 0 0 1 1 1 1 2 2 2 2 3 3 3 3
4 4 4 4 5 5 5 5 6 6 6 6 7 7 7 7
4 4 4 4 5 5 5 5 6 6 6 6 7 7 7 7
4 4 4 4 5 5 5 5 6 6 6 6 7 7 7 7
4 4 4 4 5 5 5 5 6 6 6 6 7 7 7 7
4 4 4 4 5 5 5 5 6 6 6 6 7 7 7 7
4 4 4 4 5 5 5 5 6 6 6 6 7 7 7 7
4 4 4 4 5 5 5 5 6 6 6 6 7 7 7 7
4 4 11 7 17 19 19 15 33 30 34 28 45 42 47 45
4 9 9 11 16 17 15 20 28 35 30 29 46 46 46 45
11 10 11 10 15 16 18 16 24 35 32 34 41 39 42 39
9 3 8 4 17 16 19 21 24 35 35 30 42 44 42 41
5 6 3 3 17 23 17 19 32 32 28 33 45 36 40 36
10 7 9 10 15 23 23 22 34 28 31 31 36 45 36 43
4 11 7 4 23 21 16 21 24 31 30 28 39 39 41 41
10 5 10 3 23 21 20 22 35 30 32 32 41 45 43 43
6 6 11 10 20 20 15 23 31 29 33 27 36 47 36 40
59 56 56 55 67 66 64 65 72 82 81 79 90 90 84 95
55 56 58 48 63 63 65 68 79 78 76 81 91 87 95 88
54 57 59 57 63 60 69 63 77 81 75 79 84 87 91 91
54 48 53 48 70 68 68 69 82 81 72 77 88 92 88 89
58 59 48 52 60 64 63 70 77 82 80 76 94 95 90 93
54 54 58 58 68 67 68 71 75 80 82 80 95 95 94 95
59 52 53 57 65 63 64 63 80 72 72 81 87 94 87 84
