0 0 0 0 1 1 1 1 2 2 2 2 3 3 3 3
0 0 0 0 1 1 1 1 2 2 2 2 3 3 3 3
0 0 0 0 1 1 1 1 2 2 2 2 3 3 3 3
0 0 0 0 1 1 1 1 2 2 2 2 3 3 3 3
0 0 0 0 1 1 1 1 2 2 2 2 3 3 3 3
0 0 0 0 1 1 1 1 2 2 2 2 3 3 3 3
0 0 0 0 1 1 1 1 2 2 2 2 3 3 3 3
0 0 0 0 1 1 1 1 2 2 2 2 3 3 3 3
0 0 0 0 1 1 1 1 2 2 2 2 3 3 3 3
4 4 4 4 5 5 5 5 6 6 6 6 7 7 7 7
4 4 4 4 5 5 5 5 6 6 6 6 7 7 7 7
4 4 4 4 5 5 5 5 6 6 6 6 7 7 7 7
4 4 4 4 5 5 5 5 6 6 6 6 7 7 7 7
4 4 4 4 5 5 5 5 6 6 6 6 7 7 7 7
4 4 4 4 5 5 5 5 6 6 6 6 7 7 7 7
4 4 4 4 5 5 5 5 6 6 6 6 7 7 7 7
6 5 8 11 15 16 17 20 28 30 27 29 41 39 47 40
8 11 7 11 19 23 16 18 35 32 34 28 46 39 40 44
3 7 10 4 22 21 19 23 31 32 27 27 36 47 45 43
9 8 3 10 23 20 23 19 24 27 24 29 43 39 41 43
4 4 9 6 16 15 16 20 28 24 35 29 46 39 39 43
6 8 8 5 19 16 20 17 28 24 35 28 45 41 47 47
5 5 3 8 20 22 23 20 35 33 35 33 44 42 46 47
6 6 11 8 20 21 17 23 34 28 28 31 45 43 43 41
11 8 8 5 18 23 15 20 33 33 30 28 40 44 39 45
59 56 59 54 70 63 65 69 72 72 76 79 90 93 94 88
55 55 59 59 63 67 70 65 72 82 81 78 84 93 87 91
55 52 57 54 64 70 64 68 75 79 81 75 91 89 88 92
59 55 51 56 63 60 70 67 78 80 81 75 92 84 95 84
56 54 56 59 71 70 71 65 80 82 79 76 92 90 91 92
56 53 56 54 71 64 68 60 79 83 78 77 93 88 95 89
56 57 52 57 65 69 69 63 78 72 81 79 84 95 92 88
