0 0 0 0 1 1 1 1 2 2 2 2 3 3 3 3
0 0 0 0 1 1 1 1 2 2 2 2 3 3 3 3
0 0 0 0 1 1 1 1 2 2 2 2 3 3 3 3
0 0 0 0 1 1 1 1 2 2 2 2 3 3 3 3
0 0 0 0 1 1 1 1 2 2 2 2 3 3 3 3
0 0 0 0 1 1 1 1 2 2 2 2 3 3 3 3
0 0 0 0 1 1 1 1 2 2 2 2 3 3 3 3
0 0 0 0 1 1 1 1 2 2 2 2 3 3 3 3
0 0 0 0 1 1 1 1 2 2 2 2 3 3 3 3
4 4 4 4 5 5 5 5 6 6 6 6 7 7 7 7
4 4 4 4 5 5 5 5 6 6 6 6 7 7 7 7
4 4 4 4 5 5 5 5 6 6 6 6 7 7 7 7
4 4 4 4 5 5 5 5 6 6 6 6 7 7 7 7
4 4 4 4 5 5 5 5 6 6 6 6 7 7 7 7
4 4 4 4 5 5 5 5 6 6 6 6 7 7 7 7
4 4 4 4 5 5 5 5 6 6 6 6 7 7 7 7
7 10 10 5 17 21 23 15 31 24 31 32 44 46 39 40
6 6 7 10 21 18 23 20 33 29 24 35 43 44 45 36
7 3 9 4 15 23 15 22 27 30 32 31 41 46 42 39
8 6 9 7 17 20 17 17 35 35 34 29 46 36 43 47
6 9 6 10 21 18 17 21 27 28 28 24 43 36 47 44
7 10 5 5 22 21 17 18 29 34 33 28 40 44 41 45
3 9 11 8 23 18 16 18 30 24 35 28 41 43 46 40
7 11 11 4 17 19 19 16 27 28 30 24 39 43 44 39
7 8 4 10 21 19 18 16 34 30 33 33 44 46 40 46
58 51 51 59 64 64 60 64 77 83 81 81 89 90 95 94
57 48 53 57 65 65 63 63 82 75 78 72 90 84 94 90
55 52 53 55 66 70 68 64 80 78 76 80 95 87 93 89
57 58 56 52 60 65 67 68 82 82 81 80 91 84 93 95
54 58 54 54 71 71 64 65 80 79 76 75 95 84 90 93
58 51 48 56 69 67 66 69 83 81 80 79 88 91 91 84
56 59 55 59 67 71 63 67 83 81 75 77 94 84 88 93
