0 0 0 0 1 1 1 1 2 2 2 2 3 3 3 3
0 0 0 0 1 1 1 1 2 2 2 2 3 3 3 3
0 0 0 0 1 1 1 1 2 2 2 2 3 3 3 3
0 0 0 0 1 1 1 1 2 2 2 2 3 3 3 3
0 0 0 0 1 1 1 1 2 2 2 2 3 3 3 3
0 0 0 0 1 1 1 1 2 2 2 2 3 3 3 3
0 0 0 0 1 1 1 1 2 2 2 2 3 3 3 3
0 0 0 0 1 1 1 1 2 2 2 2 3 3 3 3
0 0 0 0 1 1 1 1 2 2 2 2 3 3 3 3
4 4 4 4 5 5 5 5 6 6 6 6 7 7 7 7
4 4 4 4 5 5 5 5 6 6 6 6 7 7 7 7
4 4 4 4 5 5 5 5 6 6 6 6 7 7 7 7
4 4 4 4 5 5 5 5 6 6 6 6 7 7 7 7
4 4 4 4 5 5 5 5 6 6 6 6 7 7 7 7
4 4 4 4 5 5 5 5 6 6 6 6 7 7 7 7
4 4 4 4 5 5 5 5 6 6 6 6 7 7 7 7
10 7 10 8 23 22 23 18 32 31 29 32 44 46 46 44
10 6 11 4 17 18 21 20 24 24 33 34 41 41 43 46
7 9 5 9 18 23 19 17 32 32 33 32 36 40 40 46
11 11 4 7 16 15 21 16 30 35 34 34 39 46 44 45
10 8 3 10 23 16 22 18 29 27 30 33 46 42 43 46
7 9 9 5 16 16 21 21 27 30 29 27 40 41 42 42
9 5 10 6 22 18 18 17 32 24 35 33 47 39 46 47
4 5 10 8 18 21 20 17 30 29 28 33 40 39 43 46
11 7 9 9 16 19 21 23 34 32 35 33 41 39 41 39
59 48 53 57 70 64 71 60 83 77 77 72 88 89 93 92
54 54 55 48 67 68 67 67 75 83 72 83 94 95 84 93
54 52 51 55 71 66 63 71 77 77 83 76 91 89 89 92
52 57 54 59 67 67 66 68 79 78 79 77 89 94 84 91
51 52 58 48 65 60 60 67 80 77 72 78 91 87 90 91
54 56 54 48 63 69 69 68 78 80 83 75 95 90 84 90
56 48 58 52 71 64 71 69 83 76 81 79 94 91 94 94
