5 7 5 7 5 0 6 6 2 1 4 7 4 0 6 6
1 2 1 1 7 4 0 1 4 5 3 4 3 6 2 7
7 3 0 2 7 2 4 5 2 1 0 3 4 6 4 3
5 6 4 3 6 7 5 1 7 4 4 1 4 5 0 2
5 3 4 2 2 7 7 1 3 4 5 0 2 0 4 4
1 5 6 1 5 1 3 6 7 7 7 2 5 6 4 1
6 7 7 7 2 5 1 4 5 3 0 5 5 2 1 1
0 0 6 5 7 1 7 4 4 1 4 6 7 7 1 1
4 4 0 4 4 7 4 0 2 5 7 1 1 5 2 6
5 0 5 2 6 5 3 7 4 1 7 1 3 4 3 4
1 3 7 5 7 1 6 1 2 2 3 4 0 1 5 5
0 4 4 1 2 0 5 5 4 2 7 2 7 3 1 7
3 3 7 3 6 7 5 2 2 0 3 0 2 3 7 2
2 2 4 1 4 2 3 1 1 7 2 7 7 2 4 1
7 3 1 2 3 1 2 7 4 6 3 6 6 6 4 0
7 0 3 0 3 5 7 5 1 4 7 7 4 4 2 7
69 93 67 87 70 5 76 81 31 17 54 92 56 8 81 76
18 34 17 15 90 54 11 23 59 70 43 52 36 76 34 94
91 47 4 27 88 30 56 71 31 23 8 43 57 75 54 42
60 77 55 39 81 88 65 19 88 51 48 23 51 68 5 32
69 40 59 24 35 95 84 22 39 58 66 6 31 10 52 57
18 68 75 20 66 18 43 76 84 91 88 30 65 80 56 17
78 92 84 95 35 70 21 48 68 42 11 71 60 35 22 19
3 7 81 71 87 15 84 52 51 18 54 78 93 93 17 17
56 56 5 59 55 84 59 10 27 64 93 19 19 70 24 83
69 9 69 24 82 68 47 90 48 17 84 22 41 56 46 48
18 41 90 67 88 19 75 17 31 24 41 59 11 20 69 64
10 51 56 22 28 8 60 68 56 28 90 28 87 44 18 87
47 39 95 47 82 94 70 33 27 7 40 4 35 39 84 32
29 33 59 16 58 24 40 19 18 92 33 91 93 27 56 22
91 42 21 32 43 23 24 94 56 80 45 75 81 72 51 7
95 9 47 7 45 70 87 63 22 55 95 87 53 56 30 90
