0 1 2 3 4 5 6 7 0 1 2 3 4 5 6 7
0 1 2 3 4 5 6 7 0 1 2 3 4 5 6 7
0 1 2 3 4 5 6 7 0 1 2 3 4 5 6 7
0 1 2 3 4 5 6 7 0 1 2 3 4 5 6 7
0 1 2 3 4 5 6 7 0 1 2 3 4 5 6 7
0 1 2 3 4 5 6 7 0 1 2 3 4 5 6 7
0 1 2 3 4 5 6 7 0 1 2 3 4 5 6 7
0 1 2 3 4 5 6 7 0 1 2 3 4 5 6 7
0 1 2 3 4 5 6 7 0 1 2 3 4 5 6 7
0 1 2 3 4 5 6 7 0 1 2 3 4 5 6 7
0 1 2 3 4 5 6 7 0 1 2 3 4 5 6 7
0 1 2 3 4 5 6 7 0 1 2 3 4 5 6 7
0 1 2 3 4 5 6 7 0 1 2 3 4 5 6 7
0 1 2 3 4 5 6 7 0 1 2 3 4 5 6 7
0 1 2 3 4 5 6 7 0 1 2 3 4 5 6 7
0 1 2 3 4 5 6 7 0 1 2 3 4 5 6 7
9 21 24 40 57 68 83 84 7 21 28 47 53 69 83 87
8 21 27 47 54 67 78 95 9 15 27 42 56 68 80 92
4 20 35 40 55 65 79 91 5 19 27 40 54 67 81 87
9 21 28 44 48 65 80 93 3 20 27 43 57 64 78 87
10 21 33 45 54 67 79 89 11 19 30 36 58 60 83 94
3 21 29 40 48 68 72 89 3 22 34 40 53 60 78 84
10 23 34 36 55 70 82 91 11 19 27 42 56 66 78 92
4 22 28 40 48 67 79 87 7 15 24 41 48 70 82 84
10 16 34 41 54 63 72 84 10 18 24 43 55 71 81 95
10 20 29 47 55 70 80 95 3 18 27 36 58 60 80 89
5 18 24 39 54 67 78 89 9 19 35 47 57 69 82 89
7 16 27 41 48 60 78 94 7 19 29 47 55 66 75 95
4 18 31 46 59 65 83 90 9 18 24 44 53 65 81 94
3 15 35 45 48 67 82 84 3 20 35 41 52 64 75 88
9 21 34 47 56 67 79 95 4 17 34 45 59 65 79 93
11 16 30 36 58 65 82 89 5 21 28 45 55 71 72 93
