0 1 2 3 4 5 6 7 0 1 2 3 4 5 6 7
0 1 2 3 4 5 6 7 0 1 2 3 4 5 6 7
0 1 2 3 4 5 6 7 0 1 2 3 4 5 6 7
0 1 2 3 4 5 6 7 0 1 2 3 4 5 6 7
0 1 2 3 4 5 6 7 0 1 2 3 4 5 6 7
0 1 2 3 4 5 6 7 0 1 2 3 4 5 6 7
0 1 2 3 4 5 6 7 0 1 2 3 4 5 6 7
0 1 2 3 4 5 6 7 0 1 2 3 4 5 6 7
0 1 2 3 4 5 6 7 0 1 2 3 4 5 6 7
0 1 2 3 4 5 6 7 0 1 2 3 4 5 6 7
0 1 2 3 4 5 6 7 0 1 2 3 4 5 6 7
0 1 2 3 4 5 6 7 0 1 2 3 4 5 6 7
0 1 2 3 4 5 6 7 0 1 2 3 4 5 6 7
0 1 2 3 4 5 6 7 0 1 2 3 4 5 6 7
0 1 2 3 4 5 6 7 0 1 2 3 4 5 6 7
0 1 2 3 4 5 6 7 0 1 2 3 4 5 6 7
7 21 30 40 48 71 83 94 11 21 31 46 57 67 76 90
11 20 30 42 54 60 78 93 8 18 35 43 48 67 82 95
4 22 30 36 48 69 81 84 5 18 30 46 59 67 75 90
3 21 35 36 54 60 77 89 6 17 30 39 54 65 76 90
7 23 28 45 52 70 78 91 10 19 28 43 55 66 79 93
8 17 24 44 59 65 82 92 4 20 24 39 53 65 79 92
10 22 33 45 51 70 72 94 4 17 31 41 56 69 81 88
7 15 33 42 58 64 82 91 11 18 33 36 59 68 83 91
4 18 27 44 48 70 77 89 9 23 27 46 59 66 77 84
9 15 28 36 59 64 83 93 8 20 29 43 51 64 78 84
10 20 29 47 52 70 77 87 6 17 24 41 55 65 78 93
3 18 35 39 53 65 77 94 7 19 34 44 55 65 78 93
8 20 28 39 57 64 83 93 7 22 35 36 52 64 83 88
7 20 35 47 56 63 81 92 7 17 24 47 59 67 77 90
4 23 31 47 55 60 77 90 7 17 29 39 51 71 78 92
10 15 34 42 51 63 75 91 4 19 28 42 53 66 79 91
