0 1 2 3 4 5 6 7 0 1 2 3 4 5 6 7
0 1 2 3 4 5 6 7 0 1 2 3 4 5 6 7
0 1 2 3 4 5 6 7 0 1 2 3 4 5 6 7
0 1 2 3 4 5 6 7 0 1 2 3 4 5 6 7
0 1 2 3 4 5 6 7 0 1 2 3 4 5 6 7
0 1 2 3 4 5 6 7 0 1 2 3 4 5 6 7
0 1 2 3 4 5 6 7 0 1 2 3 4 5 6 7
0 1 2 3 4 5 6 7 0 1 2 3 4 5 6 7
0 1 2 3 4 5 6 7 0 1 2 3 4 5 6 7
0 1 2 3 4 5 6 7 0 1 2 3 4 5 6 7
0 1 2 3 4 5 6 7 0 1 2 3 4 5 6 7
0 1 2 3 4 5 6 7 0 1 2 3 4 5 6 7
0 1 2 3 4 5 6 7 0 1 2 3 4 5 6 7
0 1 2 3 4 5 6 7 0 1 2 3 4 5 6 7
0 1 2 3 4 5 6 7 0 1 2 3 4 5 6 7
0 1 2 3 4 5 6 7 0 1 2 3 4 5 6 7
6 20 27 42 57 60 77 90 9 21 29 47 58 67 79 88
4 23 31 46 58 64 83 92 6 16 34 44 56 69 78 93
6 19 32 39 48 70 82 84 8 16 33 45 54 69 81 89
4 23 30 45 55 66 80 91 10 19 28 40 53 65 78 92
8 18 35 41 56 64 75 94 7 17 27 45 48 66 79 92
9 23 34 47 58 64 82 94 10 15 32 42 51 63 80 90
10 18 28 46 52 65 77 89 7 22 24 41 58 65 79 94
11 23 33 47 51 60 80 91 8 18 27 44 51 71 76 95
4 20 32 40 55 66 83 90 5 15 32 45 54 66 81 94
7 21 35 47 57 66 72 88 9 17 35 46 53 66 81 94
5 20 30 45 54 67 79 92 7 17 27 46 57 63 79 93
8 16 32 36 48 68 80 91 5 20 29 39 55 67 77 89
8 16 28 47 56 63 83 89 5 19 31 41 52 65 77 93
7 22 34 41 54 63 83 92 7 18 35 44 54 65 72 93
11 22 31 46 55 68 83 93 4 19 28 47 51 65 80 84
5 20 35 42 57 63 81 90 10 16 28 36 55 70 80 91
