0 1 2 3 4 5 6 7 0 1 2 3 4 5 6 7
0 1 2 3 4 5 6 7 0 1 2 3 4 5 6 7
0 1 2 3 4 5 6 7 0 1 2 3 4 5 6 7
0 1 2 3 4 5 6 7 0 1 2 3 4 5 6 7
0 1 2 3 4 5 6 7 0 1 2 3 4 5 6 7
0 1 2 3 4 5 6 7 0 1 2 3 4 5 6 7
0 1 2 3 4 5 6 7 0 1 2 3 4 5 6 7
0 1 2 3 4 5 6 7 0 1 2 3 4 5 6 7
0 1 2 3 4 5 6 7 0 1 2 3 4 5 6 7
0 1 2 3 4 5 6 7 0 1 2 3 4 5 6 7
0 1 2 3 4 5 6 7 0 1 2 3 4 5 6 7
0 1 2 3 4 5 6 7 0 1 2 3 4 5 6 7
0 1 2 3 4 5 6 7 0 1 2 3 4 5 6 7
0 1 2 3 4 5 6 7 0 1 2 3 4 5 6 7
0 1 2 3 4 5 6 7 0 1 2 3 4 5 6 7
0 1 2 3 4 5 6 7 0 1 2 3 4 5 6 7
11 20 30 46 57 67 83 84 9 15 31 45 55 69 81 90
9 17 30 41 53 65 81 94 7 21 28 36 48 63 77 95
11 18 31 45 53 67 75 89 11 22 30 41 58 65 83 91
4 20 32 42 58 63 77 94 8 18 33 44 56 63 75 87
6 16 24 43 48 60 79 87 3 15 31 42 48 68 80 92
9 23 28 44 59 67 75 92 11 18 24 42 57 70 77 84
3 19 34 43 59 69 83 88 7 19 24 41 54 70 78 93
4 20 27 44 52 67 82 87 9 23 29 42 54 70 78 95
9 16 29 46 55 60 80 89 10 19 29 36 57 71 82 89
3 16 27 39 58 64 82 87 4 17 30 42 59 68 72 90
8 16 24 47 55 64 77 88 11 21 27 45 52 68 80 88
11 21 27 41 48 66 78 92 11 17 29 36 56 71 81 93
7 16 35 46 55 69 81 84 3 23 31 43 56 64 76 87
4 18 29 40 59 67 79 90 7 15 33 45 56 65 75 92
8 20 32 43 59 70 82 88 11 19 33 43 59 63 77 87
6 18 34 41 52 71 83 92 5 15 27 39 58 60 80 93
