0 1 2 3 4 5 6 7 0 1 2 3 4 5 6 7
0 1 2 3 4 5 6 7 0 1 2 3 4 5 6 7
0 1 2 3 4 5 6 7 0 1 2 3 4 5 6 7
0 1 2 3 4 5 6 7 0 1 2 3 4 5 6 7
0 1 2 3 4 5 6 7 0 1 2 3 4 5 6 7
0 1 2 3 4 5 6 7 0 1 2 3 4 5 6 7
0 1 2 3 4 5 6 7 0 1 2 3 4 5 6 7
0 1 2 3 4 5 6 7 0 1 2 3 4 5 6 7
0 1 2 3 4 5 6 7 0 1 2 3 4 5 6 7
0 1 2 3 4 5 6 7 0 1 2 3 4 5 6 7
0 1 2 3 4 5 6 7 0 1 2 3 4 5 6 7
0 1 2 3 4 5 6 7 0 1 2 3 4 5 6 7
0 1 2 3 4 5 6 7 0 1 2 3 4 5 6 7
0 1 2 3 4 5 6 7 0 1 2 3 4 5 6 7
0 1 2 3 4 5 6 7 0 1 2 3 4 5 6 7
0 1 2 3 4 5 6 7 0 1 2 3 4 5 6 7
3 23 32 41 55 71 79 88 7 17 30 36 52 64 78 87
11 16 35 36 57 71 72 94 11 16 31 39 48 64 82 88
10 16 31 39 54 69 79 87 10 21 30 36 58 69 72 90
8 19 27 45 48 69 77 95 3 21 32 42 55 63 77 84
3 16 31 41 55 70 75 95 5 20 27 39 55 63 79 91
6 16 29 36 56 63 77 93 6 19 33 39 54 69 77 89
7 19 29 39 58 67 76 94 4 19 29 36 59 67 80 87
9 17 30 41 58 60 78 91 6 16 34 40 59 66 77 94
5 17 31 46 52 63 81 92 8 18 31 47 57 71 79 93
6 18 31 45 58 63 83 84 4 21 35 47 58 66 83 84
10 16 35 46 52 64 77 89 10 20 33 41 54 67 82 88
4 21 32 43 57 64 81 84 3 19 33 45 55 65 81 90
8 16 28 40 56 69 79 87 7 22 29 44 56 63 76 89
5 22 30 46 52 67 75 89 5 22 33 46 51 66 76 88
5 19 32 42 56 69 80 93 7 16 28 36 56 68 77 87
4 18 34 47 48 63 78 94 9 21 31 42 55 69 79 92
