0 1 2 3 4 5 6 7 0 1 2 3 4 5 6 7
0 1 2 3 4 5 6 7 0 1 2 3 4 5 6 7
0 1 2 3 4 5 6 7 0 1 2 3 4 5 6 7
0 1 2 3 4 5 6 7 0 1 2 3 4 5 6 7
0 1 2 3 4 5 6 7 0 1 2 3 4 5 6 7
0 1 2 3 4 5 6 7 0 1 2 3 4 5 6 7
0 1 2 3 4 5 6 7 0 1 2 3 4 5 6 7
0 1 2 3 4 5 6 7 0 1 2 3 4 5 6 7
0 1 2 3 4 5 6 7 0 1 2 3 4 5 6 7
0 1 2 3 4 5 6 7 0 1 2 3 4 5 6 7
0 1 2 3 4 5 6 7 0 1 2 3 4 5 6 7
0 1 2 3 4 5 6 7 0 1 2 3 4 5 6 7
0 1 2 3 4 5 6 7 0 1 2 3 4 5 6 7
0 1 2 3 4 5 6 7 0 1 2 3 4 5 6 7
0 1 2 3 4 5 6 7 0 1 2 3 4 5 6 7
0 1 2 3 4 5 6 7 0 1 2 3 4 5 6 7
4 16 24 42 57 60 83 87 9 19 24 41 48 63 76 95
10 19 28 41 56 71 79 93 8 15 31 44 57 68 76 91
6 23 28 46 55 68 72 94 7 16 30 45 51 71 72 92
3 22 33 47 58 71 82 91 5 23 30 43 56 65 80 89
11 15 35 39 54 64 82 94 11 19 33 41 55 60 80 95
6 18 35 44 55 66 82 90 10 22 32 45 53 70 81 88
8 16 28 44 58 65 75 90 11 17 31 47 52 64 76 87
7 20 27 44 59 63 76 92 9 19 35 39 52 64 75 84
4 17 24 47 57 60 77 94 7 22 34 45 56 63 75 88
4 23 24 41 58 70 76 84 10 16 32 41 56 70 83 94
4 22 27 42 55 60 79 91 8 20 31 39 53 69 83 90
7 22 27 45 55 65 77 90 4 18 24 39 57 68 75 95
3 23 30 40 51 68 77 92 4 22 31 43 48 70 81 91
8 16 35 39 59 66 81 93 8 21 24 46 48 67 82 91
8 15 24 36 53 70 76 92 9 22 28 42 51 71 78 95
10 22 31 42 57 71 78 92 4 19 28 47 59 63 77 94
