0 1 2 3 4 5 6 7 0 1 2 3 4 5 6 7
0 1 2 3 4 5 6 7 0 1 2 3 4 5 6 7
0 1 2 3 4 5 6 7 0 1 2 3 4 5 6 7
0 1 2 3 4 5 6 7 0 1 2 3 4 5 6 7
0 1 2 3 4 5 6 7 0 1 2 3 4 5 6 7
0 1 2 3 4 5 6 7 0 1 2 3 4 5 6 7
0 1 2 3 4 5 6 7 0 1 2 3 4 5 6 7
0 1 2 3 4 5 6 7 0 1 2 3 4 5 6 7
0 1 2 3 4 5 6 7 0 1 2 3 4 5 6 7
0 1 2 3 4 5 6 7 0 1 2 3 4 5 6 7
0 1 2 3 4 5 6 7 0 1 2 3 4 5 6 7
0 1 2 3 4 5 6 7 0 1 2 3 4 5 6 7
0 1 2 3 4 5 6 7 0 1 2 3 4 5 6 7
0 1 2 3 4 5 6 7 0 1 2 3 4 5 6 7
0 1 2 3 4 5 6 7 0 1 2 3 4 5 6 7
0 1 2 3 4 5 6 7 0 1 2 3 4 5 6 7
9 23 33 44 57 67 76 92 6 22 29 40 52 65 83 89
8 16 31 36 59 63 77 87 5 23 31 40 52 66 78 88
7 23 34 36 55 68 83 93 8 22 27 47 55 68 75 94
10 15 24 36 53 60 76 93 4 21 33 42 54 70 75 89
3 20 35 40 59 69 83 94 7 19 30 36 58 71 80 90
10 16 28 40 54 71 72 84 11 17 32 46 52 64 79 91
10 19 29 47 53 67 78 92 6 19 31 40 55 65 81 93
10 18 33 42 51 69 81 95 5 21 30 46 48 71 81 93
6 22 30 42 56 64 79 95 8 15 27 46 56 60 79 84
6 15 28 36 53 67 76 84 11 18 33 46 51 67 82 94
10 15 30 46 55 66 75 95 4 15 32 42 59 65 83 95
9 16 24 43 48 67 83 90 6 23 35 46 53 71 76 88
9 18 29 46 54 67 83 90 6 19 32 40 55 63 76 94
4 18 29 36 59 63 80 93 6 19 32 46 48 60 77 95
7 18 34 39 59 70 81 94 11 22 27 40 58 70 83 92
9 18 28 42 57 69 80 94 10 17 27 41 58 63 80 88
