0 1 2 3 4 5 6 7 0 1 2 3 4 5 6 7
0 1 2 3 4 5 6 7 0 1 2 3 4 5 6 7
0 1 2 3 4 5 6 7 0 1 2 3 4 5 6 7
0 1 2 3 4 5 6 7 0 1 2 3 4 5 6 7
0 1 2 3 4 5 6 7 0 1 2 3 4 5 6 7
0 1 2 3 4 5 6 7 0 1 2 3 4 5 6 7
0 1 2 3 4 5 6 7 0 1 2 3 4 5 6 7
0 1 2 3 4 5 6 7 0 1 2 3 4 5 6 7
0 1 2 3 4 5 6 7 0 1 2 3 4 5 6 7
0 1 2 3 4 5 6 7 0 1 2 3 4 5 6 7
0 1 2 3 4 5 6 7 0 1 2 3 4 5 6 7
0 1 2 3 4 5 6 7 0 1 2 3 4 5 6 7
0 1 2 3 4 5 6 7 0 1 2 3 4 5 6 7
0 1 2 3 4 5 6 7 0 1 2 3 4 5 6 7
0 1 2 3 4 5 6 7 0 1 2 3 4 5 6 7
0 1 2 3 4 5 6 7 0 1 2 3 4 5 6 7
5 18 35 47 53 71 72 91 6 16 27 46 56 70 83 95
5 17 34 36 53 65 82 94 10 19 30 45 58 67 72 84
10 19 34 47 57 70 79 95 6 16 32 46 51 66 75 88
6 22 30 44 59 69 82 92 8 21 24 40 57 60 79 89
4 22 24 44 48 68 76 91 9 20 32 46 57 67 83 84
3 15 32 45 58 71 72 89 3 20 30 47 51 60 81 84
4 22 33 36 48 60 83 84 7 22 28 40 59 69 76 91
4 15 31 42 53 70 77 94 10 16 24 46 48 69 77 84
10 18 30 47 48 64 72 89 4 23 32 40 54 71 78 90
4 21 27 36 57 68 79 87 9 16 35 41 51 65 75 94
5 22 30 39 59 60 78 92 5 20 34 41 58 70 75 93
6 18 24 41 48 71 75 90 7 21 33 40 48 63 72 94
4 21 32 36 57 65 81 90 3 20 31 39 56 63 77 95
5 16 31 46 52 69 77 89 4 21 31 36 54 60 78 91
10 18 33 43 56 60 81 87 5 21 30 46 51 69 75 87
7 18 33 47 48 70 83 90 4 16 29 39 59 71 72 90
