0 1 2 3 4 5 6 7 0 1 2 3 4 5 6 7
0 1 2 3 4 5 6 7 0 1 2 3 4 5 6 7
0 1 2 3 4 5 6 7 0 1 2 3 4 5 6 7
0 1 2 3 4 5 6 7 0 1 2 3 4 5 6 7
0 1 2 3 4 5 6 7 0 1 2 3 4 5 6 7
0 1 2 3 4 5 6 7 0 1 2 3 4 5 6 7
0 1 2 3 4 5 6 7 0 1 2 3 4 5 6 7
0 1 2 3 4 5 6 7 0 1 2 3 4 5 6 7
0 1 2 3 4 5 6 7 0 1 2 3 4 5 6 7
0 1 2 3 4 5 6 7 0 1 2 3 4 5 6 7
0 1 2 3 4 5 6 7 0 1 2 3 4 5 6 7
0 1 2 3 4 5 6 7 0 1 2 3 4 5 6 7
0 1 2 3 4 5 6 7 0 1 2 3 4 5 6 7
0 1 2 3 4 5 6 7 0 1 2 3 4 5 6 7
0 1 2 3 4 5 6 7 0 1 2 3 4 5 6 7
0 1 2 3 4 5 6 7 0 1 2 3 4 5 6 7
5 19 33 43 48 69 75 88 6 18 32 39 54 65 79 92
5 16 34 45 58 64 82 92 7 20 33 42 56 71 80 88
9 20 24 39 53 64 77 94 3 17 30 39 52 60 77 84
3 16 27 36 57 71 78 94 4 15 27 41 56 65 75 90
11 18 34 36 55 60 81 95 11 16 28 43 52 60 72 92
6 20 32 36 48 68 75 88 9 22 35 47 53 65 72 94
11 19 35 40 51 60 79 93 7 17 31 39 58 69 82 89
10 16 34 46 58 63 72 93 9 22 33 44 51 65 80 92
11 15 31 44 55 67 75 88 9 20 30 46 57 69 76 87
6 17 30 47 56 70 79 89 9 17 35 42 52 68 82 91
6 19 31 41 51 63 83 90 4 17 30 43 57 69 79 87
9 16 33 42 59 70 81 88 7 19 29 43 56 70 80 90
4 21 32 47 59 60 78 84 7 15 29 47 48 65 81 94
9 20 29 41 52 64 75 92 3 20 31 41 59 65 80 88
11 23 32 47 48 60 76 92 11 23 28 47 55 63 78 89
11 23 31 44 58 68 78 90 10 22 31 43 58 67 83 92
