0 1 2 3 4 5 6 7 0 1 2 3 4 5 6 7
0 1 2 3 4 5 6 7 0 1 2 3 4 5 6 7
0 1 2 3 4 5 6 7 0 1 2 3 4 5 6 7
0 1 2 3 4 5 6 7 0 1 2 3 4 5 6 7
0 1 2 3 4 5 6 7 0 1 2 3 4 5 6 7
0 1 2 3 4 5 6 7 0 1 2 3 4 5 6 7
0 1 2 3 4 5 6 7 0 1 2 3 4 5 6 7
0 1 2 3 4 5 6 7 0 1 2 3 4 5 6 7
0 1 2 3 4 5 6 7 0 1 2 3 4 5 6 7
0 1 2 3 4 5 6 7 0 1 2 3 4 5 6 7
0 1 2 3 4 5 6 7 0 1 2 3 4 5 6 7
0 1 2 3 4 5 6 7 0 1 2 3 4 5 6 7
0 1 2 3 4 5 6 7 0 1 2 3 4 5 6 7
0 1 2 3 4 5 6 7 0 1 2 3 4 5 6 7
0 1 2 3 4 5 6 7 0 1 2 3 4 5 6 7
0 1 2 3 4 5 6 7 0 1 2 3 4 5 6 7
10 23 33 41 56 64 79 94 7 23 27 44 53 71 78 84
3 17 33 42 51 65 77 95 8 18 27 46 55 67 75 94
9 23 31 40 56 68 78 84 5 16 34 43 52 65 83 88
11 18 33 42 57 65 83 95 3 15 29 40 52 67 83 84
8 21 28 40 52 60 81 91 3 19 31 46 57 66 77 84
11 20 29 40 58 69 80 84 4 17 33 42 51 69 72 92
7 21 33 41 52 69 78 95 8 17 34 46 59 69 72 84
5 20 28 46 52 67 76 94 6 22 31 36 55 65 80 93
3 16 30 41 53 67 77 94 11 17 35 39 48 66 79 87
11 18 30 46 57 65 79 88 6 21 29 43 58 70 78 92
9 23 35 41 55 65 79 84 3 16 33 42 52 66 72 93
8 19 35 42 51 64 75 90 4 16 29 36 57 63 82 88
9 16 28 43 52 63 75 88 10 19 30 45 51 70 80 91
6 22 27 39 52 70 72 94 3 19 32 42 59 71 78 91
7 17 28 39 51 68 81 88 11 19 30 43 53 60 72 91
11 15 32 42 59 60 82 95 3 15 34 47 54 70 83 84
