5 7 5 7 5 0 6 6 2 1 4 7 4 0 6 6
1 2 1 1 7 4 0 1 4 5 3 4 3 6 2 7
7 3 0 2 7 2 4 5 2 1 0 3 4 6 4 3
5 6 4 3 6 7 5 1 7 4 4 1 4 5 0 2
5 3 4 2 2 7 7 1 3 4 5 0 2 0 4 4
1 5 6 1 5 1 3 6 7 7 7 2 5 6 4 1
6 7 7 7 2 5 1 4 5 3 0 5 5 2 1 1
0 0 6 5 7 1 7 4 4 1 4 6 7 7 1 1
4 4 0 4 4 7 4 0 2 5 7 1 1 5 2 6
5 0 5 2 6 5 3 7 4 1 7 1 3 4 3 4
1 3 7 5 7 1 6 1 2 2 3 4 0 1 5 5
0 4 4 1 2 0 5 5 4 2 7 2 7 3 1 7
3 3 7 3 6 7 5 2 2 0 3 0 2 3 7 2
2 2 4 1 4 2 3 1 1 7 2 7 7 2 4 1
7 3 1 2 3 1 2 7 4 6 3 6 6 6 4 0
7 0 3 0 3 5 7 5 1 4 7 7 4 4 2 7
66 88 67 95 60 5 76 72 33 18 57 90 54 3 78 72
21 30 18 19 87 53 11 21 54 69 47 53 39 76 30 89
88 42 9 35 92 30 53 71 31 17 3 39 54 76 54 39
67 83 56 47 77 90 70 23 84 55 59 23 57 66 3 35
69 43 56 32 34 93 94 23 42 53 63 10 28 9 58 51
18 69 72 17 70 15 46 77 92 89 89 24 67 81 55 18
78 95 84 87 29 63 20 53 68 45 7 67 66 27 18 16
4 10 83 66 89 18 90 55 59 19 52 76 87 92 16 19
54 56 3 52 53 95 57 4 33 65 94 23 17 65 34 72
70 8 69 24 75 67 40 91 48 18 84 19 45 53 42 53
22 41 93 63 89 16 82 19 27 30 42 55 7 19 67 65
7 53 55 18 35 11 66 69 55 32 93 27 91 40 19 90
44 42 88 42 79 95 71 27 27 4 45 10 33 47 94 32
31 33 51 22 59 30 44 22 18 95 35 90 91 27 48 22
84 45 15 24 39 22 27 89 48 78 42 79 82 79 56 9
90 6 40 8 43 60 94 71 23 56 91 90 54 59 34 84
