6 4 0 3 7 4 1 2 5 5 3 3 6 3 1 0
3 1 7 6 2 4 1 1 1 4 7 3 5 4 3 3
2 3 0 4 3 7 6 5 5 5 1 6 5 2 6 5
4 6 4 3 6 2 2 2 6 4 7 1 0 7 7 5
7 2 2 0 6 2 3 3 1 1 6 7 2 5 3 7
3 3 2 5 1 5 2 2 4 3 3 2 5 5 5 6
1 1 7 2 3 2 1 1 7 0 4 1 2 7 0 1
0 0 2 2 5 0 7 4 0 0 4 7 4 0 1 7
6 5 1 7 1 1 3 1 6 0 7 3 2 5 0 1
0 1 1 1 1 1 7 5 5 3 4 2 1 1 3 3
0 3 4 2 6 0 1 6 0 3 2 2 3 2 3 1
0 1 6 3 2 6 6 6 1 4 1 3 2 6 6 6
0 3 0 2 6 6 1 7 5 0 7 4 6 4 6 6
2 7 1 1 4 7 1 4 5 4 1 2 5 0 7 3
1 7 7 0 3 5 7 2 4 6 0 5 4 5 1 3
0 1 5 6 0 1 4 6 5 6 5 2 1 4 0 0
81 58 4 43 91 54 19 27 65 60 39 43 77 36 19 3
45 16 90 81 27 52 17 23 17 58 93 44 67 55 43 43
28 43 3 59 47 89 78 67 68 65 22 77 64 28 76 63
54 80 58 45 80 30 27 34 82 48 93 15 10 95 87 66
84 30 32 11 79 27 40 47 22 17 83 95 31 70 41 91
47 47 24 71 20 69 29 28 48 46 43 28 63 68 71 83
19 18 87 28 40 27 20 19 87 4 56 21 30 89 7 16
5 8 31 30 63 9 87 57 3 3 51 95 48 4 23 90
83 64 17 93 16 21 45 16 83 11 92 42 30 66 4 23
6 16 22 15 17 19 90 68 60 43 52 34 21 22 40 45
9 44 59 33 78 9 21 75 10 43 28 27 44 30 43 20
8 19 80 44 35 77 75 76 21 57 20 47 31 77 80 79
8 42 8 31 78 72 22 91 68 6 87 57 77 48 78 79
24 93 15 20 52 84 20 55 69 51 22 32 68 11 94 46
22 87 87 6 46 70 91 35 52 72 6 66 55 69 23 39
4 16 71 76 9 18 52 80 69 76 71 27 22 54 4 6
