6 5 1 6 7 2 0 3 3 0 5 1 6 0 6 1
5 5 2 1 0 2 6 2 5 7 4 7 3 6 7 1
1 0 6 4 5 7 6 7 0 3 6 5 0 1 4 3
3 6 1 6 4 5 4 2 4 2 6 5 2 6 3 1
4 2 1 4 4 4 1 5 5 7 4 3 1 4 7 1
6 2 5 1 5 2 6 4 1 2 0 7 7 7 2 1
4 4 3 3 2 5 0 0 7 3 7 4 0 0 1 0
6 3 0 6 2 5 7 6 0 5 6 2 5 4 3 0
3 0 1 6 0 7 7 4 3 1 0 3 1 2 1 1
0 2 0 1 6 0 5 3 5 5 1 1 1 4 3 0
6 1 7 4 6 3 1 3 3 4 1 0 7 6 5 0
0 4 2 6 4 5 1 1 4 1 7 5 2 7 7 3
5 4 7 4 4 4 4 0 3 2 6 0 3 6 6 6
3 5 1 6 4 2 5 3 3 5 7 3 2 1 6 3
0 5 0 4 3 1 6 2 7 1 3 5 5 4 0 2
3 1 3 5 0 1 4 6 6 4 3 0 4 0 6 2
80 67 19 72 87 27 8 41 46 11 71 17 80 4 77 21
67 69 33 15 6 30 80 33 60 87 56 87 45 77 95 20
15 7 75 54 66 84 81 87 6 43 82 67 4 21 54 45
46 76 23 75 52 60 48 24 58 30 77 68 24 79 43 22
58 35 23 51 52 48 21 64 63 93 55 44 18 52 90 23
83 35 69 19 63 35 80 52 18 33 7 93 89 84 33 20
48 59 45 47 29 60 6 7 90 41 93 52 11 11 22 4
72 44 5 82 32 63 89 72 4 65 81 30 71 51 47 10
44 9 17 83 11 84 92 52 44 22 8 46 15 33 15 17
10 31 3 16 80 3 68 44 64 67 16 16 20 55 43 7
77 21 94 58 77 36 16 47 39 55 18 11 95 72 65 8
5 51 24 79 56 63 22 20 58 23 90 70 32 94 92 44
70 59 95 48 54 56 59 3 40 30 76 5 45 77 81 77
47 64 18 76 55 34 64 47 44 69 92 47 34 17 75 41
8 69 10 51 41 21 82 34 84 17 36 67 64 48 11 30
43 16 46 66 9 17 58 75 76 52 46 11 52 8 81 34
