5 2 1 4 2 4 6 6 4 4 0 0 6 6 0 5
7 1 1 7 4 5 0 2 7 0 2 7 7 3 1 3
6 0 7 6 4 7 0 3 4 7 2 3 2 7 1 2
3 6 2 3 3 6 4 3 3 5 1 0 4 5 3 6
4 7 7 2 1 3 2 4 5 7 0 1 7 1 0 7
2 3 0 0 0 4 7 7 6 6 5 7 5 6 1 1
5 5 0 5 5 7 3 7 0 2 1 5 4 3 2 4
0 6 6 6 6 4 7 3 1 7 4 3 0 3 6 3
0 2 2 2 0 7 2 5 2 7 5 1 6 1 4 5
3 7 5 7 3 0 3 3 1 4 6 0 1 1 1 4
3 5 3 2 7 6 1 0 6 2 7 6 1 5 5 5
6 5 4 4 6 1 5 5 1 4 7 1 6 6 2 0
0 6 3 2 2 1 0 7 5 6 0 7 1 5 1 6
2 5 2 1 2 0 0 6 3 6 7 2 6 6 2 2
1 3 0 2 3 2 2 1 7 4 0 5 5 6 2 0
6 6 3 5 4 7 0 3 3 6 3 0 4 4 0 6
63 34 23 59 27 56 80 72 54 56 7 4 78 79 9 67
88 16 15 93 56 66 10 28 92 8 34 88 90 46 17 41
81 10 92 78 56 95 10 36 56 87 33 46 34 87 18 24
42 83 24 45 47 79 52 36 36 69 21 6 56 64 43 82
56 89 94 30 19 43 33 58 64 87 7 18 87 17 3 94
35 40 11 8 6 52 94 88 81 76 64 88 68 82 20 19
65 70 4 69 63 88 44 91 7 29 20 63 57 46 29 55
9 82 83 77 79 55 95 39 22 84 48 44 7 40 75 40
5 33 29 27 11 88 24 64 30 92 69 15 79 23 48 67
40 88 60 92 46 3 41 45 20 51 77 9 15 15 19 55
45 71 41 29 92 83 17 6 77 35 95 72 20 70 65 70
83 70 54 48 83 16 66 70 16 56 93 23 78 82 35 6
4 79 40 32 28 20 4 94 66 79 9 94 17 63 19 82
34 70 32 19 35 6 9 82 47 75 93 30 77 75 30 33
19 46 3 31 45 35 27 18 92 56 7 63 71 75 30 5
79 72 47 71 57 92 11 41 40 81 39 4 56 55 11 77
