5 1 5 7 7 4 2 4 6 2 1 4 7 3 0 2
5 3 2 0 0 4 6 7 4 1 2 1 6 4 2 4
2 0 0 0 2 6 0 6 6 0 2 3 6 4 5 0
1 3 6 1 4 4 2 7 0 7 2 3 1 3 0 6
4 1 3 7 1 7 1 6 7 5 2 5 4 7 5 2
7 3 4 2 4 1 2 6 3 5 7 6 2 7 2 1
5 5 2 1 0 7 6 2 5 5 2 6 5 5 5 0
4 5 6 1 4 1 2 4 0 2 2 7 4 4 2 4
7 2 5 2 6 4 3 6 2 4 1 1 3 0 0 0
0 3 7 1 7 0 4 3 0 0 2 3 1 0 0 4
4 7 5 2 2 6 0 4 6 2 2 3 5 4 5 4
4 2 0 5 0 3 3 1 5 5 3 3 1 2 2 1
5 1 3 5 6 0 4 0 5 0 2 3 2 4 6 7
2 7 3 5 6 6 1 4 1 1 5 6 1 4 0 5
4 4 1 3 4 5 0 0 1 3 2 0 6 0 1 2
2 1 2 5 0 5 0 0 4 3 1 5 4 0 7 0
63 17 67 94 88 54 30 53 83 31 15 56 94 36 11 35
65 46 33 5 10 58 82 84 55 18 31 19 76 59 29 54
34 11 7 9 35 80 5 82 83 3 33 46 82 59 60 5
15 45 78 17 48 54 34 89 11 89 33 44 19 40 5 78
56 18 47 93 15 87 16 82 84 69 34 71 48 94 66 30
95 36 51 27 58 22 28 77 47 65 91 76 35 92 29 21
66 65 27 19 6 90 79 30 70 64 32 79 60 68 70 7
55 68 82 17 59 18 29 52 8 34 32 89 59 48 34 51
94 24 65 30 77 55 39 75 24 54 15 22 36 8 6 11
8 42 90 15 89 10 59 45 5 6 24 45 19 11 6 51
57 89 64 27 34 79 10 48 76 27 33 44 70 51 70 53
54 32 11 70 6 39 36 18 67 66 41 45 16 24 32 20
60 22 42 71 80 3 55 7 63 9 27 39 28 58 75 92
35 93 44 67 75 76 17 52 20 17 66 72 17 57 3 69
52 51 19 46 51 66 8 10 16 39 24 3 77 3 18 28
31 19 33 71 10 69 7 3 55 40 21 66 53 7 89 10
