2 5 2 1 6 3 0 3 1 6 3 3 7 6 1 6
5 2 3 7 5 0 3 3 7 5 2 2 2 0 1 5
6 0 1 6 0 3 4 4 6 6 1 3 0 0 1 0
5 6 3 6 0 7 5 2 7 7 0 0 3 1 6 7
6 1 4 5 3 0 5 2 1 6 2 0 4 4 3 5
7 1 1 1 4 4 6 2 1 6 5 2 6 0 0 4
5 6 3 6 0 6 6 7 2 4 0 3 7 3 0 6
5 0 3 2 6 6 2 3 2 4 1 2 5 1 1 6
7 0 6 2 6 4 6 7 4 0 0 2 7 1 0 6
5 3 5 5 2 3 2 1 1 4 4 6 6 4 6 0
6 7 2 2 2 5 3 7 1 6 4 4 2 1 7 0
7 6 0 7 0 7 6 7 2 2 2 4 5 7 0 2
5 7 4 7 5 6 7 7 5 6 1 0 6 6 3 2
2 7 5 0 5 7 4 1 6 6 7 0 1 0 6 7
2 0 3 7 5 1 3 0 1 0 3 5 1 0 0 0
6 6 1 2 2 6 2 4 6 2 5 1 0 4 1 2
29 65 32 15 75 42 10 43 16 75 39 41 84 80 15 79
63 31 46 95 66 4 40 47 89 60 24 32 24 7 22 69
80 11 15 75 10 47 56 57 83 83 21 41 4 9 15 11
64 83 39 82 11 84 70 33 89 93 4 8 40 21 77 92
75 22 53 60 42 4 66 31 20 80 30 5 56 53 44 63
90 17 21 16 59 51 75 28 21 83 70 28 76 8 5 56
70 75 41 80 8 79 79 87 27 56 10 47 87 36 5 78
65 6 44 31 81 77 31 40 34 54 20 27 65 15 21 75
94 6 76 35 80 51 83 90 57 7 8 29 92 16 3 79
65 41 67 71 30 40 24 16 23 55 53 80 76 51 79 4
72 92 29 24 29 71 47 88 18 72 54 58 29 22 95 6
92 79 9 91 5 87 78 87 31 32 32 48 64 89 6 32
70 95 57 93 65 76 88 94 64 80 15 10 80 76 42 33
24 93 66 7 67 91 57 20 78 82 93 5 19 10 77 89
24 4 40 88 64 23 47 3 21 8 47 66 23 3 8 8
77 76 20 34 29 76 30 48 79 31 60 16 6 48 16 35
