6 6 4 6 6 1 2 4 1 6 6 7 7 6 7 1
1 5 7 5 3 0 3 4 4 6 4 2 1 2 3 1
1 1 1 4 6 7 5 7 4 1 4 4 2 2 0 5
7 5 0 7 4 2 3 0 3 7 1 5 4 1 2 7
0 3 5 7 2 4 5 2 6 4 2 1 0 3 0 3
2 3 5 0 6 3 3 6 4 4 3 3 1 2 3 2
5 2 7 4 5 6 7 3 0 7 0 4 1 2 5 0
5 5 5 1 2 5 3 6 0 7 5 4 1 1 0 4
1 4 0 4 7 1 2 1 7 7 4 3 7 0 3 4
0 1 4 6 1 3 1 5 5 0 1 4 5 1 3 1
3 5 3 7 2 0 5 5 7 4 2 6 2 3 3 5
1 2 7 0 1 4 5 5 6 2 0 3 3 7 0 5
5 4 4 6 4 3 0 4 6 4 4 2 3 7 4 3
7 6 7 3 4 5 6 3 2 4 1 3 1 6 6 7
5 3 5 7 1 2 5 2 0 7 2 2 4 6 2 1
1 3 0 1 3 6 7 0 1 1 1 1 0 0 6 4
72 80 51 82 80 22 30 59 23 72 79 92 93 81 90 18
16 71 95 67 44 11 42 58 57 81 56 29 19 28 46 19
22 20 20 58 77 87 69 91 55 21 48 58 24 28 5 70
89 70 10 89 55 30 44 8 36 92 21 60 57 16 35 94
9 43 67 93 24 51 60 24 72 48 24 16 3 40 10 41
33 46 70 5 76 46 47 82 51 57 46 43 15 28 41 31
66 35 87 59 68 79 93 46 11 93 4 53 21 31 63 3
66 60 66 17 33 65 43 81 9 93 60 54 20 15 5 59
23 54 4 56 91 16 28 22 84 91 53 36 94 9 40 56
11 20 55 79 19 42 17 64 60 3 18 54 67 16 39 17
40 70 41 92 28 8 64 67 92 55 27 72 30 46 44 65
21 33 89 4 20 51 60 69 83 28 11 40 40 93 10 69
69 52 54 82 52 46 6 48 78 57 55 27 44 89 48 42
90 81 93 45 54 70 72 41 31 53 19 39 17 82 76 91
65 43 64 87 18 32 71 29 7 94 33 34 52 79 32 20
17 47 6 20 45 75 89 3 15 15 19 23 6 10 82 56
