0 1 0 7 6 3 6 6 6 0 6 7 5 1 3 1
7 5 1 4 3 0 3 5 2 7 2 4 7 6 6 2
3 3 4 1 7 1 5 0 7 7 5 3 0 2 4 0
7 2 6 0 2 4 7 3 1 1 6 7 7 5 3 4
5 7 7 4 5 5 1 6 4 4 6 1 6 1 3 5
5 4 2 4 6 3 1 5 0 6 0 3 5 7 1 4
5 5 1 7 3 4 1 6 5 4 0 0 0 0 5 1
5 6 1 3 2 4 0 4 2 2 6 5 1 3 2 2
5 6 7 0 2 5 0 2 5 3 1 7 3 5 1 4
2 0 1 1 2 6 2 3 3 2 3 3 0 6 0 1
2 4 7 1 1 3 6 3 4 1 0 2 4 1 1 1
5 0 2 4 0 6 6 6 7 4 4 5 0 4 7 0
5 6 5 2 4 0 4 5 5 2 0 7 7 6 7 1
2 6 3 1 1 1 4 5 0 0 6 3 6 4 6 1
0 7 2 2 2 3 7 4 2 0 3 3 2 5 6 4
2 3 6 2 3 2 3 3 0 3 4 4 1 7 4 2
10 16 9 88 77 42 81 72 77 9 76 93 68 16 47 21
87 69 22 54 46 11 42 71 31 91 29 57 84 72 77 34
40 36 58 22 92 18 65 4 89 92 70 41 4 31 51 8
90 24 79 10 35 54 90 44 15 16 81 87 89 69 46 53
67 94 91 56 63 60 22 82 55 54 81 15 79 15 47 69
60 52 27 56 76 41 19 65 7 79 3 36 65 87 19 59
64 68 23 89 45 51 20 72 60 48 7 4 6 9 71 18
64 77 17 40 34 48 3 48 24 24 79 70 23 44 28 29
71 76 84 8 27 60 8 24 60 40 19 89 47 65 15 59
31 5 20 19 34 76 31 43 36 35 47 41 6 77 9 22
29 57 87 16 18 39 79 36 54 15 6 32 58 15 18 20
70 9 27 54 3 75 75 80 84 48 53 69 8 52 94 6
71 75 65 28 56 7 53 68 71 27 11 92 95 75 95 21
27 77 44 21 23 21 57 68 6 9 82 40 79 48 75 20
11 92 35 28 32 40 95 51 35 7 40 44 29 65 78 59
30 36 82 33 47 29 42 42 6 44 54 57 17 93 54 34
