3 0 1 5 7 6 0 5 6 6 5 5 0 5 1 7
3 0 4 7 1 7 7 4 0 1 3 1 0 3 4 4
5 3 7 2 4 7 3 3 5 1 4 4 4 6 3 7
7 0 5 6 6 6 4 4 1 1 0 2 3 0 0 7
4 3 1 7 6 0 6 5 5 6 7 2 4 1 1 6
5 1 1 3 7 5 5 6 0 2 7 0 1 7 4 0
4 6 1 4 4 1 1 5 0 5 1 3 6 7 3 5
2 4 4 7 3 1 1 0 7 7 7 5 2 0 6 6
2 5 2 4 4 6 3 4 3 3 0 2 6 2 0 7
7 2 1 6 0 5 6 4 0 0 2 3 0 0 1 1
2 6 2 6 5 1 3 6 4 3 1 3 6 0 0 5
2 1 5 6 3 0 1 7 5 5 3 4 7 0 7 5
3 1 1 1 3 2 4 7 2 5 6 6 7 3 3 0
4 6 7 3 2 7 4 7 0 4 0 1 5 7 0 5
4 0 0 5 1 0 6 7 3 7 4 4 2 3 0 6
1 2 5 6 0 0 1 2 6 5 7 6 3 5 3 3
42 4 22 67 92 77 9 64 72 78 69 71 4 64 16 94
47 3 54 87 20 84 90 51 5 15 47 23 7 46 51 54
63 43 88 31 54 88 45 46 66 23 52 51 51 78 45 90
91 3 64 72 75 80 53 54 22 15 7 31 36 9 5 94
51 43 16 84 75 7 76 67 65 83 84 32 48 16 20 80
68 23 22 44 94 64 67 83 3 34 87 11 17 92 53 9
51 80 17 58 53 16 20 60 6 71 17 44 79 87 40 66
27 54 58 88 45 15 22 5 90 89 93 67 27 5 82 72
27 64 29 51 53 77 43 58 41 36 8 35 82 35 9 90
88 33 19 77 5 67 82 53 11 5 34 36 5 10 15 18
31 72 24 75 65 15 45 79 52 39 22 47 80 9 9 64
29 19 63 79 39 5 23 92 69 70 46 59 95 11 84 65
43 23 22 19 44 30 59 94 27 69 75 83 95 40 43 9
57 81 89 43 31 93 57 91 10 48 5 21 69 92 4 71
48 6 11 71 15 6 76 88 39 88 48 54 29 39 4 80
17 28 66 72 5 3 21 30 75 70 95 81 47 68 44 47
