3 2 5 1 1 0 4 3 4 0 5 7 7 2 2 4
0 6 6 4 3 4 1 6 7 7 7 2 6 6 2 7
5 6 6 2 2 2 5 2 0 6 6 2 0 1 0 6
4 0 3 0 7 5 1 0 7 5 7 7 7 2 0 6
1 1 7 7 3 5 0 0 0 1 4 3 0 7 2 2
4 6 1 5 4 0 1 4 2 1 1 1 0 6 1 4
3 1 1 1 2 6 2 6 5 2 6 3 4 0 5 0
3 4 1 2 7 0 6 4 0 3 3 0 0 7 0 3
2 3 6 1 0 0 6 0 4 7 6 5 2 7 6 7
1 7 1 7 1 1 3 1 6 0 6 4 3 0 3 0
6 4 5 1 2 1 0 4 0 0 1 3 0 1 3 6
6 0 4 7 3 1 3 1 0 5 0 7 6 1 6 2
1 6 1 1 0 5 6 2 7 3 2 0 2 2 5 6
1 2 1 6 3 1 4 2 7 3 0 7 2 0 3 1
7 4 1 0 0 1 3 7 3 3 7 1 1 6 1 3
2 5 1 4 1 6 3 5 2 0 2 0 3 2 7 3
43 28 63 16 18 4 59 44 55 7 69 92 95 24 33 54
3 82 76 52 47 55 19 76 94 94 95 33 80 75 29 90
64 83 77 29 35 35 65 28 7 79 72 34 10 19 10 72
55 3 42 6 89 67 19 9 88 69 89 95 89 34 10 72
17 21 87 95 45 66 9 6 7 21 58 39 6 84 33 28
57 81 22 63 58 4 19 48 29 23 21 18 9 77 18 58
42 18 19 23 30 75 30 76 63 28 80 36 57 9 60 5
43 51 22 31 93 11 81 53 5 44 42 4 9 91 5 39
35 40 72 17 6 4 77 5 57 91 76 60 29 88 75 94
22 89 15 91 18 21 44 22 76 3 75 54 45 3 46 4
82 55 70 20 34 16 3 53 10 3 17 45 9 18 36 82
82 6 57 88 36 18 46 17 9 65 6 91 72 21 75 24
16 79 18 21 9 64 80 33 94 47 30 7 31 30 65 81
18 28 20 78 40 17 52 24 92 44 6 93 35 7 47 21
90 51 16 3 6 17 47 87 43 36 93 19 15 78 19 40
34 64 17 59 18 82 44 63 31 3 34 5 39 33 93 39
