6 3 0 7 2 4 2 3 2 2 0 7 5 1 4 6
6 1 3 5 4 1 2 3 6 0 2 1 2 2 0 1
0 7 0 3 6 0 6 4 7 6 0 2 5 2 0 1
3 4 6 4 7 3 6 2 6 4 2 1 7 2 5 1
1 7 0 2 5 6 2 4 5 7 4 4 6 1 5 6
0 2 3 4 4 5 0 2 3 4 7 6 4 4 5 3
2 0 7 2 6 2 1 0 6 4 7 7 3 6 1 4
4 7 3 2 2 7 6 0 1 2 0 5 1 2 4 0
5 5 0 0 1 2 5 0 7 2 7 0 3 4 0 5
1 3 0 5 2 0 0 7 0 5 2 1 2 5 1 2
7 5 5 4 3 6 1 2 7 5 2 6 4 2 7 4
5 7 4 0 0 3 1 1 3 0 3 1 4 6 3 1
1 1 1 0 1 2 6 4 5 1 0 6 5 7 7 1
2 1 5 0 0 5 4 5 7 6 3 6 1 3 0 3
7 5 1 7 3 6 6 4 7 4 1 0 2 1 1 1
1 1 1 0 1 0 7 1 5 3 5 2 3 0 5 4
78 47 6 94 30 53 32 44 30 30 7 91 69 20 59 83
72 16 45 63 55 17 29 43 76 5 33 20 33 30 6 23
4 89 5 47 79 7 72 53 90 79 4 24 70 27 11 19
47 53 78 53 92 36 82 27 75 58 27 18 88 34 60 23
15 88 8 29 65 75 34 54 67 94 53 52 79 20 66 80
4 34 40 54 59 70 6 34 44 56 93 78 56 56 70 43
33 7 84 33 78 27 18 5 76 58 91 87 36 81 17 48
57 88 43 34 33 90 79 11 15 24 6 63 18 30 53 10
69 66 4 5 16 24 60 3 87 29 94 4 36 57 8 69
15 46 11 71 28 5 3 88 9 67 27 16 33 63 16 24
94 70 65 51 46 80 19 33 94 65 32 75 48 34 94 51
69 95 51 8 6 40 22 19 46 5 40 19 55 80 39 20
15 23 19 3 17 33 72 48 70 19 11 81 65 91 92 16
31 16 71 8 9 60 48 65 90 75 39 80 19 43 5 45
94 70 18 94 41 75 75 55 90 55 19 4 30 19 17 23
21 15 15 9 15 8 95 15 65 43 63 30 40 10 63 54
