5 7 5 7 5 0 6 6 2 1 4 7 4 0 6 6
1 2 1 1 7 4 0 1 4 5 3 4 3 6 2 7
7 3 0 2 7 2 4 5 2 1 0 3 4 6 4 3
5 6 4 3 6 7 5 1 7 4 4 1 4 5 0 2
5 3 4 2 2 7 7 1 3 4 5 0 2 0 4 4
1 5 6 1 5 1 3 6 7 7 7 2 5 6 4 1
6 7 7 7 2 5 1 4 5 3 0 5 5 2 1 1
0 0 6 5 7 1 7 4 4 1 4 6 7 7 1 1
4 4 0 4 4 7 4 0 2 5 7 1 1 5 2 6
5 0 5 2 6 5 3 7 4 1 7 1 3 4 3 4
1 3 7 5 7 1 6 1 2 2 3 4 0 1 5 5
0 4 4 1 2 0 5 5 4 2 7 2 7 3 1 7
3 3 7 3 6 7 5 2 2 0 3 0 2 3 7 2
2 2 4 1 4 2 3 1 1 7 2 7 7 2 4 1
7 3 1 2 3 1 2 7 4 6 3 6 6 6 4 0
7 0 3 0 3 5 7 5 1 4 7 7 4 4 2 7
69 93 63 84 60 4 77 79 24 18 48 87 58 3 83 82
15 35 15 21 92 52 3 18 48 64 42 56 36 82 30 91
92 36 4 28 90 33 51 63 28 20 6 41 52 83 57 46
71 81 58 46 82 91 71 19 90 48 54 21 57 67 5 29
60 47 48 35 35 91 92 15 41 58 60 3 24 4 52 58
15 70 83 18 68 22 45 80 93 95 89 35 68 80 54 20
80 93 95 94 29 60 21 51 63 44 4 66 70 27 21 21
7 4 79 63 84 18 91 55 54 18 53 76 95 94 21 22
58 55 4 51 54 89 51 10 30 69 95 15 21 65 34 81
66 7 67 34 83 65 46 90 52 20 90 21 36 52 45 55
17 43 90 65 87 22 82 21 24 34 46 56 4 23 65 70
3 59 56 18 31 8 64 68 54 28 90 24 91 45 21 93
41 47 93 41 78 84 66 29 34 5 45 4 27 44 87 32
29 28 57 19 58 33 39 16 23 90 24 95 84 34 58 16
84 43 16 32 44 19 34 94 55 77 40 75 80 81 48 4
84 4 47 7 46 68 90 69 23 59 94 89 53 58 35 90
