2 6 1 0 0 1 3 1 7 3 0 1 4 2 5 7
4 1 5 7 6 7 7 4 2 2 6 5 2 1 1 1
1 0 0 4 0 5 0 3 0 4 3 5 1 1 4 6
4 6 4 6 4 1 3 4 2 4 0 2 4 0 3 1
2 1 4 5 2 0 4 2 6 6 1 7 0 4 2 2
0 3 7 3 0 2 1 6 6 5 7 4 3 2 1 5
6 6 2 3 6 5 1 5 2 3 2 4 7 6 7 5
4 6 2 2 5 0 7 1 7 7 0 4 0 2 7 2
2 7 1 6 2 1 6 7 2 4 0 0 1 2 4 0
6 5 6 4 4 5 6 7 2 7 7 1 5 2 4 2
7 7 1 2 1 0 6 1 7 1 0 7 6 5 2 0
5 1 2 0 5 5 4 7 3 2 6 1 7 3 5 0
2 4 1 2 4 0 3 1 6 4 0 7 0 2 6 1
3 0 2 5 5 5 3 1 4 7 0 3 3 5 4 1
0 7 6 0 0 2 6 6 0 3 6 6 3 1 7 0
4 4 2 3 1 0 4 1 6 0 0 5 6 0 2 7
31 72 18 6 8 20 46 19 94 39 5 18 59 29 60 88
52 22 64 91 81 91 84 58 27 35 77 60 32 22 18 19
15 7 5 58 4 63 7 36 10 57 45 68 17 20 54 76
58 82 57 81 52 20 39 54 31 59 3 27 52 6 43 18
34 17 59 71 34 10 53 29 81 78 17 89 5 59 29 31
9 41 95 43 5 27 23 76 81 66 94 48 43 30 21 65
76 77 29 36 77 68 16 65 24 45 34 55 95 75 84 71
55 80 34 29 69 5 92 16 89 87 3 51 3 24 92 27
30 87 20 82 24 23 80 87 24 52 6 6 21 30 54 4
76 70 75 58 58 71 79 87 29 94 84 20 67 30 59 27
91 91 20 27 17 4 79 17 84 19 8 92 72 65 29 10
64 18 30 11 60 67 48 89 36 28 75 21 93 39 65 4
24 52 22 33 56 8 47 23 76 56 9 92 4 28 78 21
43 6 28 66 69 71 40 18 57 94 8 45 44 66 53 18
5 95 72 9 3 29 81 83 6 36 81 83 45 19 94 10
56 59 34 47 22 4 58 20 75 3 3 60 76 11 30 89
