1 6 2 1 5 0 7 3 7 7 5 0 1 3 3 5
4 1 7 6 7 0 3 4 6 3 2 3 4 2 3 5
0 1 7 0 1 2 4 1 0 5 4 3 4 4 2 5
4 1 4 3 4 6 1 1 5 2 4 6 6 7 0 0
0 0 5 6 3 7 6 7 4 4 3 6 0 4 4 0
2 7 7 7 4 6 3 3 7 6 0 1 2 4 6 0
0 2 6 2 7 4 6 7 4 4 1 4 2 2 2 5
2 7 7 4 4 4 4 4 1 4 4 2 3 1 5 1
5 1 1 1 7 0 5 2 2 7 0 6 7 1 4 6
4 0 6 5 6 6 7 2 6 3 1 1 0 4 4 7
0 4 6 4 3 5 3 5 2 3 5 0 7 6 2 7
3 1 5 7 0 0 0 1 6 0 5 4 0 6 0 0
2 3 5 7 3 2 2 4 6 7 1 3 0 4 4 3
1 6 5 2 3 3 3 6 2 6 4 3 3 7 2 3
6 0 6 5 4 4 4 6 0 4 1 0 7 6 1 7
4 3 5 6 1 5 4 4 7 3 4 1 4 0 2 5
21 82 30 15 63 3 91 40 92 91 65 3 20 44 42 63
58 22 90 82 94 11 47 53 79 41 30 43 48 34 39 66
10 21 92 10 20 34 48 23 7 71 56 40 53 58 34 66
53 18 54 43 58 76 19 16 67 35 53 78 77 92 9 4
11 5 71 83 43 93 83 94 56 58 43 76 7 53 57 4
28 89 90 90 56 82 47 36 92 76 7 20 28 57 72 11
6 35 82 24 90 55 76 93 56 52 22 54 27 24 30 63
32 88 87 48 51 57 53 53 15 52 57 24 42 19 60 19
69 23 20 16 93 5 60 24 34 91 8 78 87 20 56 76
51 10 82 64 77 77 84 27 82 40 22 20 6 59 51 92
7 55 83 58 43 67 40 66 29 44 70 9 84 81 33 88
45 19 65 95 8 11 11 23 78 5 65 48 3 82 11 4
33 36 68 91 40 34 33 55 79 88 22 42 8 56 54 43
16 81 69 33 36 39 41 75 27 72 48 47 47 95 32 46
81 6 77 64 56 53 56 81 8 58 22 11 87 80 17 94
56 40 70 76 18 66 52 58 87 44 48 15 57 8 28 65
