6 0 2 7 5 6 6 2 5 2 2 3 7 2 0 3
7 6 4 5 2 6 1 6 2 2 4 6 1 0 6 4
6 5 0 2 2 6 5 2 2 4 4 0 5 6 2 6
7 0 0 0 6 5 4 0 2 7 7 3 6 4 1 2
6 4 6 6 2 3 3 1 3 2 5 7 6 5 3 7
4 3 1 5 3 0 3 4 1 7 3 5 1 0 7 0
1 4 5 6 6 6 7 7 7 0 5 4 4 3 2 3
1 4 2 5 3 5 7 1 4 1 0 0 6 1 0 2
3 4 2 7 3 0 7 0 3 7 0 6 0 5 5 5
7 2 7 7 0 2 7 4 3 7 7 4 7 0 6 6
3 1 6 7 4 6 1 0 7 3 7 2 0 4 1 3
0 0 0 5 3 4 6 4 4 2 7 1 5 1 6 4
3 3 7 7 3 0 7 0 0 6 4 6 4 7 0 2
1 6 3 2 7 1 0 4 6 6 4 0 1 5 7 4
7 7 6 5 4 6 7 4 4 0 2 2 5 2 3 4
0 0 5 7 5 4 6 3 7 5 3 5 0 7 1 6
82 9 35 93 63 81 72 28 60 27 27 44 84 28 9 45
92 83 53 69 33 79 16 81 30 28 59 77 21 4 82 48
76 70 7 35 28 82 69 32 35 59 55 11 65 72 31 83
92 7 8 4 80 64 54 10 28 88 89 45 79 54 16 31
79 55 72 80 33 36 44 18 39 29 64 89 79 63 45 88
55 42 19 68 44 6 44 57 15 91 47 65 15 11 90 11
20 53 63 81 77 81 84 93 87 6 67 51 48 43 27 39
21 53 33 71 47 66 87 18 48 22 5 5 76 17 5 27
39 57 27 90 41 4 87 7 42 94 9 79 10 68 70 66
91 32 95 93 3 29 84 52 47 92 89 53 93 11 72 78
47 22 77 94 52 76 21 9 92 39 95 29 10 58 15 47
4 3 10 68 42 48 81 52 57 32 93 18 66 16 81 57
46 43 87 92 41 10 91 11 11 76 59 75 53 93 9 33
19 83 40 29 90 20 8 52 80 80 55 7 21 67 87 57
89 94 75 71 58 83 94 59 51 9 30 28 65 30 39 57
3 10 68 90 66 54 80 43 94 63 43 71 9 92 18 75
