3 4 2 1 0 4 5 3 4 0 3 7 7 1 3 4
3 7 7 3 3 2 4 5 0 1 3 1 4 4 0 3
4 2 2 3 1 3 4 3 7 5 5 3 6 5 2 7
6 4 4 4 4 0 7 3 0 1 7 5 2 0 1 7
3 0 2 0 3 6 1 1 4 4 4 0 1 1 3 3
2 2 3 0 3 0 3 6 6 6 5 0 1 4 7 7
3 5 2 2 7 6 2 1 0 3 6 2 5 7 0 0
0 1 2 3 4 4 5 2 3 2 7 2 3 7 6 5
2 3 6 7 4 2 0 7 0 3 6 7 0 3 2 6
6 1 6 6 5 1 3 3 5 3 7 7 2 1 0 1
5 1 4 2 4 1 6 5 1 7 1 7 2 5 6 5
6 0 3 2 2 1 3 5 1 6 5 0 7 3 6 2
0 5 4 1 2 7 3 1 0 3 7 5 0 1 0 6
6 7 7 1 0 2 1 4 1 3 7 6 0 4 3 3
5 1 2 2 6 3 4 5 4 5 2 4 1 0 0 1
1 3 2 2 2 5 1 0 4 1 5 5 5 6 7 6
36 56 28 22 9 52 69 36 52 4 44 95 95 19 44 51
45 94 88 40 47 35 57 66 5 18 41 18 55 52 10 45
58 29 33 45 20 45 53 46 88 64 60 36 78 70 29 91
78 59 55 52 53 4 89 42 6 16 95 66 34 5 15 84
42 9 35 5 39 82 17 20 54 53 59 7 21 18 46 36
34 24 36 4 42 6 44 80 78 81 67 9 19 55 95 90
47 69 24 29 95 79 28 20 10 42 75 24 66 91 5 7
3 23 35 41 51 56 68 24 41 34 87 24 43 93 80 69
29 40 82 90 53 24 5 84 4 36 79 93 7 44 27 81
75 19 76 83 70 22 45 43 60 42 95 91 33 20 10 20
65 20 52 34 52 15 82 65 16 94 16 84 31 70 76 60
72 7 46 30 34 23 41 66 16 79 63 9 93 39 75 31
10 60 56 19 27 92 41 17 5 44 89 71 11 19 9 79
77 93 95 21 4 29 23 57 20 45 95 78 5 56 39 44
67 21 27 27 76 41 51 64 51 63 28 52 22 4 3 16
22 42 24 31 27 69 22 7 52 22 67 70 67 78 94 81
