0 3 0 5 7 5 7 6 7 1 7 1 3 3 1 6
6 2 3 5 3 1 5 0 5 3 7 2 1 2 3 5
5 7 0 6 6 4 4 4 7 2 3 1 0 1 5 7
7 1 2 7 7 6 0 5 5 0 5 7 1 4 3 3
5 4 1 2 6 7 2 5 2 2 7 5 1 0 2 7
1 5 3 7 3 2 4 6 0 2 5 7 6 6 3 7
2 5 5 3 4 7 3 3 1 1 5 6 1 0 6 3
5 4 6 2 2 6 7 5 2 6 3 6 5 2 7 4
2 7 7 1 4 4 5 0 1 1 5 6 1 7 2 3
7 6 2 7 2 6 1 3 4 0 6 1 0 3 1 6
1 0 4 5 0 3 7 1 6 1 0 4 2 6 4 2
7 3 7 4 1 2 2 5 1 2 0 6 0 6 0 5
3 1 4 2 5 4 2 6 2 4 0 5 1 4 6 0
7 4 0 2 7 6 6 5 1 2 4 0 3 5 5 4
4 7 7 1 1 7 6 0 7 2 0 6 0 1 5 3
6 4 0 3 3 5 0 6 1 2 5 6 6 5 7 6
11 43 4 66 88 71 84 78 94 20 95 19 41 40 17 79
76 30 40 65 45 20 60 8 66 41 90 34 17 29 41 65
67 95 3 80 82 56 56 52 92 24 41 23 9 17 65 91
93 22 30 94 90 79 5 71 64 5 71 92 23 59 46 47
70 57 22 29 77 87 35 69 24 34 94 68 16 10 28 93
15 63 45 89 40 27 55 75 11 29 68 94 83 76 43 92
31 65 67 46 48 94 42 44 20 16 60 82 17 6 75 40
63 51 72 35 27 79 88 65 30 72 44 75 64 29 89 58
28 90 90 23 52 55 71 8 22 20 63 81 22 93 33 40
87 75 35 95 35 83 20 43 57 4 72 15 11 36 18 75
22 5 59 64 3 42 94 17 77 20 7 54 27 79 53 31
84 46 89 51 15 30 30 69 18 31 8 75 3 77 9 70
46 21 57 33 63 48 27 82 29 48 8 69 19 57 78 10
90 52 4 31 91 80 75 67 16 34 57 3 45 67 64 51
52 88 84 18 16 84 83 4 87 35 6 78 7 17 66 47
81 56 8 43 46 68 4 82 15 30 64 79 78 65 90 76
