1 3 7 3 6 5 1 2 5 2 1 4 6 2 6 4
1 2 1 6 0 0 4 5 6 5 6 5 3 7 0 1
5 5 0 6 6 5 0 7 7 7 4 6 0 5 5 0
2 5 2 6 0 2 0 4 1 0 1 5 5 7 5 6
1 7 6 5 4 2 7 1 1 0 4 2 0 0 4 5
3 6 0 2 2 6 2 2 4 6 3 6 6 0 1 3
7 2 0 1 0 0 0 7 5 3 3 4 5 3 4 4
7 1 4 7 7 3 3 1 0 4 3 3 6 1 5 7
1 1 4 6 6 2 0 7 0 4 1 2 2 2 5 7
5 4 7 0 6 6 2 7 2 1 7 0 7 3 0 2
7 3 2 3 7 6 1 3 2 0 4 1 4 5 1 2
0 6 6 5 0 0 5 7 4 2 4 3 1 7 2 3
0 7 6 7 2 5 2 0 0 2 1 0 1 3 0 2
1 5 2 5 3 7 7 3 3 5 3 1 2 5 5 1
6 3 3 7 4 2 3 6 6 3 0 6 4 7 2 6
3 5 5 2 5 3 3 1 3 5 4 4 7 0 1 5
15 40 91 43 78 65 15 31 64 33 19 56 78 30 80 57
23 31 18 78 4 4 59 67 82 63 77 68 44 94 3 18
67 70 7 78 81 68 11 87 87 89 56 79 5 68 69 6
33 64 33 82 4 31 11 56 22 3 17 70 65 95 65 76
21 84 81 63 58 30 93 15 17 11 51 32 7 7 48 71
42 75 5 30 27 80 34 32 51 72 47 76 76 10 23 47
95 28 10 18 4 11 8 91 64 41 43 52 71 41 52 59
94 17 52 87 88 36 42 17 9 59 36 41 80 22 69 94
22 15 48 81 76 29 10 89 8 52 16 31 32 35 69 91
71 57 93 11 77 78 29 93 33 21 94 9 88 42 9 33
95 39 29 47 87 77 17 40 31 3 59 23 57 65 17 33
6 76 75 60 9 9 70 90 57 29 55 36 15 92 29 36
9 90 81 88 32 65 24 5 3 24 16 10 16 44 4 35
16 70 30 67 46 92 87 39 45 69 40 16 30 60 68 18
81 44 41 87 52 27 44 79 75 43 7 76 51 88 30 75
46 71 66 27 64 36 42 17 36 63 55 56 93 8 21 63
