3 2 6 4 2 2 6 5 2 7 6 0 5 1 0 2
4 3 4 3 5 6 1 4 7 3 2 3 2 5 4 5
2 2 0 6 3 3 7 0 4 4 3 0 7 5 5 5
2 3 0 6 5 6 1 4 6 7 0 2 7 7 6 3
6 1 5 5 5 7 6 1 2 3 0 3 5 5 4 3
7 7 5 1 7 0 0 3 5 0 3 7 6 6 1 1
6 3 7 2 3 2 4 0 4 4 3 1 0 3 6 1
6 5 0 5 1 1 7 3 0 0 0 3 2 5 4 7
2 2 2 7 7 0 3 1 1 6 0 7 0 6 4 2
2 0 6 1 7 7 2 5 4 1 5 3 4 3 6 6
5 2 4 3 4 5 4 4 4 4 2 5 1 4 2 5
5 3 7 4 1 5 4 0 2 3 6 2 7 5 1 1
4 4 0 6 5 1 0 5 2 0 4 2 3 1 3 0
4 0 5 1 1 4 4 7 1 7 3 7 4 6 7 5
4 1 6 5 0 6 2 5 5 7 4 0 4 6 0 7
5 2 5 4 0 6 0 5 3 6 7 2 5 1 0 0
40 24 78 57 34 32 76 63 27 93 82 3 67 15 3 33
51 41 52 45 68 81 18 52 93 36 35 39 30 67 59 71
31 28 5 76 47 40 92 7 55 55 42 8 91 66 68 64
29 47 8 79 67 78 15 51 82 93 3 30 94 91 72 42
80 21 60 65 67 95 80 23 33 39 5 47 70 64 57 43
94 95 69 22 87 9 6 47 67 5 39 88 82 76 18 17
76 47 95 28 36 35 54 3 57 57 43 22 8 39 75 16
77 71 8 65 16 23 88 45 7 10 3 46 32 60 56 94
32 35 33 84 90 4 36 18 15 79 3 88 3 77 52 31
32 7 72 16 88 84 33 64 52 18 70 47 52 40 72 75
66 33 56 46 55 65 54 52 57 59 27 66 16 58 24 64
65 42 84 52 22 60 52 9 33 46 80 24 91 68 17 23
55 56 11 80 64 16 8 67 29 6 57 34 43 15 46 11
54 11 67 23 17 57 55 87 16 87 40 93 51 72 92 71
55 15 81 60 10 82 24 67 69 95 58 3 58 72 5 92
71 27 60 55 4 79 9 70 45 75 92 35 68 15 8 10
