6 5 1 4 7 3 3 0 0 2 6 4 4 1 6 1
2 4 1 4 5 3 1 2 1 2 4 6 1 1 1 0
7 4 1 4 7 0 7 3 6 1 5 2 7 4 1 4
5 0 5 7 0 3 0 7 7 1 4 4 1 5 2 0
5 6 4 0 2 2 5 2 2 1 2 1 4 3 2 7
7 2 4 1 7 2 0 6 3 1 2 4 6 4 2 3
5 3 3 2 5 1 1 2 4 7 5 5 4 3 7 3
1 7 2 6 1 3 1 3 7 1 1 6 1 3 1 3
6 3 4 2 0 1 0 6 0 0 0 7 4 5 4 7
0 5 3 6 4 0 6 5 4 3 1 1 2 5 4 4
1 3 3 5 4 6 7 1 1 7 2 0 4 0 0 5
6 5 7 4 3 0 0 1 2 2 2 7 2 7 0 7
7 2 5 5 7 1 4 1 3 1 6 4 7 1 4 7
4 4 0 3 6 0 6 6 7 1 5 2 3 7 1 0
3 1 5 7 2 3 4 0 0 2 3 6 1 6 4 5
1 3 4 3 7 3 5 3 0 7 1 5 4 7 7 3
83 70 20 54 88 39 43 5 10 35 77 48 51 16 80 16
24 54 20 54 60 40 15 35 20 35 59 80 15 18 23 6
88 59 15 59 87 10 84 46 83 17 69 30 91 58 17 57
63 4 65 92 8 46 9 93 95 23 57 57 17 64 24 7
64 76 55 5 30 35 70 24 30 18 33 16 53 42 32 95
93 34 52 17 91 33 4 75 47 18 29 53 78 53 34 44
67 36 40 35 63 22 20 28 51 91 64 63 59 46 90 42
18 90 24 72 21 41 19 40 88 19 16 82 19 40 22 42
75 45 54 33 6 19 11 81 11 6 8 89 59 63 57 92
3 68 39 72 55 10 72 63 54 46 23 19 31 70 48 48
20 47 41 67 55 79 92 16 17 93 34 6 54 3 5 64
77 70 84 48 40 4 11 19 31 34 35 95 34 88 9 91
88 31 63 66 95 23 52 21 43 22 76 53 90 21 48 94
48 52 8 47 75 5 80 82 90 18 65 35 39 92 15 4
41 15 66 89 35 39 48 7 4 31 42 80 21 79 56 71
21 42 54 36 91 43 71 36 8 93 22 71 55 94 91 41
