1 6 5 0 6 6 4 0 0 3 0 2 4 5 3 5
6 2 6 4 7 6 5 0 0 5 6 7 0 3 0 4
5 5 0 4 6 7 5 3 0 1 2 6 1 4 0 4
7 4 6 7 0 6 2 6 3 6 6 2 5 1 5 3
7 4 6 5 1 3 7 1 7 1 2 4 2 5 2 0
0 3 2 5 4 1 4 0 6 3 7 7 1 7 3 1
1 6 1 5 1 6 5 6 6 1 2 1 5 1 1 1
3 0 3 1 1 2 0 3 4 4 2 1 3 5 0 2
2 7 3 4 7 5 2 1 5 1 7 3 7 0 1 2
2 6 7 4 5 3 6 6 0 4 0 3 1 4 1 3
6 1 6 5 3 7 0 4 2 5 4 5 1 7 7 3
7 5 0 5 1 3 4 5 7 4 1 0 7 6 0 5
0 5 7 3 0 3 6 2 0 2 0 2 0 2 2 2
6 6 7 3 2 6 4 2 5 0 4 5 7 4 5 7
5 7 3 2 0 6 6 7 7 1 1 7 1 2 3 6
2 6 7 0 7 6 7 1 5 6 0 4 3 6 3 6
23 76 60 6 77 80 48 5 3 47 10 34 54 64 43 70
72 32 76 55 91 83 65 8 3 68 78 93 10 36 5 56
69 64 5 56 80 90 65 47 5 23 30 75 20 59 10 52
84 55 83 84 8 78 28 72 45 83 81 32 69 16 60 42
94 57 83 67 21 47 91 22 88 17 31 58 31 67 32 3
4 45 35 66 48 16 48 8 82 36 94 94 19 93 36 15
15 83 18 69 20 78 69 75 77 15 27 16 65 15 18 17
43 6 42 23 20 29 3 41 56 51 28 16 47 69 7 35
27 92 46 52 91 68 33 15 66 20 93 42 88 10 15 30
24 72 94 54 63 41 76 83 8 53 6 43 21 48 22 43
78 18 75 67 45 93 7 59 32 60 51 63 20 94 92 40
87 67 4 66 15 40 48 70 87 59 22 5 88 83 11 68
4 66 91 39 8 36 83 32 8 24 8 34 7 30 35 31
77 83 89 39 28 82 51 33 67 11 53 68 93 55 69 84
70 90 43 34 6 78 78 95 95 15 22 89 17 28 40 83
24 82 95 7 94 82 91 18 64 75 11 53 44 80 41 76
