1 4 5 6 7 5 6 0 6 7 0 0 2 2 2 1
1 3 1 2 0 7 7 7 1 4 7 4 0 1 5 1
5 5 5 4 7 3 1 3 6 1 2 5 1 5 4 2
4 6 6 6 5 5 7 1 5 4 1 0 0 3 3 0
7 3 2 6 2 0 2 5 4 2 3 7 0 2 7 5
2 1 4 1 1 6 2 1 0 1 0 7 3 3 5 6
6 3 1 3 2 3 7 7 0 4 2 7 3 6 2 3
0 0 0 6 6 0 0 0 6 7 2 7 7 1 4 0
5 3 7 5 3 7 7 1 7 2 7 5 7 3 0 1
7 2 2 6 4 5 4 2 3 6 7 4 4 5 3 4
0 3 2 0 5 5 5 2 6 6 1 3 7 4 5 0
2 1 5 4 5 3 6 0 2 3 2 6 3 7 4 2
6 0 3 2 4 7 5 4 7 5 6 5 2 3 4 5
2 5 7 2 7 6 3 2 6 2 7 7 5 5 7 1
2 7 5 0 5 2 0 5 1 7 7 1 2 2 6 4
1 7 4 6 4 7 6 7 1 1 4 5 7 5 3 7
21 54 63 78 95 68 78 8 83 93 8 5 27 33 29 19
18 40 16 24 9 95 87 93 18 52 91 55 8 22 69 17
67 68 70 57 94 46 15 44 78 16 32 68 20 66 48 31
58 79 75 82 71 64 93 20 64 55 18 3 6 46 40 10
94 40 33 72 32 3 29 69 55 31 44 90 9 28 92 60
35 18 54 23 15 75 28 19 7 23 10 94 41 44 64 81
76 45 15 39 30 41 92 90 11 59 34 95 36 77 28 45
8 7 9 76 82 11 10 11 75 87 33 89 95 23 57 10
68 39 94 69 36 84 91 17 84 29 93 68 95 39 11 21
84 34 24 76 55 68 58 35 46 82 93 54 51 64 44 51
3 43 24 6 70 63 60 31 83 82 15 40 90 52 69 10
35 16 71 59 64 43 76 11 33 42 31 78 42 90 51 28
78 7 43 28 56 87 66 55 92 71 81 67 35 42 48 68
32 60 90 24 87 78 40 32 78 34 84 87 64 67 91 17
31 87 70 6 67 31 10 64 23 87 95 19 33 29 72 48
15 95 54 76 55 87 82 87 17 16 52 68 87 63 36 89
