5 7 5 7 5 0 6 6 2 1 4 7 4 0 6 6
1 2 1 1 7 4 0 1 4 5 3 4 3 6 2 7
7 3 0 2 7 2 4 5 2 1 0 3 4 6 4 3
5 6 4 3 6 7 5 1 7 4 4 1 4 5 0 2
5 3 4 2 2 7 7 1 3 4 5 0 2 0 4 4
1 5 6 1 5 1 3 6 7 7 7 2 5 6 4 1
6 7 7 7 2 5 1 4 5 3 0 5 5 2 1 1
0 0 6 5 7 1 7 4 4 1 4 6 7 7 1 1
4 4 0 4 4 7 4 0 2 5 7 1 1 5 2 6
5 0 5 2 6 5 3 7 4 1 7 1 3 4 3 4
1 3 7 5 7 1 6 1 2 2 3 4 0 1 5 5
0 4 4 1 2 0 5 5 4 2 7 2 7 3 1 7
3 3 7 3 6 7 5 2 2 0 3 0 2 3 7 2
2 2 4 1 4 2 3 1 1 7 2 7 7 2 4 1
7 3 1 2 3 1 2 7 4 6 3 6 6 6 4 0
7 0 3 0 3 5 7 5 1 4 7 7 4 4 2 7
66 93 63 92 70 11 76 72 29 22 56 93 54 10 76 72
16 29 17 15 92 55 4 21 48 68 40 53 36 82 35 93
95 45 8 33 88 27 57 60 33 17 6 39 55 76 57 42
69 76 59 41 77 93 64 17 84 58 51 19 57 69 3 33
68 36 52 29 31 89 91 23 43 51 63 9 33 8 52 51
21 68 78 16 67 23 39 76 92 95 93 34 71 80 58 20
82 88 84 87 32 67 23 53 67 39 10 69 69 34 19 20
10 3 78 65 95 19 88 59 51 20 52 79 88 93 22 22
57 54 4 56 57 84 48 7 28 68 93 21 19 65 24 82
71 5 69 28 72 60 47 91 55 19 91 17 43 55 47 56
20 45 92 69 92 21 81 20 24 24 47 58 9 18 68 64
9 57 59 18 34 4 65 69 58 28 91 31 93 40 17 94
39 39 93 46 78 93 65 29 31 10 46 5 28 45 89 33
33 30 55 18 54 29 36 20 19 94 27 94 93 24 53 15
87 42 23 24 43 18 29 92 48 81 40 76 79 83 59 6
95 11 39 7 39 66 84 64 16 59 95 84 54 58 24 87
