1 0 1 0 1 1 1 0 1 0 0 0 1 0 1 0
1 1 0 1 1 1 1 0 1 1 0 1 1 0 0 0
1 0 0 1 0 1 0 1 1 0 0 1 0 0 0 0
0 1 0 1 1 0 0 1 0 1 0 0 1 0 1 0
1 1 1 1 1 1 1 0 0 0 1 1 0 0 1 1
0 0 0 1 0 1 0 0 1 1 1 0 1 0 0 0
1 0 1 0 1 1 1 1 1 1 0 1 1 1 0 1
0 1 0 0 1 0 1 0 1 1 0 0 1 0 1 0
0 0 1 0 0 1 1 1 0 1 0 1 0 1 0 0
1 0 0 0 1 1 0 0 1 0 0 0 1 0 0 1
0 1 1 1 0 1 1 1 1 1 0 1 0 1 1 0
1 0 0 0 0 0 1 1 1 0 1 1 1 1 0 0
0 0 0 0 0 0 1 1 1 1 1 1 0 0 1 1
0 1 0 1 1 1 0 0 1 0 0 0 0 0 0 0
0 1 1 0 0 0 1 0 1 0 0 1 0 0 0 0
1 1 1 1 0 0 0 1 0 0 1 0 0 1 1 1
59 27 18 52 35 61 10 58 20 17 17 17 24 7 49 17
37 24 27 49 30 20 51 9 20 24 15 30 30 31 31 54
24 7 40 14 42 24 46 59 39 15 27 47 23 38 48 40
31 61 56 45 12 58 15 61 25 61 11 25 28 17 43 29
47 39 47 35 4 47 39 27 31 54 30 18 5 58 63 14
52 52 52 12 60 20 56 56 35 12 51 25 22 15 40 46
43 13 16 27 16 41 16 16 16 59 40 22 41 41 54 37
44 14 62 9 49 42 30 36 8 10 11 29 63 19 53 48
25 21 57 5 9 18 28 53 58 12 15 59 50 37 42 50
45 54 60 46 59 63 25 23 61 13 13 13 4 3 21 12
23 4 45 22 5 4 49 8 37 4 7 37 19 45 43 31
55 3 19 42 62 3 63 51 63 19 45 14 18 26 60 7
62 60 60 7 46 50 55 35 51 55 14 55 50 54 43 51
13 43 46 55 18 35 11 36 47 62 3 36 38 3 19 52
42 22 26 21 11 62 8 38 22 38 40 10 23 56 50 38
49 8 10 8 21 5 48 10 23 56 53 44 36 53 53 39
