1 0 1 0 1 1 1 0 1 0 0 0 1 1 0 1
1 1 0 0 1 0 1 1 0 1 0 0 1 1 0 1
0 0 0 1 0 0 1 0 1 1 1 1 0 1 1 1
0 0 0 1 1 0 1 1 1 0 1 0 0 0 1 0
0 0 1 0 0 0 1 0 0 1 1 1 1 1 0 0
1 0 1 1 1 1 1 0 1 1 0 1 1 1 1 1
0 1 0 0 0 0 1 1 0 1 1 0 1 1 0 1
1 0 0 1 0 0 1 1 0 0 0 1 1 1 0 0
0 1 1 0 0 0 0 1 0 0 0 0 0 0 1 0
1 1 1 0 1 0 0 1 0 0 0 0 0 1 1 0
0 0 0 1 1 0 0 0 0 1 0 0 1 1 0 1
1 0 0 1 0 0 1 0 0 0 0 0 0 0 0 0
1 1 1 1 0 1 0 1 1 0 1 1 0 1 1 1
1 1 1 1 0 0 0 1 0 0 1 1 0 1 0 0
1 0 0 0 1 1 1 1 0 0 0 0 0 1 0 0
0 0 0 1 0 0 0 0 0 1 1 1 1 1 1 0
59 27 18 52 35 61 10 58 20 17 17 17 16 43 17 37
24 20 52 7 30 17 24 61 52 49 9 56 59 18 58 10
3 31 25 20 56 31 20 7 53 61 26 26 46 12 12 12
60 60 54 63 12 60 59 16 14 56 24 46 58 11 39 56
25 29 41 23 31 27 16 52 21 61 16 18 16 55 31 11
61 13 26 18 12 20 18 46 59 28 56 26 53 53 39 53
29 53 46 11 62 23 39 45 46 55 39 62 35 8 50 59
30 54 60 49 54 54 8 28 50 62 25 8 47 8 25 5
25 57 8 7 5 7 7 57 5 40 58 44 44 11 6 44
49 30 57 58 37 9 27 28 40 11 38 40 40 49 49 40
62 62 15 57 22 19 9 38 38 30 36 21 28 28 9 4
14 19 23 37 13 23 47 19 13 19 23 19 21 13 48 13
57 22 63 14 50 22 60 47 30 29 41 14 21 47 22 43
37 43 43 37 50 36 3 10 36 3 63 55 48 26 5 21
35 36 50 42 35 35 39 47 15 42 9 36 48 10 38 38
15 42 48 43 42 42 48 44 31 10 63 63 45 6 45 44
