0 0 0 0 0 0 0 0 0 0 0 0 0 0 0 0
0 0 0 0 0 0 0 0 0 0 0 0 0 0 0 0
0 0 0 0 0 0 0 0 0 0 0 0 0 0 0 0
0 0 0 0 0 0 0 0 0 0 0 0 0 0 0 0
0 0 0 0 0 0 0 0 0 0 0 0 0 0 0 0
0 0 0 0 0 0 0 0 0 0 0 0 0 0 0 0
0 0 0 0 0 0 0 0 0 0 0 0 0 0 0 0
0 0 0 0 0 0 0 0 0 0 0 0 0 0 0 0
0 0 0 0 0 0 0 0 0 0 0 0 0 0 0 0
0 0 0 0 0 0 0 0 0 0 0 0 0 0 0 0
0 0 0 0 0 0 0 0 0 0 0 0 0 0 0 0
0 0 0 0 0 0 0 0 0 0 0 0 0 0 0 0
0 0 0 0 0 0 0 0 0 0 0 0 0 0 0 0
0 0 0 0 0 0 0 0 0 0 0 0 0 0 0 0
0 0 0 0 0 0 0 0 0 0 0 0 0 0 0 0
0 0 0 0 0 0 0 0 0 0 0 0 0 0 0 0
32 10 70 54 64 28 13 4 59 21 38 67 66 30 24 6
64 45 26 21 69 62 31 4 50 69 61 58 51 66 62 54
9 39 26 19 64 64 20 45 39 16 42 25 66 26 38 52
38 46 66 50 41 24 21 25 48 10 24 16 49 70 53 30
17 57 6 5 8 20 16 14 20 29 60 6 18 10 60 62
31 46 23 61 61 67 48 56 55 68 42 19 39 45 57 13
10 51 66 25 18 30 32 7 29 12 49 32 46 5 10 10
11 42 67 69 31 48 35 38 14 44 58 8 61 47 61 12
69 20 43 50 31 48 28 66 30 19 42 14 52 5 37 41
24 43 59 13 25 63 29 41 41 41 71 33 8 34 30 9
30 35 46 39 13 40 61 26 69 68 4 66 62 35 60 36
49 26 28 64 30 56 27 48 62 59 48 61 38 39 39 55
37 7 56 50 26 13 22 6 30 11 51 47 57 21 52 51
41 51 71 65 57 8 41 38 64 50 64 42 5 29 55 36
22 6 4 38 53 23 55 53 52 54 17 32 71 28 50 30
5 46 66 27 68 29 6 35 32 13 6 33 11 69 7 55
