0 0 0 0 0 0 0 0 0 0 0 0 0 0 0 0
0 0 0 0 0 0 0 0 0 0 0 0 0 0 0 0
0 0 0 0 0 0 0 0 0 0 0 0 0 0 0 0
0 0 0 0 0 0 0 0 0 0 0 0 0 0 0 0
0 0 0 0 0 0 0 0 0 0 0 0 0 0 0 0
0 0 0 0 0 0 0 0 0 0 0 0 0 0 0 0
0 0 0 0 0 0 0 0 0 0 0 0 0 0 0 0
0 0 0 0 0 0 0 0 0 0 0 0 0 0 0 0
0 0 0 0 0 0 0 0 0 0 0 0 0 0 0 0
0 0 0 0 0 0 0 0 0 0 0 0 0 0 0 0
0 0 0 0 0 0 0 0 0 0 0 0 0 0 0 0
0 0 0 0 0 0 0 0 0 0 0 0 0 0 0 0
0 0 0 0 0 0 0 0 0 0 0 0 0 0 0 0
0 0 0 0 0 0 0 0 0 0 0 0 0 0 0 0
0 0 0 0 0 0 0 0 0 0 0 0 0 0 0 0
0 0 0 0 0 0 0 0 0 0 0 0 0 0 0 0
62 41 27 43 60 38 70 52 58 53 43 27 59 60 17 39
61 10 21 50 30 44 10 60 66 59 38 69 25 56 44 18
60 6 68 6 54 42 24 30 32 30 45 21 35 42 51 26
57 40 19 59 17 56 71 68 70 35 49 69 6 28 5 31
34 62 69 41 27 27 14 71 21 56 60 62 43 50 70 24
55 21 60 52 55 48 54 55 12 25 71 6 24 14 23 62
57 21 15 58 55 14 49 57 40 6 24 26 6 46 52 55
30 30 23 38 48 12 49 64 25 56 39 19 55 62 40 45
36 46 68 53 55 17 11 49 24 20 18 42 47 60 14 62
22 58 45 49 54 56 69 64 18 20 57 37 65 50 42 13
35 14 20 28 54 16 63 5 34 57 6 34 21 65 52 57
46 44 45 61 63 22 52 41 16 47 15 63 11 54 67 10
61 54 53 27 56 42 41 12 71 61 56 25 56 12 52 37
6 48 49 17 71 62 43 28 29 7 15 57 56 34 48 25
40 62 38 59 65 33 64 71 64 65 54 60 33 16 50 52
36 41 29 4 47 38 51 10 35 66 8 8 6 14 43 45
