0 0 0 0 0 0 0 0 0 0 0 0 0 0 0 0
0 0 0 0 0 0 0 0 0 0 0 0 0 0 0 0
0 0 0 0 0 0 0 0 0 0 0 0 0 0 0 0
0 0 0 0 0 0 0 0 0 0 0 0 0 0 0 0
0 0 0 0 0 0 0 0 0 0 0 0 0 0 0 0
0 0 0 0 0 0 0 0 0 0 0 0 0 0 0 0
0 0 0 0 0 0 0 0 0 0 0 0 0 0 0 0
0 0 0 0 0 0 0 0 0 0 0 0 0 0 0 0
0 0 0 0 0 0 0 0 0 0 0 0 0 0 0 0
0 0 0 0 0 0 0 0 0 0 0 0 0 0 0 0
0 0 0 0 0 0 0 0 0 0 0 0 0 0 0 0
0 0 0 0 0 0 0 0 0 0 0 0 0 0 0 0
0 0 0 0 0 0 0 0 0 0 0 0 0 0 0 0
0 0 0 0 0 0 0 0 0 0 0 0 0 0 0 0
0 0 0 0 0 0 0 0 0 0 0 0 0 0 0 0
0 0 0 0 0 0 0 0 0 0 0 0 0 0 0 0
28 39 13 48 59 26 39 26 70 22 4 67 62 6 7 18
10 54 69 42 40 29 15 9 41 43 69 44 7 60 47 39
57 68 9 5 44 22 42 21 60 39 19 63 17 36 63 11
35 39 39 37 39 50 27 56 63 25 56 34 14 40 40 56
62 44 55 58 47 51 62 52 59 17 29 64 63 61 71 31
69 57 67 69 68 17 35 57 4 27 55 68 59 62 71 63
64 45 46 53 40 59 57 57 39 69 60 64 20 12 52 70
64 19 32 66 65 21 25 66 48 6 19 34 27 4 39 13
21 32 46 6 55 55 23 60 27 67 30 25 22 24 4 35
22 31 55 64 52 37 4 62 53 49 12 11 58 51 18 64
53 10 8 9 42 7 37 17 33 68 33 18 52 62 23 63
52 12 58 17 25 28 60 66 20 14 17 38 68 39 68 59
5 4 60 11 55 45 18 66 62 14 44 55 17 12 36 21
36 48 48 50 41 21 32 5 14 41 54 27 69 64 58 39
32 59 56 8 8 6 22 18 34 49 12 55 26 51 68 38
24 48 55 23 4 62 62 47 47 63 66 65 18 70 30 46
