0 0 0 0 0 0 0 0 0 0 0 0 0 0 0 0
0 0 0 0 0 0 0 0 0 0 0 0 0 0 0 0
0 0 0 0 0 0 0 0 0 0 0 0 0 0 0 0
0 0 0 0 0 0 0 0 0 0 0 0 0 0 0 0
0 0 0 0 0 0 0 0 0 0 0 0 0 0 0 0
0 0 0 0 0 0 0 0 0 0 0 0 0 0 0 0
0 0 0 0 0 0 0 0 0 0 0 0 0 0 0 0
0 0 0 0 0 0 0 0 0 0 0 0 0 0 0 0
0 0 0 0 0 0 0 0 0 0 0 0 0 0 0 0
0 0 0 0 0 0 0 0 0 0 0 0 0 0 0 0
0 0 0 0 0 0 0 0 0 0 0 0 0 0 0 0
0 0 0 0 0 0 0 0 0 0 0 0 0 0 0 0
0 0 0 0 0 0 0 0 0 0 0 0 0 0 0 0
0 0 0 0 0 0 0 0 0 0 0 0 0 0 0 0
0 0 0 0 0 0 0 0 0 0 0 0 0 0 0 0
0 0 0 0 0 0 0 0 0 0 0 0 0 0 0 0
67 39 54 67 11 25 55 19 25 60 16 14 48 58 14 38
6 16 34 12 9 6 29 45 53 25 5 43 14 65 63 55
39 44 32 27 67 45 11 25 27 56 8 51 42 13 49 7
20 51 60 26 42 47 33 42 58 36 28 36 47 68 12 65
50 36 19 5 70 60 50 30 39 16 71 54 31 65 23 28
42 66 60 48 62 65 66 13 59 26 34 5 46 4 47 59
59 25 39 50 5 8 55 25 51 33 22 48 55 44 43 58
69 35 41 62 26 5 7 10 42 33 62 61 37 19 56 53
53 20 43 25 49 34 51 22 50 7 37 45 47 69 38 59
16 13 46 9 25 68 4 45 21 58 61 20 41 6 30 50
61 21 50 42 10 30 23 53 55 4 70 57 64 43 23 63
18 57 12 37 59 55 16 9 7 4 66 64 38 22 48 31
56 12 12 40 53 63 61 49 59 36 69 67 12 28 9 7
62 33 18 4 47 16 18 58 14 44 58 41 53 34 6 29
32 29 51 68 42 22 23 67 27 34 70 71 47 30 46 65
10 57 9 31 36 54 13 60 31 58 69 34 23 52 63 38
