0 0 0 0 0 0 0 0 0 0 0 0 0 0 0 0
0 0 0 0 0 0 0 0 0 0 0 0 0 0 0 0
0 0 0 0 0 0 0 0 0 0 0 0 0 0 0 0
0 0 0 0 0 0 0 0 0 0 0 0 0 0 0 0
0 0 0 0 0 0 0 0 0 0 0 0 0 0 0 0
0 0 0 0 0 0 0 0 0 0 0 0 0 0 0 0
0 0 0 0 0 0 0 0 0 0 0 0 0 0 0 0
0 0 0 0 0 0 0 0 0 0 0 0 0 0 0 0
0 0 0 0 0 0 0 0 0 0 0 0 0 0 0 0
0 0 0 0 0 0 0 0 0 0 0 0 0 0 0 0
0 0 0 0 0 0 0 0 0 0 0 0 0 0 0 0
0 0 0 0 0 0 0 0 0 0 0 0 0 0 0 0
0 0 0 0 0 0 0 0 0 0 0 0 0 0 0 0
0 0 0 0 0 0 0 0 0 0 0 0 0 0 0 0
0 0 0 0 0 0 0 0 0 0 0 0 0 0 0 0
0 0 0 0 0 0 0 0 0 0 0 0 0 0 0 0
4 10 40 40 43 43 32 42 66 20 8 25 37 41 10 24
62 19 12 48 26 47 68 63 4 50 65 16 53 26 55 24
59 39 27 23 42 56 46 60 20 15 41 52 67 67 51 71
39 30 8 15 35 12 17 17 9 37 8 32 31 16 37 15
71 57 49 29 53 26 11 34 57 40 57 48 52 16 33 31
21 64 40 35 48 49 43 22 68 58 56 44 23 59 6 27
25 45 48 34 27 67 50 49 62 10 21 9 62 24 46 70
30 23 21 8 19 54 5 62 47 66 39 4 12 57 48 69
37 32 34 4 48 51 38 4 19 44 71 47 63 56 53 24
10 57 19 61 10 16 41 48 27 32 34 59 17 53 40 53
18 35 9 30 38 11 33 47 33 12 23 71 59 65 55 22
18 35 6 51 23 36 18 13 57 53 36 7 69 61 40 67
18 14 44 41 46 65 22 16 15 47 65 19 54 15 11 19
62 13 67 37 24 36 12 30 34 21 53 23 64 59 10 14
26 60 36 5 71 55 64 7 25 53 61 56 51 31 27 41
39 47 32 15 28 36 16 34 28 12 25 28 38 14 19 64
