0 0 0 0 0 0 0 0 0 0 0 0 0 0 0 0
0 0 0 0 0 0 0 0 0 0 0 0 0 0 0 0
0 0 0 0 0 0 0 0 0 0 0 0 0 0 0 0
0 0 0 0 0 0 0 0 0 0 0 0 0 0 0 0
0 0 0 0 0 0 0 0 0 0 0 0 0 0 0 0
0 0 0 0 0 0 0 0 0 0 0 0 0 0 0 0
0 0 0 0 0 0 0 0 0 0 0 0 0 0 0 0
0 0 0 0 0 0 0 0 0 0 0 0 0 0 0 0
0 0 0 0 0 0 0 0 0 0 0 0 0 0 0 0
0 0 0 0 0 0 0 0 0 0 0 0 0 0 0 0
0 0 0 0 0 0 0 0 0 0 0 0 0 0 0 0
0 0 0 0 0 0 0 0 0 0 0 0 0 0 0 0
0 0 0 0 0 0 0 0 0 0 0 0 0 0 0 0
0 0 0 0 0 0 0 0 0 0 0 0 0 0 0 0
0 0 0 0 0 0 0 0 0 0 0 0 0 0 0 0
0 0 0 0 0 0 0 0 0 0 0 0 0 0 0 0
60 6 57 36 39 55 15 59 19 12 14 32 57 30 62 8
50 68 20 29 25 37 67 33 61 14 69 9 32 27 12 48
58 8 23 43 8 40 17 46 18 68 44 65 47 68 38 43
50 71 23 21 52 47 5 60 48 15 52 49 55 41 17 48
5 21 20 60 61 17 43 63 6 43 58 71 56 68 62 32
9 19 13 10 71 12 32 26 58 63 8 30 61 15 63 23
43 12 4 67 64 5 9 19 13 46 43 71 58 31 55 49
15 27 51 52 40 25 36 56 39 8 31 10 71 24 5 17
18 71 31 55 65 62 23 8 63 28 34 28 49 48 43 29
7 31 26 70 63 6 15 19 7 25 47 58 57 26 65 51
29 7 5 24 71 42 59 25 64 51 36 69 22 21 56 56
35 57 19 6 30 37 16 26 11 59 63 13 18 19 34 31
33 21 50 45 50 27 61 68 71 70 21 58 44 67 61 8
50 70 66 63 56 64 33 11 33 61 67 7 8 24 6 6
48 32 55 51 35 55 29 4 62 37 11 14 16 20 12 32
20 32 69 45 14 36 14 26 51 11 56 34 49 22 25 48
