0 0 0 0 0 0 0 0 0 0 0 0 0 0 0 0
0 0 0 0 0 0 0 0 0 0 0 0 0 0 0 0
0 0 0 0 0 0 0 0 0 0 0 0 0 0 0 0
0 0 0 0 0 0 0 0 0 0 0 0 0 0 0 0
0 0 0 0 0 0 0 0 0 0 0 0 0 0 0 0
0 0 0 0 0 0 0 0 0 0 0 0 0 0 0 0
0 0 0 0 0 0 0 0 0 0 0 0 0 0 0 0
0 0 0 0 0 0 0 0 0 0 0 0 0 0 0 0
0 0 0 0 0 0 0 0 0 0 0 0 0 0 0 0
0 0 0 0 0 0 0 0 0 0 0 0 0 0 0 0
0 0 0 0 0 0 0 0 0 0 0 0 0 0 0 0
0 0 0 0 0 0 0 0 0 0 0 0 0 0 0 0
0 0 0 0 0 0 0 0 0 0 0 0 0 0 0 0
0 0 0 0 0 0 0 0 0 0 0 0 0 0 0 0
0 0 0 0 0 0 0 0 0 0 0 0 0 0 0 0
0 0 0 0 0 0 0 0 0 0 0 0 0 0 0 0
62 50 63 50 25 19 57 8 66 47 71 43 35 8 66 40
67 7 8 30 37 54 43 70 35 44 47 18 9 49 55 63
32 53 18 70 43 38 6 20 21 41 55 16 49 63 45 62
64 25 46 51 6 21 28 42 45 55 20 21 8 57 60 6
23 39 15 19 18 60 45 16 56 53 54 71 56 27 45 49
41 37 12 54 37 42 8 14 64 13 25 22 36 46 9 21
12 29 64 39 42 27 26 29 64 47 22 21 26 53 63 65
40 54 29 11 42 59 38 70 4 25 39 41 37 22 52 27
61 26 16 44 62 40 50 60 71 51 46 63 7 19 57 48
10 54 60 18 25 22 63 58 8 67 38 11 66 33 36 49
14 29 7 68 16 53 48 26 68 24 51 43 60 44 46 59
59 53 53 51 59 47 31 50 6 62 23 70 15 23 70 43
58 33 11 15 28 58 41 48 5 47 21 19 33 15 11 66
70 63 7 58 9 38 35 41 31 33 5 65 51 19 22 34
42 25 30 30 43 20 52 54 37 18 66 32 19 46 15 50
69 23 11 65 65 57 4 6 35 32 11 61 51 43 63 10
