0 0 0 0 0 0 0 0 0 0 0 0 0 0 0 0
0 0 0 0 0 0 0 0 0 0 0 0 0 0 0 0
0 0 0 0 0 0 0 0 0 0 0 0 0 0 0 0
0 0 0 0 0 0 0 0 0 0 0 0 0 0 0 0
0 0 0 0 0 0 0 0 0 0 0 0 0 0 0 0
0 0 0 0 0 0 0 0 0 0 0 0 0 0 0 0
0 0 0 0 0 0 0 0 0 0 0 0 0 0 0 0
0 0 0 0 0 0 0 0 0 0 0 0 0 0 0 0
0 0 0 0 0 0 0 0 0 0 0 0 0 0 0 0
0 0 0 0 0 0 0 0 0 0 0 0 0 0 0 0
0 0 0 0 0 0 0 0 0 0 0 0 0 0 0 0
0 0 0 0 0 0 0 0 0 0 0 0 0 0 0 0
0 0 0 0 0 0 0 0 0 0 0 0 0 0 0 0
0 0 0 0 0 0 0 0 0 0 0 0 0 0 0 0
0 0 0 0 0 0 0 0 0 0 0 0 0 0 0 0
0 0 0 0 0 0 0 0 0 0 0 0 0 0 0 0
37 68 25 45 54 15 28 13 24 5 39 21 10 10 52 33
31 55 10 58 17 13 26 14 7 16 50 29 64 24 38 53
9 41 18 35 11 52 25 10 54 32 67 49 61 21 23 53
50 32 9 58 52 58 66 63 22 58 33 57 33 4 65 13
48 56 63 70 13 62 36 54 39 17 29 32 70 49 66 70
38 8 14 56 53 48 4 11 31 15 26 46 42 10 68 38
7 7 19 6 52 4 21 40 68 57 5 49 48 67 70 9
30 7 21 13 49 7 43 31 54 29 70 17 67 48 51 9
24 46 60 7 48 66 33 66 30 52 69 44 37 33 53 62
65 6 18 68 43 65 58 67 67 60 24 42 19 12 9 19
62 68 69 57 14 66 61 44 43 41 44 56 31 26 68 43
8 69 68 65 30 68 25 66 14 54 11 31 46 33 9 57
29 67 66 39 31 47 13 67 71 66 45 5 37 18 48 30
17 43 13 32 38 8 66 31 49 44 47 19 66 7 61 46
8 52 10 60 7 52 25 47 69 48 4 70 66 13 7 42
16 64 17 61 17 34 57 66 68 37 28 9 4 12 7 10
