0 0 0 0 0 0 0 0 0 0 0 0 0 0 0 0
0 0 0 0 0 0 0 0 0 0 0 0 0 0 0 0
0 0 0 0 0 0 0 0 0 0 0 0 0 0 0 0
0 0 0 0 0 0 0 0 0 0 0 0 0 0 0 0
0 0 0 0 0 0 0 0 0 0 0 0 0 0 0 0
0 0 0 0 0 0 0 0 0 0 0 0 0 0 0 0
0 0 0 0 0 0 0 0 0 0 0 0 0 0 0 0
0 0 0 0 0 0 0 0 0 0 0 0 0 0 0 0
0 0 0 0 0 0 0 0 0 0 0 0 0 0 0 0
0 0 0 0 0 0 0 0 0 0 0 0 0 0 0 0
0 0 0 0 0 0 0 0 0 0 0 0 0 0 0 0
0 0 0 0 0 0 0 0 0 0 0 0 0 0 0 0
0 0 0 0 0 0 0 0 0 0 0 0 0 0 0 0
0 0 0 0 0 0 0 0 0 0 0 0 0 0 0 0
0 0 0 0 0 0 0 0 0 0 0 0 0 0 0 0
0 0 0 0 0 0 0 0 0 0 0 0 0 0 0 0
16 46 65 23 64 58 60 43 58 37 21 4 38 28 49 64
18 39 26 16 39 49 64 36 55 4 12 33 9 15 32 31
17 39 39 10 54 40 61 32 31 6 33 8 41 54 23 7
33 16 14 25 8 62 44 18 60 55 29 40 61 16 48 24
25 18 13 24 18 32 68 53 8 41 38 11 41 68 5 18
47 38 67 60 40 64 68 39 9 27 64 70 39 56 13 36
27 65 17 22 33 6 61 21 51 39 17 62 63 14 63 62
70 28 37 45 9 5 58 33 67 44 4 17 26 45 25 53
13 52 58 34 66 64 45 60 36 59 64 25 14 28 8 57
43 21 33 13 69 70 56 45 60 50 45 58 43 59 41 7
25 43 65 41 56 10 44 38 11 55 34 47 67 19 48 64
11 16 24 61 4 15 26 7 9 30 58 17 18 22 41 44
19 51 67 63 30 45 37 66 48 11 48 32 15 27 55 4
34 13 57 63 11 18 46 31 10 51 22 42 35 36 33 52
53 54 43 70 40 41 6 8 6 35 58 6 34 49 18 48
62 22 47 70 30 5 19 25 33 20 15 7 61 15 15 53
