0 0 0 0 0 0 0 0 0 0 0 0 0 0 0 0
0 0 0 0 0 0 0 0 0 0 0 0 0 0 0 0
0 0 0 0 0 0 0 0 0 0 0 0 0 0 0 0
0 0 0 0 0 0 0 0 0 0 0 0 0 0 0 0
0 0 0 0 0 0 0 0 0 0 0 0 0 0 0 0
0 0 0 0 0 0 0 0 0 0 0 0 0 0 0 0
0 0 0 0 0 0 0 0 0 0 0 0 0 0 0 0
0 0 0 0 0 0 0 0 0 0 0 0 0 0 0 0
0 0 0 0 0 0 0 0 0 0 0 0 0 0 0 0
0 0 0 0 0 0 0 0 0 0 0 0 0 0 0 0
0 0 0 0 0 0 0 0 0 0 0 0 0 0 0 0
0 0 0 0 0 0 0 0 0 0 0 0 0 0 0 0
0 0 0 0 0 0 0 0 0 0 0 0 0 0 0 0
0 0 0 0 0 0 0 0 0 0 0 0 0 0 0 0
0 0 0 0 0 0 0 0 0 0 0 0 0 0 0 0
0 0 0 0 0 0 0 0 0 0 0 0 0 0 0 0
32 11 44 4 15 54 19 18 13 25 58 58 17 70 14 18
29 53 16 32 59 43 44 22 67 21 38 38 11 35 55 25
5 70 34 60 56 48 27 23 67 29 58 34 47 14 33 7
61 36 65 10 17 37 8 22 64 34 43 25 27 11 22 15
43 9 55 41 40 7 48 62 60 37 61 26 67 38 19 67
37 71 51 27 27 58 34 28 24 64 22 21 6 68 49 6
65 13 27 56 28 16 17 61 49 25 64 50 49 16 27 40
8 45 66 67 54 67 23 71 25 69 36 24 44 51 65 31
10 66 27 34 51 54 54 17 31 65 56 49 8 5 44 58
9 51 49 4 9 59 56 31 6 69 40 67 4 25 51 35
52 20 63 20 54 38 43 47 36 66 71 7 27 29 9 66
51 54 6 45 5 59 67 7 68 14 8 53 60 51 63 68
66 53 62 36 35 58 5 11 6 23 28 37 4 19 64 38
36 33 14 16 58 22 71 15 56 16 41 10 60 52 13 41
64 20 27 45 22 69 36 68 20 58 55 66 26 64 67 24
22 7 36 38 6 65 25 50 11 11 14 22 5 34 48 9
