0 0 0 0 0 0 0 0 0 0 0 0 0 0 0 0
0 0 0 0 0 0 0 0 0 0 0 0 0 0 0 0
0 0 0 0 0 0 0 0 0 0 0 0 0 0 0 0
0 0 0 0 0 0 0 0 0 0 0 0 0 0 0 0
0 0 0 0 0 0 0 0 0 0 0 0 0 0 0 0
0 0 0 0 0 0 0 0 0 0 0 0 0 0 0 0
0 0 0 0 0 0 0 0 0 0 0 0 0 0 0 0
0 0 0 0 0 0 0 0 0 0 0 0 0 0 0 0
0 0 0 0 0 0 0 0 0 0 0 0 0 0 0 0
0 0 0 0 0 0 0 0 0 0 0 0 0 0 0 0
0 0 0 0 0 0 0 0 0 0 0 0 0 0 0 0
0 0 0 0 0 0 0 0 0 0 0 0 0 0 0 0
0 0 0 0 0 0 0 0 0 0 0 0 0 0 0 0
0 0 0 0 0 0 0 0 0 0 0 0 0 0 0 0
0 0 0 0 0 0 0 0 0 0 0 0 0 0 0 0
0 0 0 0 0 0 0 0 0 0 0 0 0 0 0 0
22 47 47 43 41 48 70 32 58 39 44 64 54 40 23 67
54 51 25 24 31 52 34 37 20 56 4 41 61 40 24 37
13 45 24 4 50 68 29 14 56 27 46 48 25 36 54 65
67 17 45 64 13 28 58 22 26 9 22 7 34 17 44 58
64 52 34 17 6 49 8 11 41 60 34 59 18 42 28 56
9 41 8 46 63 70 25 48 37 7 7 59 63 6 58 54
60 44 28 55 16 64 30 69 37 30 15 21 52 61 22 29
48 41 57 30 58 54 46 51 60 63 32 49 66 61 24 8
69 60 55 17 24 68 4 53 51 71 55 42 58 24 69 49
34 48 67 63 29 47 11 21 19 55 39 53 17 8 54 36
68 34 42 48 62 40 45 22 59 10 67 5 55 35 53 25
36 13 34 36 70 11 39 5 32 40 31 45 49 62 37 30
34 28 34 58 6 55 26 35 4 32 18 31 43 42 52 68
50 65 12 44 44 12 24 10 51 56 39 38 48 33 55 43
42 70 31 24 10 43 51 60 53 38 8 59 69 38 68 7
45 69 28 8 28 24 11 35 22 7 4 30 10 66 31 61
