0 0 0 0 0 0 0 0 0 0 0 0 0 0 0 0
0 0 0 0 0 0 0 0 0 0 0 0 0 0 0 0
0 0 0 0 0 0 0 0 0 0 0 0 0 0 0 0
0 0 0 0 0 0 0 0 0 0 0 0 0 0 0 0
0 0 0 0 0 0 0 0 0 0 0 0 0 0 0 0
0 0 0 0 0 0 0 0 0 0 0 0 0 0 0 0
0 0 0 0 0 0 0 0 0 0 0 0 0 0 0 0
0 0 0 0 0 0 0 0 0 0 0 0 0 0 0 0
0 0 0 0 0 0 0 0 0 0 0 0 0 0 0 0
0 0 0 0 0 0 0 0 0 0 0 0 0 0 0 0
0 0 0 0 0 0 0 0 0 0 0 0 0 0 0 0
0 0 0 0 0 0 0 0 0 0 0 0 0 0 0 0
0 0 0 0 0 0 0 0 0 0 0 0 0 0 0 0
0 0 0 0 0 0 0 0 0 0 0 0 0 0 0 0
0 0 0 0 0 0 0 0 0 0 0 0 0 0 0 0
0 0 0 0 0 0 0 0 0 0 0 0 0 0 0 0
14 58 43 14 65 35 8 7 30 13 64 67 32 52 65 50
37 54 64 33 36 9 23 28 30 35 54 39 57 70 41 58
29 15 8 9 22 65 6 5 50 25 56 34 12 49 33 63
8 56 6 49 42 28 44 15 57 64 26 13 22 40 69 21
34 41 61 53 39 41 68 36 34 29 46 40 41 26 22 12
33 60 49 62 22 67 50 35 20 70 55 55 67 54 37 69
60 46 39 43 51 23 39 8 13 5 8 71 20 44 21 14
69 24 21 18 67 71 7 69 49 45 57 13 16 28 16 44
4 43 53 26 13 32 10 43 38 48 46 24 43 35 25 26
48 37 13 53 17 56 23 52 26 49 10 44 23 47 13 34
47 68 19 57 38 55 57 71 9 13 48 59 37 38 57 22
19 63 61 33 6 42 56 40 66 41 65 38 22 13 15 57
32 47 13 15 52 46 18 60 42 6 39 32 15 28 35 4
26 17 23 45 55 52 19 13 42 26 45 69 40 66 44 11
52 8 23 15 47 63 13 55 66 21 55 27 46 62 36 55
14 19 45 7 70 63 60 11 28 37 11 27 39 40 69 71
