0 0 0 0 0 0 0 0 0 0 0 0 0 0 0 0
0 0 0 0 0 0 0 0 0 0 0 0 0 0 0 0
0 0 0 0 0 0 0 0 0 0 0 0 0 0 0 0
0 0 0 0 0 0 0 0 0 0 0 0 0 0 0 0
0 0 0 0 0 0 0 0 0 0 0 0 0 0 0 0
0 0 0 0 0 0 0 0 0 0 0 0 0 0 0 0
0 0 0 0 0 0 0 0 0 0 0 0 0 0 0 0
0 0 0 0 0 0 0 0 0 0 0 0 0 0 0 0
0 0 0 0 0 0 0 0 0 0 0 0 0 0 0 0
0 0 0 0 0 0 0 0 0 0 0 0 0 0 0 0
0 0 0 0 0 0 0 0 0 0 0 0 0 0 0 0
0 0 0 0 0 0 0 0 0 0 0 0 0 0 0 0
0 0 0 0 0 0 0 0 0 0 0 0 0 0 0 0
0 0 0 0 0 0 0 0 0 0 0 0 0 0 0 0
0 0 0 0 0 0 0 0 0 0 0 0 0 0 0 0
0 0 0 0 0 0 0 0 0 0 0 0 0 0 0 0
47 12 32 5 38 55 62 33 8 66 67 27 43 45 31 59
69 7 25 35 30 50 31 37 23 53 9 42 26 25 70 40
20 13 19 25 41 46 58 38 55 64 61 39 12 37 60 69
22 50 31 25 10 42 51 19 67 13 5 18 21 19 24 50
69 38 37 63 5 39 4 40 57 21 59 22 49 61 25 50
15 27 9 24 60 9 69 66 45 10 70 38 31 69 20 26
58 61 10 66 34 48 8 15 52 71 51 18 55 27 43 27
66 71 12 43 56 30 27 27 58 18 44 61 6 39 33 30
48 21 22 62 49 64 66 17 58 38 26 33 70 55 28 21
8 22 12 70 12 16 6 9 21 25 20 42 58 4 4 40
68 14 22 63 64 51 66 29 11 17 44 20 71 37 30 41
23 15 21 70 25 18 57 8 6 19 46 48 45 35 22 60
47 64 37 58 36 43 29 17 15 67 28 19 53 40 9 48
40 42 14 15 60 62 71 8 28 60 16 61 65 11 16 12
35 43 15 6 16 70 25 54 35 7 49 43 53 5 49 9
47 44 63 50 40 36 66 5 29 42 39 21 64 50 36 13
