0 0 0 0 0 0 0 0 0 0 0 0 0 0 0 0
0 0 0 0 0 0 0 0 0 0 0 0 0 0 0 0
0 0 0 0 0 0 0 0 0 0 0 0 0 0 0 0
0 0 0 0 0 0 0 0 0 0 0 0 0 0 0 0
0 0 0 0 0 0 0 0 0 0 0 0 0 0 0 0
0 0 0 0 0 0 0 0 0 0 0 0 0 0 0 0
0 0 0 0 0 0 0 0 0 0 0 0 0 0 0 0
0 0 0 0 0 0 0 0 0 0 0 0 0 0 0 0
0 0 0 0 0 0 0 0 0 0 0 0 0 0 0 0
0 0 0 0 0 0 0 0 0 0 0 0 0 0 0 0
0 0 0 0 0 0 0 0 0 0 0 0 0 0 0 0
0 0 0 0 0 0 0 0 0 0 0 0 0 0 0 0
0 0 0 0 0 0 0 0 0 0 0 0 0 0 0 0
0 0 0 0 0 0 0 0 0 0 0 0 0 0 0 0
0 0 0 0 0 0 0 0 0 0 0 0 0 0 0 0
0 0 0 0 0 0 0 0 0 0 0 0 0 0 0 0
27 36 21 21 59 9 8 13 27 71 60 55 12 32 45 56
47 33 68 23 64 63 40 17 43 66 54 47 48 42 30 41
55 51 49 65 16 23 69 67 64 45 68 22 10 36 60 53
22 67 43 42 13 43 30 23 47 44 59 47 53 51 50 63
16 16 40 44 54 6 70 20 27 49 14 62 49 66 67 61
52 34 61 59 47 15 24 38 24 25 38 34 52 8 25 7
24 57 32 40 22 64 53 5 10 57 18 55 56 33 4 21
39 22 67 58 37 50 32 50 47 18 69 70 29 16 12 47
28 43 16 43 27 8 11 25 33 61 5 62 38 12 70 50
34 6 26 25 44 13 54 5 63 32 43 18 16 51 55 41
13 22 12 28 61 71 34 19 71 65 19 26 39 63 70 21
27 38 52 50 67 10 61 65 21 31 22 25 57 8 49 34
13 54 47 48 14 38 56 58 4 47 21 4 39 56 21 6
30 47 30 23 42 14 27 28 21 6 50 42 71 30 67 71
24 20 66 40 47 56 44 55 17 4 66 31 52 56 23 21
40 33 33 55 63 24 56 19 10 14 13 52 50 35 27 68
