0 0 0 0 0 0 0 0 0 0 0 0 0 0 0 0
0 0 0 0 0 0 0 0 0 0 0 0 0 0 0 0
0 0 0 0 0 0 0 0 0 0 0 0 0 0 0 0
0 0 0 0 0 0 0 0 0 0 0 0 0 0 0 0
0 0 0 0 0 0 0 0 0 0 0 0 0 0 0 0
0 0 0 0 0 0 0 0 0 0 0 0 0 0 0 0
0 0 0 0 0 0 0 0 0 0 0 0 0 0 0 0
0 0 0 0 0 0 0 0 0 0 0 0 0 0 0 0
0 0 0 0 0 0 0 0 0 0 0 0 0 0 0 0
0 0 0 0 0 0 0 0 0 0 0 0 0 0 0 0
0 0 0 0 0 0 0 0 0 0 0 0 0 0 0 0
0 0 0 0 0 0 0 0 0 0 0 0 0 0 0 0
0 0 0 0 0 0 0 0 0 0 0 0 0 0 0 0
0 0 0 0 0 0 0 0 0 0 0 0 0 0 0 0
0 0 0 0 0 0 0 0 0 0 0 0 0 0 0 0
0 0 0 0 0 0 0 0 0 0 0 0 0 0 0 0
66 64 34 59 40 15 9 43 50 51 27 55 67 28 58 58
70 31 6 14 71 27 32 24 25 62 35 46 61 15 46 36
19 12 48 36 37 59 22 34 40 6 60 35 8 49 70 26
11 44 37 28 11 10 65 42 21 60 64 36 8 14 67 41
68 67 52 47 10 67 62 21 20 44 16 48 42 18 49 70
69 13 59 31 64 42 25 57 44 41 67 28 50 19 37 4
43 19 22 58 57 48 47 16 14 14 43 38 70 32 42 66
12 51 43 17 46 50 68 8 32 56 10 62 33 10 50 18
20 62 15 60 41 47 70 58 60 25 28 66 32 71 29 25
27 8 17 42 19 11 34 20 67 11 47 52 20 45 11 26
64 47 47 59 5 48 35 42 56 34 53 51 7 63 54 56
40 49 21 52 66 4 68 6 52 8 21 24 39 36 37 35
54 60 15 44 70 50 10 30 43 56 25 24 67 31 7 59
54 67 66 14 24 35 27 44 59 22 57 37 52 51 4 54
19 40 68 42 68 31 57 7 44 12 65 61 28 53 30 4
69 40 29 57 60 62 28 45 9 5 4 18 52 16 38 43
