0 0 0 0 0 0 0 0 0 0 0 0 0 0 0 0
0 0 0 0 0 0 0 0 0 0 0 0 0 0 0 0
0 0 0 0 0 0 0 0 0 0 0 0 0 0 0 0
0 0 0 0 0 0 0 0 0 0 0 0 0 0 0 0
0 0 0 0 0 0 0 0 0 0 0 0 0 0 0 0
0 0 0 0 0 0 0 0 0 0 0 0 0 0 0 0
0 0 0 0 0 0 0 0 0 0 0 0 0 0 0 0
0 0 0 0 0 0 0 0 0 0 0 0 0 0 0 0
0 0 0 0 0 0 0 0 0 0 0 0 0 0 0 0
0 0 0 0 0 0 0 0 0 0 0 0 0 0 0 0
0 0 0 0 0 0 0 0 0 0 0 0 0 0 0 0
0 0 0 0 0 0 0 0 0 0 0 0 0 0 0 0
0 0 0 0 0 0 0 0 0 0 0 0 0 0 0 0
0 0 0 0 0 0 0 0 0 0 0 0 0 0 0 0
0 0 0 0 0 0 0 0 0 0 0 0 0 0 0 0
0 0 0 0 0 0 0 0 0 0 0 0 0 0 0 0
43 49 57 28 26 68 68 13 18 48 24 45 21 21 45 9
64 24 25 13 57 69 60 32 14 48 25 59 20 9 20 70
60 21 56 57 7 13 56 42 53 33 30 7 51 41 52 7
40 38 10 47 19 36 64 33 13 30 17 71 56 43 51 70
42 36 48 70 18 49 37 55 38 4 30 56 17 54 14 4
63 15 22 52 68 61 9 23 32 10 25 43 39 40 10 16
69 61 59 39 13 36 32 30 54 15 34 48 57 23 22 15
28 26 9 54 31 49 70 38 25 57 12 33 36 52 5 69
5 55 58 21 14 19 64 6 50 22 23 40 61 13 43 16
17 24 45 55 28 17 40 30 70 27 9 8 11 10 19 60
4 8 51 33 19 71 53 9 62 27 68 9 32 46 46 25
10 39 66 46 38 62 52 37 5 20 30 22 9 41 69 21
22 52 36 31 4 11 58 43 18 16 22 23 9 20 48 46
60 5 37 29 41 54 25 27 40 54 68 53 30 34 44 6
31 11 60 14 70 18 7 66 25 31 6 47 53 38 34 34
7 4 44 61 68 48 10 11 9 16 16 34 60 12 43 28
