0 0 0 0 0 0 0 0 0 0 0 0 0 0 0 0
0 0 0 0 0 0 0 0 0 0 0 0 0 0 0 0
0 0 0 0 0 0 0 0 0 0 0 0 0 0 0 0
0 0 0 0 0 0 0 0 0 0 0 0 0 0 0 0
0 0 0 0 0 0 0 0 0 0 0 0 0 0 0 0
0 0 0 0 0 0 0 0 0 0 0 0 0 0 0 0
0 0 0 0 0 0 0 0 0 0 0 0 0 0 0 0
0 0 0 0 0 0 0 0 0 0 0 0 0 0 0 0
0 0 0 0 0 0 0 0 0 0 0 0 0 0 0 0
0 0 0 0 0 0 0 0 0 0 0 0 0 0 0 0
0 0 0 0 0 0 0 0 0 0 0 0 0 0 0 0
0 0 0 0 0 0 0 0 0 0 0 0 0 0 0 0
0 0 0 0 0 0 0 0 0 0 0 0 0 0 0 0
0 0 0 0 0 0 0 0 0 0 0 0 0 0 0 0
0 0 0 0 0 0 0 0 0 0 0 0 0 0 0 0
0 0 0 0 0 0 0 0 0 0 0 0 0 0 0 0
21 13 19 12 38 37 59 69 51 36 30 48 36 28 63 57
71 7 56 36 59 29 49 6 53 19 49 44 16 62 62 41
28 24 16 10 31 51 68 13 70 67 19 27 19 16 14 65
71 13 53 53 19 58 7 65 11 7 9 60 15 25 7 19
33 36 27 6 17 19 35 51 10 44 50 50 25 21 31 28
65 52 31 9 6 20 28 51 11 55 48 45 26 52 65 38
58 24 13 40 4 30 33 38 53 5 34 35 40 27 16 6
33 15 32 16 22 27 6 19 10 55 26 49 54 67 18 25
25 22 57 40 23 31 24 59 63 16 45 17 40 38 38 6
50 63 24 55 5 19 6 44 36 44 36 31 60 6 71 50
8 42 4 49 31 34 4 53 37 46 49 54 9 24 45 43
61 21 40 47 20 50 33 69 24 30 71 29 71 32 42 16
19 15 61 45 31 55 46 9 54 11 36 50 17 61 37 15
69 51 57 29 10 14 17 40 25 56 15 49 43 14 62 45
8 28 58 4 44 51 19 28 52 52 38 12 52 12 33 69
50 27 4 16 60 40 52 13 5 41 56 37 42 16 18 70
