0 0 0 0 0 0 0 0 0 0 0 0 0 0 0 0
0 0 0 0 0 0 0 0 0 0 0 0 0 0 0 0
0 0 0 0 0 0 0 0 0 0 0 0 0 0 0 0
0 0 0 0 0 0 0 0 0 0 0 0 0 0 0 0
0 0 0 0 0 0 0 0 0 0 0 0 0 0 0 0
0 0 0 0 0 0 0 0 0 0 0 0 0 0 0 0
0 0 0 0 0 0 0 0 0 0 0 0 0 0 0 0
0 0 0 0 0 0 0 0 0 0 0 0 0 0 0 0
0 0 0 0 0 0 0 0 0 0 0 0 0 0 0 0
0 0 0 0 0 0 0 0 0 0 0 0 0 0 0 0
0 0 0 0 0 0 0 0 0 0 0 0 0 0 0 0
0 0 0 0 0 0 0 0 0 0 0 0 0 0 0 0
0 0 0 0 0 0 0 0 0 0 0 0 0 0 0 0
0 0 0 0 0 0 0 0 0 0 0 0 0 0 0 0
0 0 0 0 0 0 0 0 0 0 0 0 0 0 0 0
0 0 0 0 0 0 0 0 0 0 0 0 0 0 0 0
54 11 58 12 70 26 38 16 51 40 51 26 25 70 70 32
30 64 63 65 32 43 27 4 62 47 21 22 71 15 38 6
17 57 55 11 39 6 71 58 8 57 5 19 11 11 36 64
53 26 52 45 60 21 36 41 31 50 62 18 42 68 55 35
24 8 24 31 30 40 52 15 70 70 15 27 5 9 17 61
46 26 70 28 45 62 21 40 24 8 51 70 69 42 24 51
44 45 30 22 57 27 57 5 27 6 66 54 16 71 70 33
36 40 20 52 7 32 68 30 31 51 30 44 32 50 48 31
6 63 26 23 53 21 39 68 66 66 24 5 7 39 45 42
19 17 38 71 69 62 33 34 13 45 71 56 50 56 55 51
32 58 27 43 25 34 21 10 32 27 49 5 60 41 52 9
63 59 67 35 53 25 48 5 66 30 22 30 67 36 52 51
60 67 44 40 41 33 17 33 8 60 65 11 47 7 30 63
66 53 67 16 42 24 9 38 42 33 62 57 63 14 49 49
56 12 33 62 55 10 36 40 58 9 17 25 51 41 47 9
29 52 43 28 55 9 51 16 39 12 27 22 26 32 64 13
