0 0 0 0 0 0 0 0 0 0 0 0 0 0 0 0
0 0 0 0 0 0 0 0 0 0 0 0 0 0 0 0
0 0 0 0 0 0 0 0 0 0 0 0 0 0 0 0
0 0 0 0 0 0 0 0 0 0 0 0 0 0 0 0
0 0 0 0 0 0 0 0 0 0 0 0 0 0 0 0
0 0 0 0 0 0 0 0 0 0 0 0 0 0 0 0
0 0 0 0 0 0 0 0 0 0 0 0 0 0 0 0
0 0 0 0 0 0 0 0 0 0 0 0 0 0 0 0
0 0 0 0 0 0 0 0 0 0 0 0 0 0 0 0
0 0 0 0 0 0 0 0 0 0 0 0 0 0 0 0
0 0 0 0 0 0 0 0 0 0 0 0 0 0 0 0
0 0 0 0 0 0 0 0 0 0 0 0 0 0 0 0
0 0 0 0 0 0 0 0 0 0 0 0 0 0 0 0
0 0 0 0 0 0 0 0 0 0 0 0 0 0 0 0
0 0 0 0 0 0 0 0 0 0 0 0 0 0 0 0
0 0 0 0 0 0 0 0 0 0 0 0 0 0 0 0
9 71 28 22 52 39 21 53 47 54 37 67 67 42 65 46
52 18 14 52 50 41 65 28 12 19 46 28 11 28 50 67
45 48 18 4 34 49 61 67 29 30 4 51 48 68 53 64
14 58 38 38 50 28 50 57 61 14 60 10 50 59 31 10
35 54 38 19 30 31 25 25 16 45 57 67 66 15 15 16
38 55 34 53 34 26 68 23 48 24 49 22 56 71 25 16
25 59 32 17 45 51 15 54 54 19 57 36 61 20 14 41
34 30 50 59 21 28 44 62 36 63 44 67 31 4 8 5
41 35 24 35 9 38 54 13 7 10 38 53 20 69 29 69
51 67 54 6 11 20 37 39 43 54 4 14 70 17 4 10
53 35 38 26 11 42 56 62 17 56 33 42 18 34 68 33
36 25 39 44 43 46 27 57 34 40 48 64 61 5 49 41
20 8 49 51 8 28 48 34 41 67 23 16 42 10 42 4
34 44 14 49 7 63 48 13 11 28 37 23 42 26 4 35
20 25 51 59 43 32 24 17 68 44 38 18 28 44 34 41
32 40 56 15 41 10 20 35 21 51 63 28 68 50 57 12
