0 0 0 0 0 0 0 0 0 0 0 0 0 0 0 0
0 0 0 0 0 0 0 0 0 0 0 0 0 0 0 0
0 0 0 0 0 0 0 0 0 0 0 0 0 0 0 0
0 0 0 0 0 0 0 0 0 0 0 0 0 0 0 0
0 0 0 0 0 0 0 0 0 0 0 0 0 0 0 0
0 0 0 0 0 0 0 0 0 0 0 0 0 0 0 0
0 0 0 0 0 0 0 0 0 0 0 0 0 0 0 0
0 0 0 0 0 0 0 0 0 0 0 0 0 0 0 0
0 0 0 0 0 0 0 0 0 0 0 0 0 0 0 0
0 0 0 0 0 0 0 0 0 0 0 0 0 0 0 0
0 0 0 0 0 0 0 0 0 0 0 0 0 0 0 0
0 0 0 0 0 0 0 0 0 0 0 0 0 0 0 0
0 0 0 0 0 0 0 0 0 0 0 0 0 0 0 0
0 0 0 0 0 0 0 0 0 0 0 0 0 0 0 0
0 0 0 0 0 0 0 0 0 0 0 0 0 0 0 0
0 0 0 0 0 0 0 0 0 0 0 0 0 0 0 0
64 59 20 42 20 8 15 66 44 5 4 12 57 61 30 23
38 38 57 39 35 11 20 61 45 31 42 55 58 41 4 26
39 24 32 20 26 42 38 18 36 23 14 40 50 7 59 31
52 17 37 71 36 27 45 5 58 63 57 56 43 22 24 42
28 6 59 71 31 18 59 61 50 61 12 35 67 10 53 51
39 30 49 21 11 66 57 37 17 37 25 69 38 43 69 48
66 34 52 38 71 42 15 60 65 49 47 53 25 70 7 31
62 70 67 26 40 36 46 22 70 38 24 63 26 25 51 62
57 26 22 61 21 55 50 9 56 66 39 51 53 35 29 49
47 34 58 14 4 41 41 35 44 28 54 16 35 48 55 24
67 6 46 18 20 19 31 57 58 43 38 28 52 43 20 19
13 49 57 23 54 45 36 43 28 68 20 53 61 29 40 34
55 62 60 23 51 29 12 58 46 68 43 36 18 48 14 8
35 49 63 55 11 47 43 38 11 59 63 23 24 13 24 49
20 19 35 52 70 4 56 33 27 12 37 20 58 14 43 6
50 54 53 64 54 22 56 42 10 54 59 13 25 23 30 18
