0 0 0 0 0 0 0 0 0 0 0 0 0 0 0 0
0 0 0 0 0 0 0 0 0 0 0 0 0 0 0 0
0 0 0 0 0 0 0 0 0 0 0 0 0 0 0 0
0 0 0 0 0 0 0 0 0 0 0 0 0 0 0 0
0 0 0 0 0 0 0 0 0 0 0 0 0 0 0 0
0 0 0 0 0 0 0 0 0 0 0 0 0 0 0 0
0 0 0 0 0 0 0 0 0 0 0 0 0 0 0 0
0 0 0 0 0 0 0 0 0 0 0 0 0 0 0 0
0 0 0 0 0 0 0 0 0 0 0 0 0 0 0 0
0 0 0 0 0 0 0 0 0 0 0 0 0 0 0 0
0 0 0 0 0 0 0 0 0 0 0 0 0 0 0 0
0 0 0 0 0 0 0 0 0 0 0 0 0 0 0 0
0 0 0 0 0 0 0 0 0 0 0 0 0 0 0 0
0 0 0 0 0 0 0 0 0 0 0 0 0 0 0 0
0 0 0 0 0 0 0 0 0 0 0 0 0 0 0 0
0 0 0 0 0 0 0 0 0 0 0 0 0 0 0 0
68 10 55 43 67 61 5 56 16 33 27 34 47 5 63 27
21 44 46 12 38 55 23 63 46 25 48 46 4 42 10 43
22 12 22 18 4 42 19 71 7 51 43 4 17 43 62 17
33 43 71 69 17 40 39 49 8 70 51 29 7 46 51 51
60 60 68 20 67 58 34 35 16 39 30 32 46 12 46 7
13 28 39 24 6 37 66 44 43 54 5 45 55 27 68 10
50 32 69 59 70 65 63 8 71 54 67 47 44 59 29 65
53 24 32 7 60 13 33 22 4 17 19 35 12 42 17 36
40 11 64 71 42 47 37 66 20 6 28 39 16 5 66 33
61 31 41 70 33 46 15 54 30 39 50 12 22 41 35 37
22 27 13 29 37 31 50 41 61 32 10 39 48 44 33 59
56 7 44 42 22 34 63 31 51 71 60 55 65 21 22 7
24 38 45 9 10 49 42 35 13 8 61 25 24 45 49 21
62 23 59 50 48 19 48 38 62 71 63 49 69 20 6 28
61 67 71 15 69 58 65 70 10 23 58 28 15 61 37 49
10 42 30 43 68 68 30 18 62 42 47 16 41 55 60 47
