0 0 0 0 0 0 0 0 0 0 0 0 0 0 0 0
0 0 0 0 0 0 0 0 0 0 0 0 0 0 0 0
0 0 0 0 0 0 0 0 0 0 0 0 0 0 0 0
0 0 0 0 0 0 0 0 0 0 0 0 0 0 0 0
0 0 0 0 0 0 0 0 0 0 0 0 0 0 0 0
0 0 0 0 0 0 0 0 0 0 0 0 0 0 0 0
0 0 0 0 0 0 0 0 0 0 0 0 0 0 0 0
0 0 0 0 0 0 0 0 0 0 0 0 0 0 0 0
0 0 0 0 0 0 0 0 0 0 0 0 0 0 0 0
0 0 0 0 0 0 0 0 0 0 0 0 0 0 0 0
0 0 0 0 0 0 0 0 0 0 0 0 0 0 0 0
0 0 0 0 0 0 0 0 0 0 0 0 0 0 0 0
0 0 0 0 0 0 0 0 0 0 0 0 0 0 0 0
0 0 0 0 0 0 0 0 0 0 0 0 0 0 0 0
0 0 0 0 0 0 0 0 0 0 0 0 0 0 0 0
0 0 0 0 0 0 0 0 0 0 0 0 0 0 0 0
67 65 67 8 49 28 40 25 44 42 27 37 52 12 25 10
16 35 52 39 68 68 60 12 31 46 22 53 38 53 70 27
13 29 44 54 11 33 8 61 70 20 35 51 57 63 66 26
56 20 16 17 29 27 43 45 17 49 26 14 24 62 17 19
35 57 20 20 58 60 31 27 44 23 28 17 67 49 10 60
43 7 70 49 36 68 68 52 69 64 11 26 24 10 4 55
34 61 36 54 12 20 67 46 67 49 49 7 58 32 35 20
30 22 6 59 23 20 30 21 68 22 30 35 54 20 24 33
9 23 36 20 47 67 13 6 53 13 66 10 32 58 11 29
42 9 7 69 21 60 64 67 57 62 32 38 4 51 11 57
47 36 13 43 47 69 39 31 55 39 47 20 9 12 24 33
67 51 59 11 61 67 30 31 20 53 9 45 6 44 41 53
32 46 59 45 33 30 8 69 26 10 16 18 44 37 62 63
70 14 23 49 49 25 26 14 37 59 7 58 20 53 14 16
62 62 45 58 65 21 56 20 18 50 65 28 45 35 35 53
10 35 21 5 10 50 26 15 48 55 26 26 43 43 27 62
