0 0 0 0 0 0 0 0 0 0 0 0 0 0 0 0
0 0 0 0 0 0 0 0 0 0 0 0 0 0 0 0
0 0 0 0 0 0 0 0 0 0 0 0 0 0 0 0
0 0 0 0 0 0 0 0 0 0 0 0 0 0 0 0
0 0 0 0 0 0 0 0 0 0 0 0 0 0 0 0
0 0 0 0 0 0 0 0 0 0 0 0 0 0 0 0
0 0 0 0 0 0 0 0 0 0 0 0 0 0 0 0
0 0 0 0 0 0 0 0 0 0 0 0 0 0 0 0
0 0 0 0 0 0 0 0 0 0 0 0 0 0 0 0
0 0 0 0 0 0 0 0 0 0 0 0 0 0 0 0
0 0 0 0 0 0 0 0 0 0 0 0 0 0 0 0
0 0 0 0 0 0 0 0 0 0 0 0 0 0 0 0
0 0 0 0 0 0 0 0 0 0 0 0 0 0 0 0
0 0 0 0 0 0 0 0 0 0 0 0 0 0 0 0
0 0 0 0 0 0 0 0 0 0 0 0 0 0 0 0
0 0 0 0 0 0 0 0 0 0 0 0 0 0 0 0
60 9 52 68 56 65 41 8 19 52 12 43 51 4 71 26
28 19 71 42 71 26 46 71 57 51 35 31 38 27 18 30
5 11 24 9 30 35 34 68 31 23 58 25 40 39 32 42
20 5 46 56 67 31 21 16 27 62 17 37 22 38 68 19
33 57 32 25 70 45 11 47 44 5 52 19 58 66 16 48
46 65 65 43 12 9 51 62 38 54 38 65 7 39 51 34
50 69 22 43 71 53 54 65 44 16 23 22 38 25 30 21
40 60 62 7 21 10 5 11 38 56 59 27 43 14 28 9
37 24 14 57 18 16 43 19 68 16 17 46 31 42 18 26
49 17 45 35 44 49 29 47 49 46 38 65 54 71 28 46
7 14 62 59 12 32 58 35 30 46 9 39 52 39 11 51
43 48 51 14 16 65 68 14 57 26 61 40 47 59 5 59
45 13 11 35 16 13 52 29 45 21 23 58 71 30 30 17
41 6 67 42 10 63 53 10 35 28 46 15 59 50 40 65
65 32 34 8 61 30 35 6 32 22 65 16 53 63 49 10
30 37 21 71 52 14 43 64 9 16 37 54 29 6 66 12
