0 0 0 0 0 0 0 0 0 0 0 0 0 0 0 0
0 0 0 0 0 0 0 0 0 0 0 0 0 0 0 0
0 0 0 0 0 0 0 0 0 0 0 0 0 0 0 0
0 0 0 0 0 0 0 0 0 0 0 0 0 0 0 0
0 0 0 0 0 0 0 0 0 0 0 0 0 0 0 0
0 0 0 0 0 0 0 0 0 0 0 0 0 0 0 0
0 0 0 0 0 0 0 0 0 0 0 0 0 0 0 0
0 0 0 0 0 0 0 0 0 0 0 0 0 0 0 0
0 0 0 0 0 0 0 0 0 0 0 0 0 0 0 0
0 0 0 0 0 0 0 0 0 0 0 0 0 0 0 0
0 0 0 0 0 0 0 0 0 0 0 0 0 0 0 0
0 0 0 0 0 0 0 0 0 0 0 0 0 0 0 0
0 0 0 0 0 0 0 0 0 0 0 0 0 0 0 0
0 0 0 0 0 0 0 0 0 0 0 0 0 0 0 0
0 0 0 0 0 0 0 0 0 0 0 0 0 0 0 0
0 0 0 0 0 0 0 0 0 0 0 0 0 0 0 0
69 44 53 50 41 68 6 65 26 67 67 68 30 48 12 61
55 7 43 47 65 5 22 32 11 70 60 5 21 42 32 66
56 63 34 35 53 61 48 41 62 17 50 23 67 10 56 71
64 21 49 43 54 16 62 36 17 17 52 21 10 65 16 68
8 64 24 25 58 26 44 15 25 16 54 40 60 40 9 48
19 63 63 49 8 19 52 63 4 70 70 67 62 71 34 46
16 37 70 27 45 41 6 53 15 63 70 24 35 49 47 14
16 23 47 45 17 67 20 53 41 71 41 43 11 20 34 11
64 56 51 47 55 28 14 50 24 18 49 50 71 64 68 51
21 30 64 15 16 24 58 60 15 59 21 41 24 31 49 10
63 22 5 42 22 28 9 38 29 24 36 58 66 15 68 10
31 55 69 66 17 38 64 64 35 10 9 22 69 49 58 41
40 65 65 51 34 26 18 35 40 42 17 17 32 35 16 70
37 48 23 5 10 40 22 43 55 18 61 16 61 6 13 50
34 62 17 20 20 46 34 69 54 47 70 33 28 36 34 9
61 34 43 29 12 68 60 60 44 40 45 25 17 29 70 43
