0 0 0 0 0 0 0 0 0 0 0 0 0 0 0 0
0 0 0 0 0 0 0 0 0 0 0 0 0 0 0 0
0 0 0 0 0 0 0 0 0 0 0 0 0 0 0 0
0 0 0 0 0 0 0 0 0 0 0 0 0 0 0 0
0 0 0 0 0 0 0 0 0 0 0 0 0 0 0 0
0 0 0 0 0 0 0 0 0 0 0 0 0 0 0 0
0 0 0 0 0 0 0 0 0 0 0 0 0 0 0 0
0 0 0 0 0 0 0 0 0 0 0 0 0 0 0 0
0 0 0 0 0 0 0 0 0 0 0 0 0 0 0 0
0 0 0 0 0 0 0 0 0 0 0 0 0 0 0 0
0 0 0 0 0 0 0 0 0 0 0 0 0 0 0 0
0 0 0 0 0 0 0 0 0 0 0 0 0 0 0 0
0 0 0 0 0 0 0 0 0 0 0 0 0 0 0 0
0 0 0 0 0 0 0 0 0 0 0 0 0 0 0 0
0 0 0 0 0 0 0 0 0 0 0 0 0 0 0 0
0 0 0 0 0 0 0 0 0 0 0 0 0 0 0 0
42 58 40 68 37 13 59 32 57 13 57 23 66 64 15 57
66 71 36 45 43 34 44 14 43 12 16 55 14 23 52 24
60 27 21 50 45 60 62 34 36 57 15 19 22 36 71 25
6 8 14 8 65 49 66 9 61 53 36 39 12 28 47 41
24 59 66 66 52 37 28 26 66 24 38 31 11 62 18 41
67 8 40 29 57 63 69 23 44 8 48 21 32 40 63 36
21 10 42 27 45 60 69 37 42 68 58 47 65 20 7 45
17 18 54 70 9 39 23 69 66 59 68 20 10 11 34 22
29 6 32 14 71 22 46 58 59 69 45 52 6 66 62 28
7 29 35 50 43 11 54 17 68 29 29 24 62 27 57 42
28 9 57 35 10 49 31 4 45 43 42 42 35 64 7 4
64 50 65 20 4 13 21 12 42 51 43 28 12 30 9 23
44 56 71 70 47 9 13 18 50 37 66 43 57 29 6 23
67 49 29 42 66 19 64 71 60 33 4 50 38 58 10 56
52 31 23 45 39 44 32 65 39 23 65 64 20 65 37 26
11 34 48 20 8 37 30 68 7 42 9 51 51 42 46 67
