0 0 0 0 0 0 0 0 0 0 0 0 0 0 0 0
0 0 0 0 0 0 0 0 0 0 0 0 0 0 0 0
0 0 0 0 0 0 0 0 0 0 0 0 0 0 0 0
0 0 0 0 0 0 0 0 0 0 0 0 0 0 0 0
0 0 0 0 0 0 0 0 0 0 0 0 0 0 0 0
0 0 0 0 0 0 0 0 0 0 0 0 0 0 0 0
0 0 0 0 0 0 0 0 0 0 0 0 0 0 0 0
0 0 0 0 0 0 0 0 0 0 0 0 0 0 0 0
0 0 0 0 0 0 0 0 0 0 0 0 0 0 0 0
0 0 0 0 0 0 0 0 0 0 0 0 0 0 0 0
0 0 0 0 0 0 0 0 0 0 0 0 0 0 0 0
0 0 0 0 0 0 0 0 0 0 0 0 0 0 0 0
0 0 0 0 0 0 0 0 0 0 0 0 0 0 0 0
0 0 0 0 0 0 0 0 0 0 0 0 0 0 0 0
0 0 0 0 0 0 0 0 0 0 0 0 0 0 0 0
0 0 0 0 0 0 0 0 0 0 0 0 0 0 0 0
35 26 70 5 11 9 66 43 21 64 37 26 66 56 63 57
54 53 18 36 5 44 38 40 16 21 19 53 42 49 21 41
8 17 49 23 11 63 41 71 70 19 49 42 63 8 39 17
24 29 27 49 18 19 40 64 59 4 55 67 14 23 59 39
26 47 52 41 45 30 60 48 40 13 22 52 51 17 13 22
46 59 27 6 18 70 23 56 12 41 66 68 32 30 29 12
41 37 37 44 41 6 63 11 27 29 8 31 28 67 20 41
53 68 29 44 7 68 23 40 13 70 64 52 16 67 25 64
35 7 7 64 8 25 21 71 30 42 61 38 23 56 63 54
52 62 4 25 36 45 48 34 64 24 34 60 49 21 6 61
8 62 38 37 46 52 57 71 66 57 5 15 20 35 68 35
63 27 47 18 20 17 21 60 47 41 65 16 38 10 8 62
38 52 9 71 51 42 35 37 15 6 27 35 66 15 13 35
18 62 16 36 45 51 40 53 10 54 16 66 23 33 56 64
42 4 71 22 21 43 35 18 31 49 59 63 7 20 34 52
30 41 45 48 42 58 50 10 12 16 12 57 53 24 66 22
