0 0 0 0 0 0 0 0 0 0 0 0 0 0 0 0
0 0 0 0 0 0 0 0 0 0 0 0 0 0 0 0
0 0 0 0 0 0 0 0 0 0 0 0 0 0 0 0
0 0 0 0 0 0 0 0 0 0 0 0 0 0 0 0
0 0 0 0 0 0 0 0 0 0 0 0 0 0 0 0
0 0 0 0 0 0 0 0 0 0 0 0 0 0 0 0
0 0 0 0 0 0 0 0 0 0 0 0 0 0 0 0
0 0 0 0 0 0 0 0 0 0 0 0 0 0 0 0
0 0 0 0 0 0 0 0 0 0 0 0 0 0 0 0
0 0 0 0 0 0 0 0 0 0 0 0 0 0 0 0
0 0 0 0 0 0 0 0 0 0 0 0 0 0 0 0
0 0 0 0 0 0 0 0 0 0 0 0 0 0 0 0
0 0 0 0 0 0 0 0 0 0 0 0 0 0 0 0
0 0 0 0 0 0 0 0 0 0 0 0 0 0 0 0
0 0 0 0 0 0 0 0 0 0 0 0 0 0 0 0
0 0 0 0 0 0 0 0 0 0 0 0 0 0 0 0
43 37 30 61 17 69 45 27 53 65 34 67 26 65 13 67
39 5 45 53 39 29 40 44 26 4 14 26 47 58 4 10
28 58 63 38 17 20 29 28 29 38 24 44 24 64 51 5
40 11 15 65 37 37 33 54 60 43 58 68 66 40 56 20
50 36 5 49 32 51 15 28 30 32 15 50 18 45 5 29
35 52 32 70 48 11 69 51 33 42 60 59 21 38 60 40
5 14 41 11 42 4 28 49 18 20 13 4 61 70 63 31
30 65 57 40 65 71 25 12 45 59 26 14 58 17 43 25
13 59 45 24 12 39 51 52 67 27 33 21 30 48 6 4
60 38 67 6 49 48 68 51 4 11 36 69 45 27 8 38
50 10 35 53 12 69 67 44 44 60 54 53 64 64 12 62
43 51 26 32 25 70 62 8 18 65 15 30 33 37 47 40
37 46 38 66 69 68 4 41 67 52 19 49 50 29 58 48
49 21 17 36 19 17 63 32 26 29 35 12 5 7 51 56
63 60 57 51 10 24 34 23 14 54 71 65 20 69 36 35
21 48 41 20 25 45 66 34 30 68 57 62 57 11 19 63
