0 0 0 0 0 0 0 0 0 0 0 0 0 0 0 0
0 0 0 0 0 0 0 0 0 0 0 0 0 0 0 0
0 0 0 0 0 0 0 0 0 0 0 0 0 0 0 0
0 0 0 0 0 0 0 0 0 0 0 0 0 0 0 0
0 0 0 0 0 0 0 0 0 0 0 0 0 0 0 0
0 0 0 0 0 0 0 0 0 0 0 0 0 0 0 0
0 0 0 0 0 0 0 0 0 0 0 0 0 0 0 0
0 0 0 0 0 0 0 0 0 0 0 0 0 0 0 0
0 0 0 0 0 0 0 0 0 0 0 0 0 0 0 0
0 0 0 0 0 0 0 0 0 0 0 0 0 0 0 0
0 0 0 0 0 0 0 0 0 0 0 0 0 0 0 0
0 0 0 0 0 0 0 0 0 0 0 0 0 0 0 0
0 0 0 0 0 0 0 0 0 0 0 0 0 0 0 0
0 0 0 0 0 0 0 0 0 0 0 0 0 0 0 0
0 0 0 0 0 0 0 0 0 0 0 0 0 0 0 0
0 0 0 0 0 0 0 0 0 0 0 0 0 0 0 0
43 18 44 8 39 24 22 16 47 18 69 30 42 11 38 36
15 66 61 49 35 37 41 4 69 64 69 5 56 65 68 50
22 11 45 22 36 37 17 43 8 66 58 55 58 56 15 14
25 26 70 26 54 9 13 42 17 65 26 8 53 9 52 17
46 57 67 49 65 27 26 22 51 18 8 44 63 27 52 29
7 57 30 42 71 50 53 61 56 65 37 31 16 64 34 52
56 51 33 4 24 41 64 21 13 58 8 14 25 21 18 54
31 13 57 31 27 34 24 40 53 5 71 13 63 44 18 6
63 60 52 67 50 32 36 44 63 51 60 62 66 31 53 42
38 35 34 60 67 32 5 37 20 36 67 68 9 54 8 53
64 59 6 58 48 66 71 51 43 24 60 16 6 65 43 32
42 21 55 26 35 38 28 43 59 36 50 65 30 65 48 26
4 25 24 18 57 4 55 57 39 28 25 11 5 6 66 69
34 57 52 58 40 11 22 24 20 9 16 69 51 31 23 6
17 40 55 6 44 15 64 24 8 66 22 47 18 51 8 28
69 10 16 58 7 24 5 59 44 36 30 31 12 8 38 18
