0 0 0 0 0 0 0 0 0 0 0 0 0 0 0 0
0 0 0 0 0 0 0 0 0 0 0 0 0 0 0 0
0 0 0 0 0 0 0 0 0 0 0 0 0 0 0 0
0 0 0 0 0 0 0 0 0 0 0 0 0 0 0 0
0 0 0 0 0 0 0 0 0 0 0 0 0 0 0 0
0 0 0 0 0 0 0 0 0 0 0 0 0 0 0 0
0 0 0 0 0 0 0 0 0 0 0 0 0 0 0 0
0 0 0 0 0 0 0 0 0 0 0 0 0 0 0 0
0 0 0 0 0 0 0 0 0 0 0 0 0 0 0 0
0 0 0 0 0 0 0 0 0 0 0 0 0 0 0 0
0 0 0 0 0 0 0 0 0 0 0 0 0 0 0 0
0 0 0 0 0 0 0 0 0 0 0 0 0 0 0 0
0 0 0 0 0 0 0 0 0 0 0 0 0 0 0 0
0 0 0 0 0 0 0 0 0 0 0 0 0 0 0 0
0 0 0 0 0 0 0 0 0 0 0 0 0 0 0 0
0 0 0 0 0 0 0 0 0 0 0 0 0 0 0 0
34 22 55 32 26 62 67 6 36 68 71 7 23 36 17 20
35 26 29 16 71 57 64 71 42 23 10 14 66 50 17 32
25 23 64 57 59 55 51 4 54 28 71 6 32 36 64 40
63 40 43 37 62 28 62 26 13 58 51 43 4 56 14 49
39 63 28 49 25 50 19 25 69 43 29 61 11 27 39 52
66 46 58 60 68 71 5 48 70 66 49 27 36 21 71 22
68 55 40 60 57 35 36 24 33 20 46 49 27 9 43 45
36 12 64 31 67 63 28 68 67 59 61 41 67 31 71 19
25 69 25 24 71 16 35 57 32 57 35 71 20 14 37 25
45 9 21 49 44 61 20 54 7 56 66 43 71 25 26 6
47 68 64 63 12 29 63 8 15 61 38 39 25 19 10 49
71 24 43 42 64 61 31 25 12 36 57 54 31 25 57 17
71 51 4 18 25 15 67 12 48 18 6 32 8 40 71 48
39 35 53 50 51 16 51 32 68 32 22 63 9 34 29 70
35 38 25 17 20 18 37 21 9 8 35 32 9 22 68 60
8 8 22 19 18 5 10 45 63 21 49 31 48 32 5 36
