0 0 0 0 0 0 0 0 0 0 0 0 0 0 0 0
0 0 0 0 0 0 0 0 0 0 0 0 0 0 0 0
0 0 0 0 0 0 0 0 0 0 0 0 0 0 0 0
0 0 0 0 0 0 0 0 0 0 0 0 0 0 0 0
0 0 0 0 0 0 0 0 0 0 0 0 0 0 0 0
0 0 0 0 0 0 0 0 0 0 0 0 0 0 0 0
0 0 0 0 0 0 0 0 0 0 0 0 0 0 0 0
0 0 0 0 0 0 0 0 0 0 0 0 0 0 0 0
0 0 0 0 0 0 0 0 0 0 0 0 0 0 0 0
0 0 0 0 0 0 0 0 0 0 0 0 0 0 0 0
0 0 0 0 0 0 0 0 0 0 0 0 0 0 0 0
0 0 0 0 0 0 0 0 0 0 0 0 0 0 0 0
0 0 0 0 0 0 0 0 0 0 0 0 0 0 0 0
0 0 0 0 0 0 0 0 0 0 0 0 0 0 0 0
0 0 0 0 0 0 0 0 0 0 0 0 0 0 0 0
0 0 0 0 0 0 0 0 0 0 0 0 0 0 0 0
39 16 27 51 46 24 39 59 4 13 37 55 24 33 57 23
58 13 4 70 29 17 6 25 30 64 25 56 9 15 37 30
23 67 14 12 16 31 64 53 10 65 12 27 17 15 17 40
36 60 44 8 68 30 12 14 71 63 36 42 31 33 32 38
69 36 25 45 65 62 11 7 18 45 51 14 71 67 24 26
48 35 62 51 25 66 40 35 13 65 26 26 16 26 11 31
38 5 62 25 6 62 54 46 29 56 64 25 57 7 13 39
57 13 51 17 63 35 65 14 54 70 43 29 58 25 35 47
16 10 52 4 38 35 15 29 4 47 10 12 67 71 7 19
11 65 60 60 62 29 36 9 28 51 49 38 15 65 19 63
6 8 52 21 26 53 17 5 35 61 15 39 43 48 28 25
61 58 17 43 4 30 32 53 46 18 64 22 36 14 28 62
19 22 43 16 40 35 52 55 15 50 48 25 58 25 21 41
25 61 36 52 62 36 68 54 34 4 6 28 29 21 42 44
68 35 25 40 62 35 50 71 70 17 55 34 4 45 37 48
24 16 39 37 24 62 11 4 37 11 18 8 63 28 19 6
