0 0 0 0 0 0 0 0 0 0 0 0 0 0 0 0
0 0 0 0 0 0 0 0 0 0 0 0 0 0 0 0
0 0 0 0 0 0 0 0 0 0 0 0 0 0 0 0
0 0 0 0 0 0 0 0 0 0 0 0 0 0 0 0
0 0 0 0 0 0 0 0 0 0 0 0 0 0 0 0
0 0 0 0 0 0 0 0 0 0 0 0 0 0 0 0
0 0 0 0 0 0 0 0 0 0 0 0 0 0 0 0
0 0 0 0 0 0 0 0 0 0 0 0 0 0 0 0
0 0 0 0 0 0 0 0 0 0 0 0 0 0 0 0
0 0 0 0 0 0 0 0 0 0 0 0 0 0 0 0
0 0 0 0 0 0 0 0 0 0 0 0 0 0 0 0
0 0 0 0 0 0 0 0 0 0 0 0 0 0 0 0
0 0 0 0 0 0 0 0 0 0 0 0 0 0 0 0
0 0 0 0 0 0 0 0 0 0 0 0 0 0 0 0
0 0 0 0 0 0 0 0 0 0 0 0 0 0 0 0
0 0 0 0 0 0 0 0 0 0 0 0 0 0 0 0
4 60 13 23 8 6 69 43 9 24 17 47 60 52 62 55
17 53 26 52 40 32 13 14 21 58 17 24 40 19 63 25
8 19 16 26 57 52 43 60 24 36 20 20 33 42 13 70
47 35 25 13 8 32 66 27 56 17 17 18 51 60 34 25
16 26 37 64 52 44 63 55 61 5 71 52 30 66 18 52
66 10 33 62 6 40 21 57 21 37 23 12 40 38 9 7
70 32 29 9 71 27 33 37 38 17 50 26 66 40 39 46
12 20 41 23 32 19 52 66 44 14 33 47 67 30 12 46
36 50 68 26 46 7 8 40 35 22 9 70 43 29 26 53
44 4 8 38 70 45 28 47 70 24 54 62 43 63 68 18
29 68 44 9 10 54 45 58 66 60 42 44 23 65 68 26
28 8 70 60 50 54 63 26 54 4 6 56 41 38 5 10
17 38 20 48 49 51 8 42 42 12 30 18 67 63 14 54
34 32 62 70 56 43 69 61 4 46 21 31 47 46 30 16
64 30 63 34 33 41 47 41 31 29 34 38 19 12 57 7
8 6 32 44 28 45 16 53 57 62 23 45 34 36 17 6
