0 0 0 0 0 0 0 0 0 0 0 0 0 0 0 0
0 0 0 0 0 0 0 0 0 0 0 0 0 0 0 0
0 0 0 0 0 0 0 0 0 0 0 0 0 0 0 0
0 0 0 0 0 0 0 0 0 0 0 0 0 0 0 0
0 0 0 0 0 0 0 0 0 0 0 0 0 0 0 0
0 0 0 0 0 0 0 0 0 0 0 0 0 0 0 0
0 0 0 0 0 0 0 0 0 0 0 0 0 0 0 0
0 0 0 0 0 0 0 0 0 0 0 0 0 0 0 0
0 0 0 0 0 0 0 0 0 0 0 0 0 0 0 0
0 0 0 0 0 0 0 0 0 0 0 0 0 0 0 0
0 0 0 0 0 0 0 0 0 0 0 0 0 0 0 0
0 0 0 0 0 0 0 0 0 0 0 0 0 0 0 0
0 0 0 0 0 0 0 0 0 0 0 0 0 0 0 0
0 0 0 0 0 0 0 0 0 0 0 0 0 0 0 0
0 0 0 0 0 0 0 0 0 0 0 0 0 0 0 0
0 0 0 0 0 0 0 0 0 0 0 0 0 0 0 0
12 69 26 64 47 67 56 40 43 66 31 30 64 32 22 63
41 6 40 4 41 37 47 62 18 9 60 70 39 37 54 14
31 49 27 46 51 60 35 48 21 33 31 27 12 8 63 10
41 62 9 36 32 6 43 67 19 69 23 10 56 67 15 9
57 23 62 66 36 49 34 44 4 50 20 70 12 57 27 5
32 26 67 70 30 39 36 7 68 9 33 55 35 13 30 28
46 36 61 31 70 55 23 59 50 70 67 31 68 69 37 18
14 35 28 52 46 62 49 28 35 64 52 33 53 34 6 46
61 34 51 4 10 50 14 57 71 44 22 64 49 58 57 67
29 13 25 39 59 14 56 42 49 25 66 11 10 55 13 34
64 14 68 68 66 68 54 40 24 13 25 29 56 22 66 17
26 40 37 47 14 67 58 13 35 24 66 6 39 70 58 35
32 58 49 32 35 44 53 34 14 54 54 58 52 68 42 12
36 42 5 54 13 26 43 16 36 32 26 64 36 7 34 44
5 15 7 37 49 5 36 32 59 50 54 7 52 68 13 41
60 54 23 28 32 32 50 38 39 8 36 61 46 58 63 43
