0 0 0 0 0 0 0 0 0 0 0 0 0 0 0 0
0 0 0 0 0 0 0 0 0 0 0 0 0 0 0 0
0 0 0 0 0 0 0 0 0 0 0 0 0 0 0 0
0 0 0 0 0 0 0 0 0 0 0 0 0 0 0 0
0 0 0 0 0 0 0 0 0 0 0 0 0 0 0 0
0 0 0 0 0 0 0 0 0 0 0 0 0 0 0 0
0 0 0 0 0 0 0 0 0 0 0 0 0 0 0 0
0 0 0 0 0 0 0 0 0 0 0 0 0 0 0 0
0 0 0 0 0 0 0 0 0 0 0 0 0 0 0 0
0 0 0 0 0 0 0 0 0 0 0 0 0 0 0 0
0 0 0 0 0 0 0 0 0 0 0 0 0 0 0 0
0 0 0 0 0 0 0 0 0 0 0 0 0 0 0 0
0 0 0 0 0 0 0 0 0 0 0 0 0 0 0 0
0 0 0 0 0 0 0 0 0 0 0 0 0 0 0 0
0 0 0 0 0 0 0 0 0 0 0 0 0 0 0 0
0 0 0 0 0 0 0 0 0 0 0 0 0 0 0 0
5 29 65 59 36 49 14 18 29 49 53 53 40 51 55 44
42 30 26 65 18 40 5 4 33 29 11 13 18 45 11 60
29 20 41 36 32 30 23 16 35 22 36 9 65 7 7 7
18 54 5 33 5 17 57 44 4 64 50 69 53 27 57 38
70 7 66 50 54 17 54 23 28 27 11 20 15 32 60 23
24 14 65 36 53 64 23 31 66 29 61 11 58 45 6 4
19 17 40 13 34 16 37 12 55 51 71 26 28 27 6 27
22 42 40 40 11 23 71 41 45 22 68 43 10 55 62 44
15 67 4 10 31 26 34 33 46 4 58 49 49 67 30 41
48 69 68 51 40 19 27 38 71 17 55 23 65 16 52 67
37 5 71 44 34 56 14 52 56 5 27 60 18 8 44 67
68 7 38 32 41 67 20 51 20 35 19 39 23 4 17 24
33 10 64 41 26 20 53 18 47 5 54 63 55 45 17 41
54 58 42 46 20 54 43 41 40 22 55 18 29 39 64 37
66 37 37 51 51 56 66 67 32 8 35 50 64 9 70 10
69 37 47 71 69 24 31 71 54 20 69 13 28 32 7 19
