0 0 0 0 0 0 0 0 0 0 0 0 0 0 0 0
0 0 0 0 0 0 0 0 0 0 0 0 0 0 0 0
0 0 0 0 0 0 0 0 0 0 0 0 0 0 0 0
0 0 0 0 0 0 0 0 0 0 0 0 0 0 0 0
0 0 0 0 0 0 0 0 0 0 0 0 0 0 0 0
0 0 0 0 0 0 0 0 0 0 0 0 0 0 0 0
0 0 0 0 0 0 0 0 0 0 0 0 0 0 0 0
0 0 0 0 0 0 0 0 0 0 0 0 0 0 0 0
0 0 0 0 0 0 0 0 0 0 0 0 0 0 0 0
0 0 0 0 0 0 0 0 0 0 0 0 0 0 0 0
0 0 0 0 0 0 0 0 0 0 0 0 0 0 0 0
0 0 0 0 0 0 0 0 0 0 0 0 0 0 0 0
0 0 0 0 0 0 0 0 0 0 0 0 0 0 0 0
0 0 0 0 0 0 0 0 0 0 0 0 0 0 0 0
0 0 0 0 0 0 0 0 0 0 0 0 0 0 0 0
0 0 0 0 0 0 0 0 0 0 0 0 0 0 0 0
4 62 6 51 22 35 31 59 43 68 29 37 55 28 58 31
50 61 18 35 64 60 42 43 23 71 7 71 58 44 29 65
66 34 21 52 24 41 31 4 46 63 56 51 57 12 13 65
63 29 51 46 36 35 6 24 14 16 20 23 15 33 52 60
5 20 38 11 57 31 13 65 57 32 21 52 70 4 31 24
6 70 19 34 14 56 53 49 27 48 39 33 44 53 39 20
8 46 20 48 59 17 14 26 47 39 37 65 46 18 38 13
38 14 38 47 56 63 40 19 41 65 19 38 52 64 53 5
17 68 18 36 8 46 28 14 8 33 52 11 9 13 53 63
21 41 5 25 58 7 56 63 35 58 66 44 21 34 31 70
48 43 46 15 19 23 42 61 70 5 51 29 58 15 4 53
43 4 42 18 39 63 67 31 39 40 40 51 19 69 30 12
19 42 35 38 39 13 27 25 64 5 28 38 46 23 44 50
14 38 30 18 34 7 9 61 39 67 57 69 32 18 50 7
43 50 66 35 26 70 58 27 43 35 25 63 70 69 47 39
49 16 62 28 31 13 71 69 25 34 66 5 4 62 7 39
