0 0 0 0 0 0 0 0 0 0 0 0 0 0 0 0
0 0 0 0 0 0 0 0 0 0 0 0 0 0 0 0
0 0 0 0 0 0 0 0 0 0 0 0 0 0 0 0
0 0 0 0 0 0 0 0 0 0 0 0 0 0 0 0
0 0 0 0 0 0 0 0 0 0 0 0 0 0 0 0
0 0 0 0 0 0 0 0 0 0 0 0 0 0 0 0
0 0 0 0 0 0 0 0 0 0 0 0 0 0 0 0
0 0 0 0 0 0 0 0 0 0 0 0 0 0 0 0
0 0 0 0 0 0 0 0 0 0 0 0 0 0 0 0
0 0 0 0 0 0 0 0 0 0 0 0 0 0 0 0
0 0 0 0 0 0 0 0 0 0 0 0 0 0 0 0
0 0 0 0 0 0 0 0 0 0 0 0 0 0 0 0
0 0 0 0 0 0 0 0 0 0 0 0 0 0 0 0
0 0 0 0 0 0 0 0 0 0 0 0 0 0 0 0
0 0 0 0 0 0 0 0 0 0 0 0 0 0 0 0
0 0 0 0 0 0 0 0 0 0 0 0 0 0 0 0
10 56 54 63 59 47 11 49 16 54 51 51 48 40 56 34
55 9 46 36 44 18 49 7 31 24 60 13 36 51 39 64
44 16 19 50 50 38 20 34 6 50 18 55 55 49 18 31
70 33 13 61 65 47 38 18 21 6 71 59 52 16 6 42
64 13 22 28 41 20 6 25 14 18 37 39 50 12 49 46
70 39 35 39 31 49 39 5 19 46 24 4 64 56 42 9
30 61 32 6 30 21 10 66 61 7 30 53 64 58 27 68
54 53 63 45 12 4 50 10 51 18 6 41 67 33 17 50
25 28 50 32 22 38 4 44 56 13 21 45 27 35 4 39
60 67 42 31 32 54 31 8 59 58 36 43 17 19 55 7
15 47 55 63 30 41 19 32 16 8 61 45 59 6 4 21
44 11 64 14 46 30 15 62 9 55 55 47 63 5 59 45
12 51 42 56 46 46 41 69 28 30 54 24 64 7 31 52
68 64 31 50 5 57 54 26 58 20 48 46 49 21 45 8
43 37 5 44 63 67 12 35 56 51 54 41 50 35 40 37
36 43 51 45 45 14 65 25 9 16 15 44 44 40 22 47
