0 0 0 0 0 0 0 0 0 0 0 0 0 0 0 0
0 0 0 0 0 0 0 0 0 0 0 0 0 0 0 0
0 0 0 0 0 0 0 0 0 0 0 0 0 0 0 0
0 0 0 0 0 0 0 0 0 0 0 0 0 0 0 0
0 0 0 0 0 0 0 0 0 0 0 0 0 0 0 0
0 0 0 0 0 0 0 0 0 0 0 0 0 0 0 0
0 0 0 0 0 0 0 0 0 0 0 0 0 0 0 0
0 0 0 0 0 0 0 0 0 0 0 0 0 0 0 0
0 0 0 0 0 0 0 0 0 0 0 0 0 0 0 0
0 0 0 0 0 0 0 0 0 0 0 0 0 0 0 0
0 0 0 0 0 0 0 0 0 0 0 0 0 0 0 0
0 0 0 0 0 0 0 0 0 0 0 0 0 0 0 0
0 0 0 0 0 0 0 0 0 0 0 0 0 0 0 0
0 0 0 0 0 0 0 0 0 0 0 0 0 0 0 0
0 0 0 0 0 0 0 0 0 0 0 0 0 0 0 0
0 0 0 0 0 0 0 0 0 0 0 0 0 0 0 0
71 38 67 45 57 51 36 34 66 9 20 28 13 64 27 71
68 54 41 4 47 5 12 56 42 19 59 8 5 45 62 58
19 56 46 51 11 5 69 50 54 52 4 49 70 66 30 22
65 34 62 70 48 25 11 68 35 57 7 14 28 62 12 14
42 31 37 24 39 27 38 13 15 39 36 7 23 59 48 52
42 47 59 6 66 33 53 60 11 32 33 29 12 26 36 20
12 62 36 25 38 63 66 56 16 37 41 61 57 16 49 64
49 27 28 45 43 15 21 25 29 39 13 48 47 56 50 32
32 68 28 29 27 32 6 36 60 69 9 28 30 53 34 58
11 57 22 51 17 58 21 56 7 61 34 51 48 42 55 46
60 38 57 68 24 55 47 17 7 70 26 64 49 37 30 8
63 10 43 66 49 10 44 49 49 40 10 22 21 44 64 44
23 25 51 55 8 23 10 38 57 25 68 40 65 42 31 16
29 13 45 55 23 56 4 60 62 36 52 67 59 43 37 59
27 39 60 15 33 19 63 13 63 62 35 68 5 51 41 40
30 34 6 24 70 38 27 61 43 21 20 22 43 14 7 15
