0 0 0 0 0 0 0 0 0 0 0 0 0 0 0 0
0 0 0 0 0 0 0 0 0 0 0 0 0 0 0 0
0 0 0 0 0 0 0 0 0 0 0 0 0 0 0 0
0 0 0 0 0 0 0 0 0 0 0 0 0 0 0 0
0 0 0 0 0 0 0 0 0 0 0 0 0 0 0 0
0 0 0 0 0 0 0 0 0 0 0 0 0 0 0 0
0 0 0 0 0 0 0 0 0 0 0 0 0 0 0 0
0 0 0 0 0 0 0 0 0 0 0 0 0 0 0 0
0 0 0 0 0 0 0 0 0 0 0 0 0 0 0 0
0 0 0 0 0 0 0 0 0 0 0 0 0 0 0 0
0 0 0 0 0 0 0 0 0 0 0 0 0 0 0 0
0 0 0 0 0 0 0 0 0 0 0 0 0 0 0 0
0 0 0 0 0 0 0 0 0 0 0 0 0 0 0 0
0 0 0 0 0 0 0 0 0 0 0 0 0 0 0 0
0 0 0 0 0 0 0 0 0 0 0 0 0 0 0 0
0 0 0 0 0 0 0 0 0 0 0 0 0 0 0 0
18 24 43 70 8 18 14 26 31 54 68 7 70 32 44 63
12 52 7 44 9 39 19 23 46 8 43 58 56 49 56 38
24 9 61 36 62 34 31 41 14 41 39 16 16 47 48 31
25 66 55 56 68 41 14 34 21 17 28 53 14 30 28 18
32 68 71 19 41 16 31 23 34 15 6 12 23 46 6 15
16 24 29 41 44 29 54 47 33 43 63 60 56 14 52 41
65 37 41 22 71 11 36 29 35 64 45 32 42 26 69 60
16 21 58 37 33 71 46 59 18 54 32 34 52 53 60 9
52 34 60 42 24 40 62 29 42 53 64 64 9 21 37 42
55 31 45 52 28 12 47 61 30 18 5 44 5 50 54 6
17 11 50 43 57 25 11 57 12 51 26 49 39 54 11 15
38 56 43 46 24 25 50 69 45 19 43 57 6 56 24 23
51 44 45 49 4 70 35 34 38 57 43 4 34 65 14 33
11 32 32 21 7 16 63 44 42 17 26 12 46 54 47 11
44 67 49 58 67 42 11 49 29 33 38 14 32 24 50 24
20 50 36 6 44 60 52 54 46 57 59 47 65 57 32 66
