0 0 0 0 0 0 0 0 0 0 0 0 0 0 0 0
0 0 0 0 0 0 0 0 0 0 0 0 0 0 0 0
0 0 0 0 0 0 0 0 0 0 0 0 0 0 0 0
0 0 0 0 0 0 0 0 0 0 0 0 0 0 0 0
0 0 0 0 0 0 0 0 0 0 0 0 0 0 0 0
0 0 0 0 0 0 0 0 0 0 0 0 0 0 0 0
0 0 0 0 0 0 0 0 0 0 0 0 0 0 0 0
0 0 0 0 0 0 0 0 0 0 0 0 0 0 0 0
0 0 0 0 0 0 0 0 0 0 0 0 0 0 0 0
0 0 0 0 0 0 0 0 0 0 0 0 0 0 0 0
0 0 0 0 0 0 0 0 0 0 0 0 0 0 0 0
0 0 0 0 0 0 0 0 0 0 0 0 0 0 0 0
0 0 0 0 0 0 0 0 0 0 0 0 0 0 0 0
0 0 0 0 0 0 0 0 0 0 0 0 0 0 0 0
0 0 0 0 0 0 0 0 0 0 0 0 0 0 0 0
0 0 0 0 0 0 0 0 0 0 0 0 0 0 0 0
24 7 27 69 14 46 62 50 61 19 66 22 66 6 22 61
6 56 34 6 68 39 42 13 55 42 42 47 71 55 20 26
57 26 41 12 48 59 67 4 28 46 37 24 58 69 65 5
65 32 28 68 66 15 61 65 27 49 52 51 31 49 59 62
33 10 14 10 20 7 7 24 7 51 18 7 63 5 15 34
4 12 9 15 60 58 18 60 57 63 24 55 30 30 16 70
34 44 68 69 70 64 62 40 27 12 35 37 52 11 11 66
29 29 43 23 10 49 50 32 62 58 30 34 40 50 70 44
9 20 11 8 12 27 68 43 65 36 11 12 7 62 50 13
62 33 26 49 65 52 64 22 59 58 69 16 12 43 69 24
43 29 36 54 44 71 61 20 23 58 69 23 60 11 56 43
12 7 33 64 15 14 69 71 12 60 70 41 28 33 23 17
39 35 39 42 46 34 21 50 35 36 63 41 22 26 55 55
30 66 60 70 38 59 39 48 5 37 42 29 12 8 66 8
59 47 13 11 20 42 63 52 71 43 68 53 7 63 6 53
56 6 58 37 65 21 27 60 40 23 43 50 13 42 64 47
