0 0 0 0 0 0 0 0 0 0 0 0 0 0 0 0
0 0 0 0 0 0 0 0 0 0 0 0 0 0 0 0
0 0 0 0 0 0 0 0 0 0 0 0 0 0 0 0
0 0 0 0 0 0 0 0 0 0 0 0 0 0 0 0
0 0 0 0 0 0 0 0 0 0 0 0 0 0 0 0
0 0 0 0 0 0 0 0 0 0 0 0 0 0 0 0
0 0 0 0 0 0 0 0 0 0 0 0 0 0 0 0
0 0 0 0 0 0 0 0 0 0 0 0 0 0 0 0
0 0 0 0 0 0 0 0 0 0 0 0 0 0 0 0
0 0 0 0 0 0 0 0 0 0 0 0 0 0 0 0
0 0 0 0 0 0 0 0 0 0 0 0 0 0 0 0
0 0 0 0 0 0 0 0 0 0 0 0 0 0 0 0
0 0 0 0 0 0 0 0 0 0 0 0 0 0 0 0
0 0 0 0 0 0 0 0 0 0 0 0 0 0 0 0
0 0 0 0 0 0 0 0 0 0 0 0 0 0 0 0
0 0 0 0 0 0 0 0 0 0 0 0 0 0 0 0
41 62 6 54 62 43 9 21 69 42 63 43 31 69 54 47
47 27 58 64 22 16 65 46 59 8 63 4 43 43 26 37
16 65 29 29 44 50 17 55 64 46 7 45 23 67 28 35
51 45 10 52 51 42 20 21 34 15 57 34 45 9 43 40
10 61 6 10 36 16 54 17 13 15 8 68 46 41 57 26
14 9 37 11 8 35 38 46 22 32 19 38 55 40 7 39
4 4 52 25 14 42 8 55 11 11 42 14 27 39 4 43
42 28 43 29 9 13 64 37 17 47 41 68 12 66 24 68
48 66 37 25 34 47 40 57 18 68 40 23 43 30 24 4
45 12 63 40 14 62 34 43 10 53 24 45 62 44 52 60
68 30 45 41 59 68 38 16 22 70 27 61 29 39 36 36
54 53 62 62 57 4 51 16 25 19 6 11 56 71 32 29
17 50 33 20 68 16 23 51 67 50 32 18 32 28 27 6
66 28 14 16 11 55 31 56 69 66 26 61 53 12 30 38
56 19 23 28 21 68 9 10 59 63 65 62 68 12 54 9
11 26 63 34 61 43 37 40 57 71 21 70 17 8 40 13
