0 1 1 0 0 1 0 1 0 1 1 1 0 1 1 1
0 1 0 1 0 0 0 1 0 0 1 0 1 1 1 0
0 1 1 0 0 1 1 0 0 1 0 0 0 1 1 1
1 1 1 1 1 1 0 1 1 1 0 1 1 0 0 0
1 1 1 1 0 0 0 0 1 0 0 0 0 0 1 1
1 0 0 1 0 0 0 0 0 1 1 1 1 0 1 0
1 1 0 1 0 1 1 1 0 1 0 0 1 1 0 0
0 0 1 0 0 0 0 0 0 1 0 0 1 1 1 1
0 1 0 0 1 1 0 0 0 0 1 0 0 1 0 0
0 1 1 0 0 1 1 0 0 0 1 1 0 1 1 1
0 0 0 1 1 1 1 1 1 1 0 1 0 0 0 0
0 0 0 0 0 1 1 1 1 1 1 1 0 1 1 0
0 1 0 1 0 1 0 1 1 0 0 0 1 1 0 1
0 0 1 1 0 1 1 1 1 0 0 0 0 0 1 0
1 0 1 1 0 0 0 0 0 0 0 0 1 0 0 1
0 1 0 1 1 0 1 1 1 1 0 0 1 0 1 1
70 71 31 13 65 32 45 39 38 64 36 8 58 59 7 71
70 19 61 16 17 17 50 52 10 70 32 22 60 7 59 21
30 24 44 61 61 60 12 66 66 15 22 25 26 71 12 16
12 63 56 71 12 28 66 56 16 24 66 39 16 22 21 70
44 60 68 44 22 53 53 53 24 18 69 18 18 29 32 32
68 53 69 23 13 38 29 29 29 7 51 7 51 42 39 18
63 51 69 64 69 51 28 28 25 35 25 58 8 44 14 49
49 14 40 25 6 57 21 41 42 56 6 57 40 40 20 36
21 36 57 58 60 8 10 49 49 42 40 62 62 48 42 13
61 68 56 62 13 11 28 65 65 65 8 47 17 43 64 19
26 26 26 15 64 11 68 59 48 48 9 48 9 37 14 17
14 37 41 37 9 23 19 19 63 23 20 20 41 31 63 38
58 59 38 67 9 31 62 23 20 54 54 57 52 67 37 52
41 34 67 67 30 35 31 47 35 33 30 34 50 33 35 34
36 45 47 47 10 50 6 50 30 45 6 10 11 45 54 52
54 24 46 15 55 46 55 27 43 55 34 33 27 46 55 39
