0 0 1 0 0 1 0 0 1 0 1 0 0 0 0 0
0 0 1 1 0 0 1 0 0 1 0 0 0 0 0 0
1 1 0 1 0 1 0 1 1 0 1 1 0 0 1 1
0 1 0 1 0 0 0 0 0 1 0 0 0 0 0 1
1 1 1 0 0 1 0 1 1 1 1 0 0 1 1 1
1 0 0 1 1 0 1 1 1 0 1 1 1 0 0 0
1 1 1 0 1 0 0 0 0 1 1 1 1 1 0 1
1 0 0 0 0 0 1 0 0 1 0 1 1 0 0 0
1 1 1 0 0 0 1 0 1 1 0 1 1 0 0 1
0 0 1 1 1 0 1 1 0 1 1 0 1 1 1 1
1 1 1 0 0 1 0 1 1 1 0 1 1 0 1 0
1 1 0 0 1 1 1 0 1 1 1 1 0 0 1 1
1 1 0 0 1 0 0 1 0 1 0 1 0 0 0 1
1 0 0 1 0 0 1 1 1 0 0 0 1 0 0 0
0 1 0 1 0 0 0 1 1 1 0 1 0 0 1 1
0 0 0 0 0 1 1 1 1 0 1 1 1 0 1 1
10 69 52 53 53 27 66 30 8 45 71 57 54 41 21 38
26 6 63 27 54 41 51 17 50 67 29 37 57 25 21 21
24 7 9 68 6 16 50 59 16 45 16 16 22 18 43 52
70 63 45 68 45 22 37 37 22 60 50 66 38 53 21 51
43 51 51 41 54 24 61 28 24 35 12 37 22 23 24 67
67 61 69 31 27 46 40 19 28 14 27 40 32 58 17 18
60 40 12 14 60 14 38 41 46 48 20 28 7 60 6 12
23 14 62 65 50 69 68 65 46 8 53 36 15 62 65 26
52 20 67 18 62 30 52 49 68 12 17 71 32 70 38 36
18 46 36 63 56 25 31 15 69 15 44 42 31 8 48 28
15 32 59 17 29 32 49 47 59 63 54 64 35 26 44 30
8 23 13 10 47 44 55 34 40 47 44 64 6 13 71 11
64 64 26 34 36 34 10 47 30 48 49 55 66 49 33 31
59 34 65 11 42 58 11 11 48 66 33 29 7 57 10 42
42 55 33 35 33 62 61 55 35 23 13 7 25 13 71 39
61 25 70 57 29 19 43 19 39 70 56 20 19 58 20 39
