2 2 5 6 3 7 7 7 3 4 3 7 4 0 0 7
7 4 0 6 0 2 0 0 0 5 2 7 6 6 5 6
5 3 6 3 7 2 1 2 1 5 5 5 7 4 6 1
6 4 1 1 5 3 0 1 0 7 0 3 2 5 3 0
3 6 5 4 5 1 5 5 1 3 5 5 4 4 6 1
0 7 3 3 6 3 3 4 2 3 4 0 0 1 4 4
6 2 6 2 2 1 2 1 0 2 1 1 1 4 3 7
7 5 5 0 2 2 2 2 4 2 7 2 4 6 4 3
5 3 3 2 5 4 3 3 6 7 6 4 4 5 6 3
2 5 3 3 6 4 4 4 2 0 4 6 5 3 3 1
3 3 3 2 1 2 1 1 1 2 1 0 2 2 1 4
1 1 1 1 6 1 5 7 5 1 4 4 6 6 5 4
4 6 0 0 4 1 4 3 6 4 1 3 7 7 3 3
7 0 6 0 2 0 2 3 1 4 3 6 2 3 7 1
4 1 1 4 0 2 7 1 2 7 1 7 7 5 5 7
7 7 5 0 5 5 0 0 0 4 0 7 7 7 2 0
60 38 63 44 29 14 14 14 51 30 39 14 62 46 4 14
14 62 58 54 46 60 46 4 26 43 50 45 54 44 43 54
53 7 44 19 45 28 16 28 16 31 31 31 55 62 34 16
22 62 59 59 12 29 15 16 15 35 4 39 38 53 39 4
39 22 12 62 12 16 12 12 16 61 12 63 30 62 34 37
26 23 61 61 13 61 61 42 18 19 42 58 58 5 42 20
54 60 54 60 60 47 60 47 4 18 47 47 47 20 29 23
23 21 53 26 6 6 6 6 42 6 55 6 42 22 20 29
21 29 29 18 21 30 7 51 44 23 44 30 20 21 44 51
18 21 7 7 13 8 30 30 18 26 8 13 31 7 7 59
51 51 51 28 5 28 5 59 59 18 37 4 28 28 37 52
59 37 5 37 22 5 63 35 63 5 52 52 22 22 63 52
20 13 26 26 52 27 52 61 13 8 37 19 23 23 39 19
35 58 54 58 50 58 50 39 47 8 19 13 50 19 35 27
42 27 27 20 36 50 55 27 50 35 27 55 55 63 53 55
35 45 53 15 21 53 36 46 36 8 36 45 45 45 38 46
