0 4 3 2 2 2 2 0 2 2 3 3 3 3 1 1
0 0 5 0 0 4 4 3 4 4 5 1 1 1 4 4
3 7 0 3 6 5 0 1 5 1 1 1 1 2 1 3
1 1 5 0 5 1 1 1 1 1 7 6 0 7 5 3
7 2 2 6 2 3 2 5 6 1 1 4 4 3 5 2
6 5 7 5 5 7 6 2 7 3 1 6 1 6 3 0
5 0 4 5 5 6 7 1 7 5 6 1 1 3 7 1
3 7 3 7 4 3 4 4 5 4 7 7 0 6 6 2
2 0 5 2 0 0 1 0 0 3 0 2 2 2 1 2
3 4 2 3 6 0 7 0 5 7 4 7 0 5 3 3
3 3 3 4 4 0 4 4 4 0 3 3 4 2 3 1
6 0 2 4 6 3 0 7 5 2 7 4 4 5 5 1
5 7 5 6 2 6 2 7 5 1 6 6 4 6 1 6
0 0 3 7 2 0 6 0 0 2 2 4 2 5 4 0
4 3 0 2 1 2 5 0 1 5 1 5 6 4 5 6
0 2 7 5 6 3 5 6 4 1 6 5 7 2 3 6
4 8 7 6 6 6 6 4 6 6 7 7 7 7 5 5
4 4 21 4 4 8 8 7 52 52 43 59 5 5 8 8
61 14 15 19 13 21 46 27 21 27 59 27 5 60 59 19
16 27 63 36 12 5 37 37 16 37 23 13 15 23 21 19
23 18 18 22 60 61 28 21 22 16 16 30 30 29 12 18
34 21 35 53 53 35 54 60 35 39 27 54 47 34 39 46
63 58 42 63 63 54 14 59 14 63 54 59 59 39 14 37
39 14 39 14 30 39 30 30 63 42 55 35 15 34 54 38
38 15 43 18 26 26 37 46 46 51 15 60 18 18 37 60
61 8 60 61 13 26 23 36 43 23 42 23 36 43 61 61
51 51 51 52 52 58 52 30 42 36 51 51 52 50 19 27
34 36 38 42 44 19 36 55 43 50 55 62 62 12 12 16
12 35 12 34 38 34 38 35 43 47 22 44 42 54 47 44
46 58 19 55 50 58 22 26 26 28 50 20 50 31 20 26
62 29 58 38 47 50 31 58 47 31 47 31 44 62 31 22
46 28 55 31 44 29 53 44 62 16 22 53 55 28 29 13
