0 4 3 2 2 2 2 2 2 0 3 3 3 3 1 1
0 0 0 1 1 0 7 4 3 3 3 3 3 6 0 3
7 1 5 0 6 5 0 6 0 0 6 2 7 6 5 1
5 2 2 7 5 1 6 2 2 3 6 3 2 3 5 4
5 6 5 4 3 4 1 3 7 0 7 7 6 7 7 7
6 4 4 7 1 5 5 5 7 7 1 4 3 4 3 1
5 3 2 1 3 3 7 2 1 2 2 2 1 5 1 5
1 7 4 2 5 2 3 1 4 4 4 1 3 5 4 2
1 7 5 1 4 5 5 2 5 6 2 1 0 6 5 0
5 6 0 0 6 5 1 0 0 0 0 0 1 2 2 3
7 6 5 3 0 6 4 4 1 0 0 3 5 1 3 5
5 6 6 4 3 3 0 3 4 7 6 0 0 5 4 4
4 4 4 3 4 3 7 3 4 5 6 7 7 7 1 1
0 1 1 1 5 0 1 7 1 1 1 2 0 7 4 6
4 0 4 4 1 2 3 3 2 2 3 0 2 2 5 4
7 7 6 6 7 6 7 6 0 6 6 6 2 7 2 2
4 8 7 6 6 6 6 6 6 4 7 7 7 7 5 5
4 4 4 5 5 4 14 8 7 61 61 61 61 13 46 61
14 16 12 15 13 12 15 13 15 15 13 18 23 13 21 16
12 18 18 23 21 16 22 18 18 19 22 19 18 19 21 20
43 22 63 20 19 62 27 39 14 58 23 23 22 23 14 14
44 42 42 23 59 53 53 53 35 35 27 42 39 42 39 16
63 29 28 27 29 29 35 28 27 28 28 28 59 31 59 63
5 35 8 28 31 60 19 27 8 8 20 59 19 31 20 60
59 35 31 5 8 63 63 60 63 54 60 59 26 54 12 26
31 54 58 46 13 31 27 36 26 26 26 26 47 60 60 61
35 54 12 51 36 54 52 30 16 15 15 51 53 16 51 53
53 54 44 62 51 51 36 51 52 14 44 36 36 12 30 52
30 30 30 29 30 29 55 29 62 21 22 55 55 55 37 37
46 47 47 37 21 58 47 55 37 37 37 38 46 55 62 44
62 58 42 42 47 38 39 39 38 38 39 36 38 38 21 62
45 45 34 22 45 34 45 34 58 34 34 34 50 45 50 50
