0 4 3 2 2 2 3 3 1 0 2 0 1 3 0 2
0 0 2 1 1 3 3 4 1 4 1 5 4 6 4 7
0 0 6 1 1 7 6 1 1 4 1 6 1 6 1 1
5 6 1 3 7 4 0 6 1 0 6 0 5 7 5 7
7 3 0 5 5 6 2 3 6 0 1 6 6 1 5 7
6 3 5 7 6 4 4 2 3 5 7 7 6 5 2 0
3 0 3 1 2 2 2 7 6 4 0 0 7 7 6 0
7 7 6 2 3 3 3 0 0 2 4 2 1 3 4 6
4 5 3 2 5 6 5 2 5 3 3 3 3 3 3 3
3 6 2 5 3 6 5 4 2 7 4 4 0 2 2 2
3 4 3 4 7 6 2 4 2 6 2 4 4 1 6 1
1 4 3 4 6 7 0 0 4 0 6 0 0 7 7 7
2 3 0 3 3 6 7 2 2 3 7 7 2 0 5 0
0 5 4 4 2 7 4 4 5 0 4 4 4 4 2 5
5 5 5 2 5 2 5 1 2 1 1 0 1 5 2 5
0 7 5 1 0 1 5 6 0 6 5 1 0 1 1 1
4 8 7 6 6 6 7 7 5 4 6 4 5 7 4 6
4 4 6 5 5 7 7 8 5 8 5 12 8 13 8 14
15 15 13 16 16 35 22 37 37 8 37 44 37 13 37 16
12 13 16 39 14 42 15 13 16 15 13 15 12 14 21 14
14 39 15 21 12 44 28 39 22 58 16 22 22 37 12 14
44 19 21 23 22 52 52 60 39 12 55 55 44 21 28 46
39 58 39 27 28 28 28 23 22 42 58 58 23 23 44 58
23 35 54 18 19 19 19 58 36 60 20 60 27 51 20 34
20 53 61 28 21 44 21 60 53 61 51 51 61 51 19 51
61 34 60 63 19 34 53 42 60 23 42 62 36 18 18 18
61 52 61 52 35 54 18 30 38 54 18 30 30 47 54 27
59 42 29 42 54 55 26 26 62 26 54 36 36 35 35 45
38 29 26 29 29 34 55 50 50 51 55 55 38 46 43 46
46 63 62 62 50 35 62 62 43 46 30 30 52 52 38 43
43 63 63 38 43 38 43 59 50 59 27 46 59 63 50 63
26 45 53 47 26 47 53 34 36 34 53 47 36 47 59 47
