0 4 3 2 2 2 3 3 1 0 2 0 1 3 0 2
0 0 2 1 1 3 3 4 1 4 1 1 1 7 1 5
6 1 5 6 1 5 1 6 4 4 6 3 3 7 6 5
5 6 6 3 5 3 0 5 5 7 0 0 0 0 5 0
5 1 3 4 2 4 6 5 6 0 0 5 3 6 1 7
3 2 2 2 2 2 2 2 7 6 1 4 1 2 3 1
3 5 4 3 3 5 7 6 7 2 7 0 7 2 7 0
0 6 1 1 3 3 1 1 1 4 4 6 5 3 6 6
2 7 5 5 5 0 6 5 0 2 2 4 1 1 6 3
3 4 1 7 6 0 5 3 7 1 6 2 1 4 2 7
4 5 4 7 2 5 7 4 1 5 5 1 3 1 2 1
7 0 0 3 5 7 4 5 5 7 7 5 3 5 5 4
4 4 1 7 4 4 7 1 4 5 6 5 4 6 5 2
5 2 5 0 0 0 2 0 2 6 0 2 2 6 6 2
4 4 0 0 6 7 0 2 4 6 2 4 4 7 5 4
3 7 3 4 4 4 7 7 0 7 7 2 0 0 3 0
4 8 7 6 6 6 7 7 5 4 6 4 5 7 4 6
4 4 6 5 5 7 7 8 5 8 5 16 16 14 16 12
22 16 12 13 16 12 16 13 52 52 22 61 61 45 13 12
12 13 13 19 21 19 15 21 21 55 58 15 58 15 21 15
43 59 29 8 38 20 22 21 22 58 15 43 39 44 37 23
61 28 28 60 60 28 28 28 35 44 37 62 37 60 39 59
19 21 52 39 29 63 14 13 14 28 14 58 14 38 14 58
58 34 27 27 39 61 37 27 37 8 20 54 63 19 22 22
50 23 53 53 53 15 54 53 46 38 18 42 47 47 44 19
61 42 47 35 34 36 43 19 23 37 54 38 27 8 60 35
62 31 62 23 38 31 35 30 59 63 53 27 39 47 38 27
35 36 36 39 53 23 30 31 63 23 35 31 61 31 63 30
30 20 47 55 30 62 55 47 30 63 54 31 42 54 43 18
43 18 43 46 46 46 60 36 18 34 46 50 50 34 34 50
42 62 46 36 34 45 26 60 62 54 18 52 52 45 12 20
29 45 51 20 42 42 45 55 36 55 55 18 26 26 51 26
