0 4 3 2 2 2 2 2 2 0 3 3 3 3 1 1
0 0 0 1 0 1 3 5 1 1 5 1 2 7 1 3
0 3 1 3 0 5 4 4 4 4 6 6 5 6 5 0
0 0 5 2 5 2 2 1 6 7 6 0 3 1 5 6
0 3 6 6 7 7 6 0 5 0 7 1 7 1 0 7
7 1 4 7 4 3 7 0 3 2 3 0 6 4 7 2
4 4 7 5 1 1 2 7 0 0 6 0 2 3 1 6
0 0 4 2 4 4 5 1 6 4 0 1 3 3 2 7
1 7 2 2 2 4 3 2 2 7 2 7 0 7 0 7
7 0 0 7 5 1 1 1 2 1 1 5 5 5 2 3
7 5 1 5 7 5 5 5 2 6 5 1 1 1 6 1
4 6 2 4 2 1 0 5 5 4 6 4 6 6 0 4
3 6 3 3 3 4 4 5 3 5 1 3 4 1 1 3
5 6 3 7 2 2 2 7 7 7 4 0 7 0 3 0
0 6 3 4 0 3 3 0 3 4 3 4 3 3 2 7
5 7 6 4 5 2 4 2 6 4 5 6 5 5 4 2
4 8 7 6 6 6 6 6 6 4 7 7 7 7 5 5
4 4 4 5 4 5 7 21 5 5 31 16 60 23 16 61
46 61 59 61 46 12 62 62 8 8 13 13 12 13 12 15
15 15 12 18 12 18 18 16 22 55 22 26 61 16 21 22
15 39 13 13 14 14 13 15 12 15 45 16 14 27 26 14
45 16 42 14 52 19 23 58 61 28 61 58 34 42 14 18
52 52 23 21 37 37 18 23 26 46 44 26 60 19 59 22
26 26 8 28 20 8 53 27 22 8 46 59 19 19 28 35
59 35 28 18 60 30 19 60 28 23 60 45 58 35 58 23
45 58 58 35 63 37 27 47 38 59 59 31 31 43 60 19
35 53 37 53 35 63 63 63 38 54 63 47 47 47 54 27
62 54 38 62 28 47 46 31 63 52 54 52 54 54 46 52
29 22 39 29 29 62 62 53 51 53 37 51 42 37 47 51
53 34 51 45 38 38 38 55 55 55 30 36 45 36 51 36
36 44 39 42 36 29 39 36 39 20 39 42 29 29 50 55
43 55 44 20 21 50 42 50 44 20 21 44 43 21 20 50
