0 0 0 0 0 0 0 0 0 0 0 0 0 0 0 0
0 0 0 0 0 0 0 0 0 0 0 0 0 0 0 0
0 0 0 0 0 0 0 0 0 0 0 0 0 0 0 0
0 0 0 0 0 0 0 0 0 0 0 0 0 0 0 0
0 0 0 0 0 0 0 0 0 0 0 0 0 0 0 0
0 0 0 0 0 0 0 0 0 0 0 0 0 0 0 0
0 0 0 0 0 0 0 0 0 0 0 0 0 0 0 0
0 0 0 0 0 0 0 0 0 0 0 0 0 0 0 0
0 0 0 0 0 0 0 0 0 0 0 0 0 0 0 0
0 0 0 0 0 0 0 0 0 0 0 0 0 0 0 0
0 0 0 0 0 0 0 0 0 0 0 0 0 0 0 0
0 0 0 0 0 0 0 0 0 0 0 0 0 0 0 0
0 0 0 0 0 0 0 0 0 0 0 0 0 0 0 0
0 0 0 0 0 0 0 0 0 0 0 0 0 0 0 0
0 0 0 0 0 0 0 0 0 0 0 0 0 0 0 0
0 0 0 0 0 0 0 0 0 0 0 0 0 0 0 0
59 20 35 57 7 32 44 27 8 11 13 30 24 7 20 60
6 30 35 42 32 60 51 57 4 42 32 39 60 31 18 27
5 36 36 19 40 71 40 6 33 62 22 62 10 62 47 5
5 5 43 34 34 34 22 62 30 34 58 71 46 30 21 70
23 31 25 21 29 25 27 38 22 64 15 71 22 68 38 65
68 42 65 65 65 52 52 25 61 25 37 42 49 29 21 64
60 26 58 64 56 56 24 51 26 12 28 58 49 48 56 61
48 26 71 17 20 57 61 12 32 18 19 6 52 29 13 29
16 24 52 18 14 14 57 51 58 7 44 26 44 63 12 12
36 20 36 63 13 21 28 59 31 31 33 13 56 18 16 28
33 66 53 23 41 53 49 9 47 54 27 46 15 47 46 9
59 68 38 24 44 49 41 48 63 23 40 43 61 51 14 7
64 48 38 59 40 50 69 69 37 28 37 70 66 50 39 50
70 63 54 54 54 70 46 50 14 39 69 43 43 66 66 53
41 53 35 67 68 10 67 67 4 4 69 10 39 45 35 33
45 45 4 15 47 55 10 67 45 55 55 55 11 8 19 19
