0 0 0 0 0 0 0 0 0 0 0 0 0 0 0 0
0 0 0 0 0 0 0 0 0 0 0 0 0 0 0 0
0 0 0 0 0 0 0 0 0 0 0 0 0 0 0 0
0 0 0 0 0 0 0 0 0 0 0 0 0 0 0 0
0 0 0 0 0 0 0 0 0 0 0 0 0 0 0 0
0 0 0 0 0 0 0 0 0 0 0 0 0 0 0 0
0 0 0 0 0 0 0 0 0 0 0 0 0 0 0 0
0 0 0 0 0 0 0 0 0 0 0 0 0 0 0 0
0 0 0 0 0 0 0 0 0 0 0 0 0 0 0 0
0 0 0 0 0 0 0 0 0 0 0 0 0 0 0 0
0 0 0 0 0 0 0 0 0 0 0 0 0 0 0 0
0 0 0 0 0 0 0 0 0 0 0 0 0 0 0 0
0 0 0 0 0 0 0 0 0 0 0 0 0 0 0 0
0 0 0 0 0 0 0 0 0 0 0 0 0 0 0 0
0 0 0 0 0 0 0 0 0 0 0 0 0 0 0 0
0 0 0 0 0 0 0 0 0 0 0 0 0 0 0 0
43 49 57 28 26 68 68 13 18 48 24 21 45 9 64 64
13 60 56 27 60 60 48 52 17 38 41 48 67 56 65 13
45 9 24 19 56 39 60 65 16 52 48 45 26 62 58 16
19 59 45 10 47 13 66 10 5 55 50 67 30 53 30 30
55 59 47 59 51 55 47 46 22 33 33 10 22 62 24 69
68 42 68 24 4 42 28 7 4 34 34 28 47 42 4 64
4 34 50 6 55 54 57 23 57 12 50 18 65 9 65 35
42 18 62 62 25 59 69 28 37 32 30 10 32 32 20 29
16 11 57 23 9 54 25 25 18 38 8 11 27 54 29 53
53 5 50 5 14 53 5 14 14 26 32 26 31 70 14 61
37 19 16 15 35 54 46 39 29 20 20 20 46 46 25 19
58 36 23 23 61 49 63 11 63 31 37 36 41 37 63 22
22 69 43 69 56 21 21 11 7 8 66 52 66 66 39 21
8 34 67 7 7 35 67 35 41 8 39 40 43 41 61 44
44 52 17 43 36 61 64 51 17 49 40 6 49 63 40 15
17 40 6 15 12 36 12 12 29 6 15 44 44 51 31 71
