1 0 1 0 1 1 1 0 1 0 0 0 1 0 1 1
1 1 1 0 1 1 1 0 1 1 1 1 1 0 1 0
1 0 1 1 1 1 0 1 1 1 1 0 0 1 1 0
1 1 1 0 1 0 1 0 1 1 1 0 0 0 0 1
0 0 0 0 1 1 0 1 0 0 0 0 0 1 0 0
0 1 1 0 0 0 0 0 0 1 0 0 1 0 0 0
0 0 0 0 0 0 1 1 1 1 0 1 1 0 1 0
0 1 1 0 1 1 0 0 1 0 0 0 0 1 1 0
1 0 1 1 1 1 0 0 1 0 0 0 1 1 0 1
0 0 1 0 1 0 0 0 0 0 0 0 0 1 0 1
0 1 1 0 0 1 0 1 1 1 1 1 0 1 0 0
0 0 1 0 1 1 1 1 1 1 0 0 0 1 1 1
1 1 0 0 0 0 1 0 0 0 0 0 0 0 0 0
0 1 1 1 1 1 0 0 0 0 0 0 1 0 0 0
1 1 0 1 1 1 1 0 1 1 1 1 0 1 1 1
1 1 1 1 1 1 1 1 1 1 1 0 0 0 0 0
59 27 18 52 35 61 10 58 20 17 17 17 24 7 49 14
39 30 24 42 63 10 55 50 28 8 55 47 51 44 41 54
35 50 35 55 35 47 50 61 16 55 39 62 38 41 63 40
57 61 39 38 12 42 18 48 39 55 41 42 62 5 21 47
5 60 29 21 61 59 42 39 42 58 40 40 13 6 38 38
44 16 49 38 13 58 58 40 40 12 27 62 61 5 9 9
9 58 60 48 56 56 10 6 26 12 56 26 49 48 6 21
48 26 22 52 6 26 15 36 22 56 52 52 15 51 20 48
16 52 51 18 49 30 7 21 22 7 21 62 20 16 29 35
3 3 16 46 51 11 27 36 3 3 3 5 36 43 60 28
36 22 12 15 62 30 5 30 30 18 37 18 46 47 46 9
15 36 12 9 41 51 63 22 63 63 44 46 15 49 45 45
41 26 44 13 23 27 10 23 60 44 46 13 23 23 56 23
13 59 10 59 59 57 11 50 11 27 50 29 6 31 29 60
24 47 7 45 57 4 8 7 53 53 24 53 25 45 53 53
45 37 4 57 57 37 37 37 8 8 8 25 25 25 25 29
