1 0 1 0 1 1 1 0 1 0 0 0 1 1 1 1
1 1 0 1 1 0 0 0 0 1 1 1 1 1 0 1
0 0 0 1 0 0 0 0 1 0 0 0 0 1 1 0
1 0 1 1 1 0 0 0 1 0 1 1 0 0 0 1
1 0 1 0 1 1 0 0 0 1 0 0 1 0 0 1
0 1 1 1 0 1 0 0 0 1 1 0 0 1 0 1
0 0 1 1 1 0 1 1 1 1 0 0 1 1 1 0
1 0 0 0 1 0 1 0 1 1 0 0 0 0 0 1
0 1 0 1 1 0 0 1 0 1 1 1 0 1 0 1
0 1 1 1 1 0 1 1 1 0 0 0 1 1 1 0
1 0 0 0 0 0 0 0 0 0 0 0 1 1 1 1
0 1 1 1 0 0 1 1 1 0 0 1 1 0 1 0
1 1 0 1 0 1 0 1 0 0 1 0 0 1 1 0
0 0 1 1 0 0 0 0 1 1 0 0 0 0 0 0
0 1 0 0 0 0 0 1 0 0 1 1 1 1 1 1
0 0 0 1 0 0 0 1 1 1 1 1 0 1 0 1
59 27 18 52 35 61 10 58 20 17 17 17 16 43 24 37
63 55 52 63 8 60 54 46 50 41 10 8 20 49 17 18
36 21 38 14 11 58 52 27 47 9 31 7 42 51 43 58
6 50 61 24 6 19 60 40 12 40 28 28 11 44 60 8
10 3 14 38 47 47 58 36 44 14 38 13 4 11 7 39
3 30 4 61 21 47 23 15 17 35 14 31 19 49 19 39
48 13 55 26 22 27 39 4 4 14 27 36 35 8 28 42
24 40 40 11 45 15 24 9 20 39 58 48 19 19 27 51
38 57 38 18 47 52 52 22 9 35 59 28 23 41 46 16
11 10 43 55 22 54 22 30 8 54 42 23 39 28 51 15
55 42 31 13 21 15 15 25 44 23 29 46 10 37 63 49
3 43 63 55 31 13 45 43 63 42 23 26 61 3 35 13
57 30 40 37 31 22 60 18 7 29 30 9 5 51 4 7
46 3 51 26 7 36 56 21 16 57 50 54 29 5 50 54
46 57 5 60 25 50 36 24 21 5 26 37 53 59 37 16
5 25 62 57 29 62 62 18 59 41 41 16 29 6 48 59
