1 0 1 0 1 1 1 0 1 0 0 1 0 0 1 0
1 0 1 1 0 1 0 1 1 1 1 1 1 0 1 0
0 0 0 1 0 1 1 0 0 0 1 1 1 0 1 0
1 1 0 0 1 0 0 0 1 0 1 0 0 1 0 0
1 0 1 0 0 0 0 1 1 0 1 0 1 0 1 1
1 1 1 1 1 1 1 1 0 1 1 1 0 0 1 0
1 0 1 1 1 1 0 0 0 0 0 0 0 1 1 1
1 1 0 1 1 0 0 1 1 1 0 0 0 1 0 0
1 1 0 1 1 1 0 0 0 0 0 0 1 1 0 0
1 1 0 0 1 1 0 1 1 1 1 0 1 1 0 1
0 1 1 1 0 1 1 1 0 0 0 1 0 0 1 0
1 0 0 1 1 0 1 1 1 0 0 1 0 0 1 0
0 1 0 1 0 1 1 0 1 1 1 1 1 1 1 0
1 0 1 1 1 0 0 0 0 0 1 1 1 0 0 0
0 0 0 1 0 1 0 0 1 1 1 1 1 0 0 0
1 0 1 0 0 0 1 0 1 1 0 1 0 0 1 0
59 27 18 52 35 61 10 58 20 17 17 16 17 7 16 5
37 17 51 20 17 24 46 30 24 16 30 12 30 7 24 54
27 3 27 57 52 12 61 9 36 31 18 18 26 40 37 40
63 63 7 7 10 29 56 56 26 31 51 3 3 6 21 56
12 56 12 11 11 31 7 45 22 31 14 31 22 29 51 51
22 51 18 22 22 18 39 59 46 59 59 59 11 46 39 46
16 5 39 39 16 45 25 23 25 25 25 15 15 24 30 49
49 8 13 49 49 15 15 47 10 10 46 13 15 49 54 48
26 35 13 14 14 30 44 44 27 38 27 62 20 26 42 9
26 61 58 38 14 4 48 14 4 43 4 5 47 43 60 45
13 45 45 8 62 61 20 41 3 5 5 8 3 36 63 36
8 36 11 10 43 23 63 8 63 42 54 4 42 13 20 25
62 57 62 53 23 61 24 11 53 53 4 43 35 41 41 19
35 54 12 43 41 54 19 19 19 19 41 57 55 58 42 42
50 58 62 55 36 53 23 58 6 6 6 47 55 21 21 48
53 23 55 48 44 38 55 52 47 37 38 47 52 52 57 50
