0 0 0 0 0 0 0 0 0 0 0 0 0 0 0 0
0 0 0 0 0 0 0 0 0 0 0 0 0 0 0 0
0 0 0 0 0 0 0 0 0 0 0 0 0 0 0 0
0 0 0 0 0 0 0 0 0 0 0 0 0 0 0 0
0 0 0 0 0 0 0 0 0 0 0 0 0 0 0 0
0 0 0 0 0 0 0 0 0 0 0 0 0 0 0 0
0 0 0 0 0 0 0 0 0 0 0 0 0 0 0 0
0 0 0 0 0 0 0 0 0 0 0 0 0 0 0 0
0 0 0 0 0 0 0 0 0 0 0 0 0 0 0 0
0 0 0 0 0 0 0 0 0 0 0 0 0 0 0 0
0 0 0 0 0 0 0 0 0 0 0 0 0 0 0 0
0 0 0 0 0 0 0 0 0 0 0 0 0 0 0 0
0 0 0 0 0 0 0 0 0 0 0 0 0 0 0 0
0 0 0 0 0 0 0 0 0 0 0 0 0 0 0 0
0 0 0 0 0 0 0 0 0 0 0 0 0 0 0 0
0 0 0 0 0 0 0 0 0 0 0 0 0 0 0 0
59 20 35 57 7 32 44 27 60 36 31 26 62 7 60 39
39 59 24 30 32 11 35 43 44 68 32 42 33 71 42 47
37 64 67 19 55 23 26 5 10 23 38 13 11 24 26 39
20 41 61 21 32 19 4 30 31 34 71 13 27 27 21 54
71 60 29 29 17 31 28 62 10 58 59 62 54 58 7 14
31 16 49 49 5 33 54 70 35 62 24 19 19 25 39 18
16 6 18 27 24 68 68 68 64 70 57 22 16 16 49 49
48 42 42 50 50 57 50 64 70 5 65 64 65 65 40 6
59 6 57 35 30 30 29 29 60 45 69 25 37 45 38 23
23 43 43 43 40 38 53 45 44 38 26 58 36 44 14 11
13 61 48 61 4 61 20 10 70 54 45 4 15 53 53 53
15 14 14 20 22 25 21 41 63 47 34 22 50 40 63 9
22 46 25 67 40 56 55 69 17 8 17 9 51 8 12 12
48 63 65 10 48 55 21 36 11 12 69 37 12 28 69 56
71 46 17 67 9 4 56 46 41 46 63 47 34 34 55 15
56 37 67 15 6 47 18 41 18 66 36 9 33 5 51 33
