0 0 0 0 0 0 0 0 0 0 0 0 0 0 0 0
0 0 0 0 0 0 0 0 0 0 0 0 0 0 0 0
0 0 0 0 0 0 0 0 0 0 0 0 0 0 0 0
0 0 0 0 0 0 0 0 0 0 0 0 0 0 0 0
0 0 0 0 0 0 0 0 0 0 0 0 0 0 0 0
0 0 0 0 0 0 0 0 0 0 0 0 0 0 0 0
0 0 0 0 0 0 0 0 0 0 0 0 0 0 0 0
0 0 0 0 0 0 0 0 0 0 0 0 0 0 0 0
0 0 0 0 0 0 0 0 0 0 0 0 0 0 0 0
0 0 0 0 0 0 0 0 0 0 0 0 0 0 0 0
0 0 0 0 0 0 0 0 0 0 0 0 0 0 0 0
0 0 0 0 0 0 0 0 0 0 0 0 0 0 0 0
0 0 0 0 0 0 0 0 0 0 0 0 0 0 0 0
0 0 0 0 0 0 0 0 0 0 0 0 0 0 0 0
0 0 0 0 0 0 0 0 0 0 0 0 0 0 0 0
0 0 0 0 0 0 0 0 0 0 0 0 0 0 0 0
43 49 57 28 26 68 68 13 18 48 24 21 45 9 64 17
13 64 32 60 56 10 20 17 66 67 32 28 21 13 13 53
64 61 67 19 56 41 68 33 39 61 38 59 5 49 64 33
32 30 25 50 12 25 18 37 25 20 20 10 7 23 21 17
71 60 60 22 22 60 22 12 22 28 36 71 7 29 7 12
12 7 69 65 52 52 52 53 15 14 16 66 32 66 39 24
16 36 36 39 66 53 47 15 65 53 65 15 49 65 29 37
39 61 8 17 42 51 51 51 42 56 20 70 27 70 70 8
16 11 61 18 30 50 50 50 10 54 25 62 10 48 44 43
18 69 15 49 41 47 57 5 24 68 26 62 16 24 59 34
42 42 51 31 5 71 5 67 67 54 44 19 14 56 71 31
58 36 57 19 43 43 19 33 31 14 28 38 14 38 59 52
38 57 26 37 23 27 59 23 31 8 41 55 40 23 41 37
21 40 8 55 40 35 11 55 11 33 4 9 63 58 48 58
58 63 6 4 47 4 4 35 35 48 6 47 69 63 44 9
62 29 63 35 44 29 62 11 26 6 69 54 55 54 34 46
