0 1 1 0 0 1 1 1 0 1 0 1 1 1 0 1
1 1 0 1 0 0 0 0 1 1 1 0 1 0 0 1
0 1 0 1 0 0 0 0 0 0 0 0 0 0 0 1
0 1 1 0 0 0 0 1 0 1 0 1 0 1 0 1
1 1 1 1 0 1 1 0 1 0 0 1 0 1 0 1
1 1 0 0 1 1 0 1 1 1 0 1 0 0 1 0
1 1 0 1 1 0 0 0 1 1 0 0 1 1 1 1
1 0 1 0 1 1 1 1 1 1 1 0 1 0 1 0
1 1 0 1 0 1 1 1 1 1 0 0 0 1 0 0
0 1 1 1 1 1 1 0 0 0 1 1 1 0 0 0
0 0 0 1 1 0 1 1 0 0 0 0 0 1 1 1
0 1 1 0 0 0 1 0 1 1 1 0 0 0 0 1
0 1 0 0 1 1 0 1 0 1 1 1 0 1 0 1
1 1 0 1 1 0 0 1 1 1 0 0 0 0 0 0
0 1 0 0 0 0 0 0 0 1 0 0 0 0 1 1
1 0 0 1 1 0 0 1 0 1 1 1 1 0 1 0
70 71 31 13 65 8 27 7 62 27 13 52 51 7 34 24
39 19 13 48 46 29 29 45 44 31 32 22 7 22 41 47
53 56 69 67 57 49 53 13 58 10 37 10 70 49 49 68
70 43 11 66 54 65 50 48 65 55 37 59 30 56 21 19
71 19 19 43 54 35 47 53 31 38 34 63 70 8 38 7
35 59 69 53 31 43 25 56 35 55 22 55 49 25 55 18
43 11 54 27 56 54 66 26 68 35 25 58 16 36 36 59
23 26 8 46 12 16 16 36 16 15 20 6 27 65 12 18
59 12 62 64 22 51 51 51 44 23 14 37 26 36 42 37
17 68 71 47 63 44 39 41 41 9 39 24 47 6 58 10
14 57 29 23 32 21 32 32 10 33 33 42 46 48 48 52
57 28 40 62 61 61 63 25 63 23 20 14 41 21 66 60
17 60 26 66 52 60 38 60 58 64 28 52 38 12 9 28
68 71 57 64 64 17 21 20 20 28 9 9 50 61 29 18
42 8 17 18 33 62 61 14 50 39 50 42 33 30 40 24
11 45 69 15 44 6 46 11 6 40 67 67 67 30 40 69
