0 0 1 0 0 1 0 0 1 0 1 0 0 0 1 1
0 1 1 0 0 0 1 0 0 1 1 0 0 1 0 0
0 1 0 0 1 1 0 1 0 1 0 1 0 1 1 1
0 0 0 1 0 1 0 0 1 1 0 0 0 0 0 1
1 1 0 1 1 0 0 1 1 1 0 0 1 1 0 0
1 1 1 1 1 1 0 1 1 0 0 1 0 0 1 0
0 1 0 1 1 0 0 0 0 1 0 0 0 1 0 0
1 1 0 1 0 0 1 1 1 0 1 0 0 1 1 1
1 0 0 1 0 0 0 0 1 0 1 0 0 1 0 1
0 0 1 0 1 1 1 1 0 1 1 1 0 0 1 1
1 1 0 1 0 0 1 1 0 0 1 1 1 1 1 1
1 1 0 1 0 1 0 1 1 0 0 1 0 0 0 1
1 1 1 1 1 1 1 1 0 0 0 1 0 0 1 1
0 1 1 1 1 0 1 0 1 1 0 0 1 0 1 0
0 0 0 0 0 0 0 1 0 0 0 1 1 0 0 1
1 1 0 1 0 1 1 1 1 0 1 0 0 0 0 1
10 69 52 53 53 27 66 30 8 45 71 41 66 65 55 56
21 31 63 26 41 41 43 6 49 51 35 33 57 63 21 54
6 64 65 46 16 64 41 28 18 15 17 60 26 36 35 23
22 14 69 24 33 31 13 37 63 12 57 54 13 37 21 68
52 63 37 52 12 61 37 31 31 28 30 10 24 60 14 26
68 16 47 24 20 12 10 60 15 13 14 28 17 22 47 18
46 36 58 27 27 45 10 34 25 19 53 18 18 24 62 38
48 16 62 60 62 50 12 28 36 42 32 58 17 68 40 48
16 46 62 20 30 30 22 14 23 38 67 46 22 67 42 23
17 34 19 49 23 47 67 36 65 59 19 40 65 34 68 8
35 71 53 19 25 69 20 47 38 34 59 67 59 11 71 27
40 40 38 20 25 44 29 35 8 29 29 64 25 13 45 15
15 64 43 8 59 52 71 11 29 9 49 55 69 45 44 7
21 44 51 43 43 58 11 9 11 44 58 42 7 50 55 50
50 61 33 57 33 49 61 7 61 26 6 32 7 57 54 32
39 51 54 32 70 56 55 51 39 6 56 9 70 42 70 39
