1 1 0 1 0 1 1 0 1 0 0 1 1 1 1 1
0 0 0 0 0 1 1 1 1 1 1 1 0 1 1 1
0 1 1 1 0 0 0 1 0 0 1 0 1 0 0 0
1 0 1 0 1 0 1 1 1 1 0 0 1 0 1 0
1 1 0 0 0 1 0 0 0 0 0 0 0 1 1 1
0 1 1 1 1 0 0 0 0 1 0 1 1 0 0 0
1 0 1 0 0 0 0 0 1 1 1 1 1 1 1 1
0 1 1 0 0 1 1 1 1 0 1 1 0 0 0 1
1 0 1 1 0 0 1 1 1 0 0 0 0 0 0 0
0 0 0 1 1 0 0 1 0 1 1 1 1 1 1 0
0 1 1 0 1 1 0 0 1 0 0 1 1 0 1 0
0 1 1 1 0 0 0 0 1 1 1 0 1 0 1 0
0 0 1 1 1 0 0 0 1 1 1 1 1 1 0 1
1 1 1 0 1 0 0 1 1 1 1 1 0 0 1 1
0 0 0 1 0 1 0 0 0 0 1 1 1 0 0 0
0 0 0 0 0 0 1 0 0 1 0 0 0 0 0 0
99 34 58 97 12 52 73 44 16 19 24 41 41 52 68 34
137 33 98 40 8 34 50 99 147 136 36 52 100 73 48 104
28 43 147 147 146 10 112 25 60 44 92 132 59 132 98 137
20 74 11 8 32 49 9 18 25 120 72 89 64 65 90 76
99 92 28 24 105 41 24 33 89 105 100 121 132 120 120 59
65 104 64 145 145 98 139 146 107 106 44 92 64 96 65 8
20 26 32 33 100 40 72 42 140 20 48 68 66 4 16 83
10 131 97 67 35 106 104 43 36 89 106 25 56 51 130 9
27 114 32 131 49 40 27 27 36 107 42 116 28 112 49 116
51 116 112 83 48 19 107 66 72 97 138 136 138 66 124 67
42 90 16 146 68 138 10 26 88 91 74 75 113 96 131 137
58 145 124 124 51 35 67 58 18 115 108 114 108 130 108 130
96 139 43 113 57 139 3 76 4 73 113 4 90 140 19 59
122 57 18 17 136 17 17 122 140 122 115 50 12 105 57 88
91 56 12 83 144 9 74 91 84 26 115 50 75 84 84 56
3 60 144 144 35 76 75 123 123 88 123 3 114 60 128 128
