1 1 1 0 1 0 0 0 1 1 0 0 1 0 0 0
1 1 1 1 0 0 1 0 1 1 1 0 0 1 1 1
1 1 0 1 0 0 1 1 0 1 0 1 1 0 1 0
0 1 0 1 1 0 0 0 1 0 1 0 0 0 0 1
0 1 1 0 0 0 0 0 1 1 1 1 0 0 0 0
0 1 1 1 1 1 1 1 0 1 1 1 0 0 1 1
1 0 1 0 1 0 0 1 1 1 0 1 0 0 1 0
0 1 1 0 0 1 1 0 0 0 0 1 0 0 1 0
1 1 0 0 1 1 1 1 0 0 0 0 1 0 0 0
1 0 1 0 0 1 0 1 1 1 1 1 1 1 0 1
0 0 0 1 1 1 0 0 1 0 1 1 1 0 1 1
1 1 0 0 1 0 1 1 1 1 1 0 1 1 0 0
0 0 0 0 1 0 1 0 1 1 0 0 1 0 0 1
1 1 1 1 0 0 0 0 0 0 1 0 1 1 1 1
1 1 1 0 0 1 0 0 0 1 0 0 1 0 0 0
0 0 0 0 0 0 1 0 0 0 1 0 0 0 1 0
16 92 64 132 83 114 91 44 75 129 24 146 41 12 121 107
27 145 113 59 67 100 138 132 147 90 52 137 112 120 131 59
138 20 65 136 146 91 36 11 146 16 28 9 43 105 64 56
132 108 56 83 25 51 89 100 88 60 129 137 96 51 121 9
72 140 140 123 19 35 76 144 4 68 106 32 144 3 3 3
144 27 129 108 92 83 4 59 58 92 124 145 28 10 25 52
32 26 34 44 147 91 100 57 140 48 24 18 19 42 11 42
33 4 73 67 76 9 124 35 35 60 76 11 33 33 108 67
20 48 72 17 20 50 48 27 130 28 51 19 147 10 17 116
36 49 18 130 128 122 116 32 115 136 90 122 25 122 60 66
40 112 8 36 68 43 42 40 64 49 52 73 34 74 41 68
75 43 40 112 113 89 106 57 99 88 90 114 18 73 8 26
65 105 123 123 88 44 99 72 99 41 10 105 97 96 8 120
115 115 104 104 130 116 139 26 121 84 124 65 75 106 131 57
120 145 136 128 114 104 137 128 96 66 12 49 16 56 84 58
107 74 107 58 98 17 113 139 98 12 138 139 84 89 131 24
