2 2 5 6 3 7 7 3 4 3 7 4 4 0 0 7
0 0 6 7 2 0 7 0 2 4 1 7 0 0 1 7
2 1 6 2 3 2 0 2 1 0 6 1 6 5 4 3
4 3 7 4 3 0 2 3 4 5 4 5 7 7 5 1
3 3 3 4 4 2 6 6 0 6 0 0 6 5 6 0
6 1 2 1 0 6 7 2 4 0 1 1 1 7 4 4
6 3 6 3 3 5 4 4 4 5 6 4 4 5 6 6
7 6 6 2 2 6 2 6 1 0 0 0 0 4 5 1
5 5 5 1 3 3 5 4 3 3 4 2 0 3 2 0
3 1 0 1 1 0 1 2 0 0 4 4 7 5 2 7
0 5 3 7 5 5 5 1 1 1 5 4 2 2 7 7
7 7 5 1 6 0 3 3 4 4 1 1 3 3 3 4
3 4 5 5 5 4 3 3 2 4 6 4 4 7 1 0
5 5 5 5 5 1 1 5 3 3 5 5 5 2 2 6
2 5 3 3 4 2 0 1 7 7 5 1 4 4 2 1
5 1 2 3 3 3 7 7 7 1 1 7 7 1 1 2
60 38 63 44 29 14 14 51 30 39 14 62 62 46 4 14
26 26 54 14 60 26 14 58 28 30 27 35 4 4 16 45
6 16 44 6 7 60 26 6 16 15 22 27 22 21 30 61
30 19 55 20 19 4 18 19 62 21 8 21 35 35 21 5
61 29 29 62 62 38 13 34 46 13 58 58 22 63 54 26
44 16 18 47 36 44 45 60 30 46 16 5 16 55 20 20
44 29 44 39 29 12 8 8 42 12 13 42 8 12 34 22
45 22 22 6 6 13 6 13 37 15 15 15 15 52 21 47
21 31 31 47 19 29 63 62 7 7 30 18 58 39 38 58
61 5 36 5 5 4 5 50 4 58 42 20 45 43 60 45
15 53 39 45 53 53 53 47 59 47 53 42 50 50 55 55
55 55 43 27 34 46 7 7 8 20 37 27 61 51 51 52
51 20 12 12 12 52 51 51 50 8 13 42 42 23 27 36
31 31 31 31 43 27 47 43 19 19 43 43 63 28 18 34
18 63 39 39 52 28 46 59 35 35 63 59 52 52 50 59
53 59 18 61 61 7 23 23 23 37 37 23 23 37 37 28
