0 4 3 2 2 2 2 3 3 3 1 0 2 3 1 0
2 0 4 0 0 1 4 3 1 0 0 0 1 7 4 0
6 0 1 7 0 5 1 3 6 0 5 1 7 6 0 1
5 3 0 7 5 1 5 4 6 6 5 4 6 3 5 6
5 4 4 6 6 0 6 3 6 5 5 3 7 3 3 7
6 3 0 7 6 2 0 7 7 0 7 4 5 7 3 2
2 0 4 3 5 5 7 1 2 5 1 5 4 7 6 5
3 7 0 4 3 4 1 0 5 3 4 7 4 3 3 5
4 4 3 1 5 4 4 5 5 2 4 2 3 3 0 1
5 6 1 4 3 0 1 0 0 1 1 2 5 4 2 6
4 6 1 5 6 1 1 1 1 6 1 4 1 1 6 2
1 1 0 5 5 5 1 5 4 7 0 2 6 4 0 0
4 6 0 2 4 6 4 7 2 6 5 4 5 4 6 2
5 5 2 5 5 5 5 0 1 2 0 7 7 2 4 0
4 1 3 0 2 2 0 2 2 7 1 7 2 2 2 7
7 7 2 2 6 4 3 3 2 3 2 6 2 7 7 7
4 8 7 6 6 6 6 7 7 7 5 4 6 7 5 4
6 4 8 4 4 5 8 7 5 46 58 58 5 14 8 15
13 15 16 14 15 12 16 61 13 15 12 16 23 13 15 16
12 61 26 45 21 16 63 20 22 22 43 62 22 39 21 13
53 20 20 54 54 46 13 19 22 43 43 19 23 19 39 14
44 19 58 14 22 38 46 35 35 58 14 30 53 23 39 18
38 15 52 39 43 12 35 47 38 63 16 63 52 23 13 21
39 35 36 52 61 52 5 36 43 39 30 35 42 51 61 63
52 52 61 47 63 30 42 43 63 38 42 28 19 61 58 47
21 54 27 30 19 58 27 36 26 59 59 38 31 30 60 34
30 34 37 31 34 47 59 47 59 54 37 42 59 47 22 28
59 37 26 31 31 31 37 31 8 23 46 38 54 8 46 46
62 34 26 28 42 34 62 35 50 54 21 62 53 42 34 60
53 53 28 53 12 12 21 36 37 28 36 14 45 28 62 26
62 37 51 36 60 50 26 60 50 45 27 55 18 18 50 23
45 45 18 18 44 20 51 51 18 51 50 44 50 55 55 45
