0 4 3 2 2 2 2 2 2 3 3 3 3 3 1 1
0 0 0 1 0 0 7 4 0 7 3 7 4 3 0 3
5 1 5 3 1 7 0 6 1 0 6 6 0 6 6 1
5 6 1 0 5 1 1 7 0 0 0 7 0 6 5 7
2 2 3 5 6 3 7 2 6 3 5 4 6 1 3 5
3 4 3 1 2 6 2 2 5 5 4 5 2 5 3 6
5 2 2 3 6 6 7 2 7 2 2 4 4 5 4 0
3 0 4 7 7 0 5 1 6 6 4 6 3 3 7 3
0 2 2 2 3 4 5 2 0 2 2 0 3 5 2 5
5 6 2 0 1 6 5 4 3 1 4 1 1 6 5 1
5 2 1 4 2 5 1 4 4 6 2 2 2 1 0 0
0 0 0 4 1 4 5 4 5 2 7 4 7 5 5 7
4 7 3 3 3 1 7 7 3 5 7 4 4 7 5 0
2 5 3 4 1 6 7 0 4 2 4 3 1 5 4 3
3 5 7 5 3 5 5 7 1 4 1 1 1 0 3 1
0 7 0 0 2 2 7 1 3 4 6 5 0 1 1 0
4 8 7 6 6 6 6 6 6 7 7 7 7 7 5 5
4 4 4 5 4 58 14 8 4 45 61 45 8 61 46 61
53 16 12 61 37 14 46 13 16 15 13 13 15 13 13 16
12 13 16 46 12 16 16 14 15 15 15 23 15 22 21 23
18 18 29 21 22 61 23 18 22 19 12 20 22 27 61 21
19 30 39 47 60 44 38 60 53 12 20 53 18 21 39 22
63 28 28 39 54 54 55 28 55 28 28 30 8 12 30 26
19 26 8 23 23 26 21 47 22 44 30 54 19 19 23 19
26 18 18 60 39 8 43 60 58 38 60 26 39 21 38 63
31 54 60 46 37 34 53 30 39 37 42 5 47 44 63 5
43 50 47 42 50 43 5 20 42 54 50 50 50 47 36 36
36 36 36 42 47 42 63 42 63 50 55 52 55 31 63 55
20 55 29 29 51 27 35 35 51 53 14 52 30 35 43 36
38 31 51 52 59 54 35 26 52 28 52 29 37 31 52 51
29 53 35 43 51 31 31 35 27 20 27 27 59 58 51 59
58 45 58 58 38 38 45 27 29 20 34 43 46 37 59 46
