0 4 3 2 2 2 2 2 2 3 3 3 3 3 1 1
0 0 0 1 0 5 0 1 1 4 1 0 4 6 4 0
7 0 5 6 0 7 0 6 0 0 4 6 1 6 5 5
5 6 2 7 7 1 2 5 1 7 3 7 1 3 5 1
3 5 5 2 6 7 6 1 6 3 7 3 6 5 6 3
3 3 1 7 4 6 4 0 1 5 1 0 0 1 3 0
4 5 2 1 3 5 2 2 2 5 5 4 0 3 1 1
4 0 0 4 0 0 4 6 2 2 4 2 7 6 7 7
2 7 7 7 5 5 2 5 5 5 2 2 2 2 4 2
3 6 2 0 5 3 1 2 5 7 2 2 1 6 2 5
5 2 4 2 4 4 1 4 1 5 5 4 6 6 6 7
6 5 0 5 2 4 5 3 4 1 3 7 1 4 3 4
4 7 4 7 6 2 4 5 2 6 5 6 4 6 1 1
0 6 4 2 5 7 0 2 0 0 4 5 0 4 6 7
6 1 7 1 0 4 3 5 6 7 5 1 1 7 0 7
7 7 0 0 6 1 7 2 5 3 7 6 1 4 1 1
4 8 7 6 6 6 6 6 6 7 7 7 7 7 5 5
4 4 4 5 4 31 4 5 5 8 5 15 8 13 8 15
14 15 12 13 15 14 46 13 15 15 52 13 16 13 12 12
12 13 18 23 14 16 18 21 16 23 19 23 16 19 21 16
39 12 12 18 22 23 22 37 22 19 23 19 22 21 22 39
39 19 16 23 20 22 52 26 27 53 27 26 58 27 39 46
8 53 38 27 19 31 38 28 38 53 53 42 46 29 37 37
42 26 26 42 26 26 42 54 38 38 30 28 55 54 55 55
50 55 55 55 63 31 28 31 63 31 18 18 18 28 42 50
39 54 50 46 63 39 59 50 63 35 28 28 47 34 60 43
43 60 8 38 62 62 59 30 59 63 63 42 34 34 34 35
34 43 36 21 50 52 53 51 52 27 29 14 37 52 29 62
20 14 62 14 54 60 62 21 60 44 53 54 30 54 37 37
46 34 62 60 43 35 46 50 58 58 30 31 36 30 44 45
44 59 35 47 36 30 61 43 44 45 43 47 27 45 36 45
35 45 36 36 44 47 45 60 21 51 35 44 47 52 59 59
