0 4 3 2 2 2 2 2 2 3 3 3 3 3 1 1
0 0 0 0 1 5 0 1 1 4 1 0 5 0 5 5
0 7 1 3 5 4 4 5 5 6 6 4 4 5 4 6
3 3 2 3 7 7 6 3 1 6 6 0 1 2 5 2
0 2 0 6 0 1 6 3 6 2 1 0 6 0 1 2
7 2 4 0 2 2 3 2 7 5 2 5 2 5 2 2
2 7 2 7 7 4 7 4 4 7 6 1 1 1 1 1
7 7 6 1 1 0 5 1 0 3 0 7 0 3 1 0
1 0 3 4 4 4 3 3 7 7 4 4 4 7 4 5
1 6 4 4 6 5 5 5 7 5 6 4 6 6 2 2
2 5 4 3 3 6 2 3 2 6 7 6 2 7 3 4
7 4 5 4 6 7 5 5 5 5 5 5 1 1 5 1
4 3 2 5 7 1 7 7 2 6 2 5 6 4 1 1
5 6 1 1 5 3 3 7 3 5 5 3 5 5 1 2
4 7 3 4 5 0 7 7 2 6 6 4 3 0 2 0
3 7 0 3 4 4 7 3 0 4 3 3 0 4 2 2
4 8 7 6 6 6 6 6 6 7 7 7 7 7 5 5
4 4 4 4 5 31 4 5 5 8 5 15 21 58 21 21
58 14 59 19 63 52 52 63 31 34 34 52 52 31 62 22
39 39 60 39 45 23 22 39 59 22 22 26 59 18 21 60
26 18 26 13 26 59 13 39 22 28 59 26 22 26 59 60
35 28 8 46 60 18 39 60 35 12 18 12 18 21 28 18
28 14 28 14 35 8 14 8 8 14 13 37 16 37 37 37
35 35 13 47 47 46 21 47 46 51 46 45 15 51 47 46
16 46 61 52 30 30 51 51 14 23 30 30 20 35 62 53
47 54 62 62 13 53 53 53 23 53 54 52 54 54 60 38
38 53 62 29 29 54 38 51 38 54 45 13 28 45 51 30
45 30 43 42 44 45 63 12 63 12 12 12 16 16 63 16
20 29 38 63 23 27 55 23 50 44 38 43 34 62 27 37
43 34 47 37 43 29 61 55 29 31 43 29 43 31 16 50
42 23 19 20 31 15 55 55 50 34 34 42 61 36 50 15
19 55 36 61 42 42 55 19 36 20 19 61 15 42 50 50
