1 1 0 1 0 1 1 1 0 0 1 0 0 0 0 1
1 1 1 1 0 1 1 1 1 1 1 0 0 0 0 1
0 0 1 0 1 0 1 0 0 1 1 1 0 1 1 0
1 1 0 1 0 0 0 0 0 1 0 0 1 1 0 0
1 0 0 0 1 1 1 1 1 0 0 1 1 0 1 1
1 0 1 0 0 1 0 0 0 1 1 0 0 0 0 0
1 0 1 0 1 1 0 0 0 1 1 1 1 1 1 1
0 1 1 0 0 0 0 0 1 0 1 1 1 1 1 0
1 0 1 0 0 1 1 0 1 1 1 1 1 1 0 1
0 1 0 1 0 0 1 1 1 0 1 0 0 1 0 1
1 1 0 0 1 0 1 0 1 1 0 0 1 1 0 0
0 1 0 0 0 0 1 0 0 0 1 0 1 0 1 0
0 0 0 0 0 0 0 1 1 0 0 0 1 1 0 1
1 1 1 1 1 0 0 1 1 1 1 0 1 0 0 0
1 0 0 0 0 0 0 0 1 0 0 1 0 0 1 0
0 0 0 1 0 1 1 0 1 1 0 1 1 0 1 0
99 34 58 97 12 52 73 50 40 19 68 116 98 12 139 36
34 41 41 43 24 18 52 147 43 27 52 139 33 65 107 104
107 107 108 33 36 98 36 98 146 4 4 4 12 147 136 137
147 43 56 83 100 42 72 60 65 41 72 91 136 97 72 116
120 100 91 19 138 99 138 92 120 96 8 120 16 49 25 25
9 132 83 130 105 57 40 96 105 20 124 128 19 10 65 8
115 100 115 10 16 75 58 58 105 50 32 106 99 18 11 83
40 18 50 128 74 44 44 91 27 137 92 97 145 145 145 74
27 84 113 146 146 113 113 137 106 64 131 131 131 104 49 88
74 88 76 75 60 76 88 68 73 3 75 10 51 73 49 9
11 11 128 56 9 67 66 67 68 59 60 114 34 64 139 89
89 16 76 89 84 8 106 56 33 84 92 28 104 116 25 132
26 132 35 112 26 44 3 32 136 26 35 51 64 140 96 140
90 32 108 90 90 28 121 122 140 57 115 17 48 51 112 3
108 121 28 121 144 123 144 112 122 35 114 48 114 130 20 67
17 130 144 138 24 122 129 123 59 57 123 129 59 42 129 24
