1 1 0 0 0 1 1 0 0 1 0 1 0 0 1 1
1 0 0 0 1 0 0 0 1 0 1 0 0 1 0 0
0 0 1 1 1 0 1 1 0 1 0 0 1 1 1 1
0 0 0 0 1 1 1 0 1 1 0 0 0 0 0 0
0 1 0 0 0 0 0 1 0 0 1 1 1 1 1 1
1 1 1 1 1 1 0 0 1 0 0 0 0 0 1 0
0 1 1 0 0 1 0 0 1 0 0 0 1 0 0 0
0 1 1 1 0 1 0 1 1 1 1 0 1 1 1 1
0 0 1 1 0 1 0 0 1 0 1 0 0 0 1 0
1 1 1 0 1 0 0 1 0 1 1 1 1 1 0 0
1 0 0 0 0 1 1 1 1 1 0 0 0 0 1 0
1 0 0 0 1 0 1 0 0 0 1 0 0 1 1 1
0 1 0 1 1 0 0 1 0 1 1 0 1 1 0 0
1 0 0 1 0 1 0 1 0 1 1 0 0 1 1 0
0 1 0 1 0 0 1 1 1 1 0 1 1 1 1 0
1 1 0 0 0 1 1 0 0 1 1 1 0 1 1 0
16 92 84 28 112 64 36 96 33 57 24 18 100 12 59 140
122 98 123 123 25 65 56 49 50 89 4 128 44 140 107 91
132 33 20 120 27 132 11 11 42 131 137 132 120 75 50 131
28 67 89 128 138 50 27 91 145 73 65 35 144 10 35 144
72 16 8 8 3 3 3 4 128 98 99 11 36 4 129 25
73 48 122 122 147 57 91 96 9 44 44 123 24 35 59 12
12 59 34 17 67 20 40 19 27 72 28 60 18 42 72 42
40 104 41 115 10 73 10 75 66 18 43 49 57 36 92 92
51 58 145 32 105 68 65 130 32 33 66 19 56 58 68 26
66 52 41 58 20 17 56 32 76 48 9 41 25 9 67 60
43 76 60 26 51 52 68 52 64 48 17 49 51 76 16 74
34 8 19 24 34 40 129 139 100 146 131 107 112 136 106 108
114 129 130 113 147 116 100 140 107 90 83 137 136 90 96 74
90 74 121 145 121 113 105 147 130 104 99 144 112 115 115 137
116 108 105 124 114 98 104 88 108 99 114 124 136 138 120 121
124 43 89 26 116 138 83 139 146 106 64 106 84 83 97 84
