1 1 0 1 0 1 1 1 1 0 1 0 0 1 0 1
0 0 1 1 0 1 1 1 1 1 1 0 1 0 1 0
1 0 1 1 1 0 1 1 1 1 1 1 1 0 0 0
0 1 1 0 0 0 0 0 0 1 0 0 1 1 0 1
1 0 1 1 0 1 1 1 0 0 0 0 1 0 0 0
1 1 0 1 0 1 0 0 1 1 0 0 0 1 1 1
0 0 0 0 1 0 0 0 0 0 1 0 1 0 1 1
0 0 0 1 0 1 0 1 1 1 1 0 1 0 1 1
1 1 0 1 0 1 1 0 0 1 0 0 0 1 0 0
0 1 0 0 1 0 1 0 0 1 1 0 1 1 1 0
1 1 1 1 1 1 1 0 0 1 1 0 0 0 0 0
0 0 1 1 1 1 1 0 1 1 0 0 1 0 1 0
0 1 1 0 1 0 1 1 0 0 1 1 0 0 1 1
0 1 1 0 0 0 0 0 0 0 0 0 1 0 1 0
1 0 0 0 0 0 1 1 1 1 1 1 1 1 1 1
0 1 0 0 1 0 1 0 1 0 0 0 0 0 0 1
99 34 58 97 12 52 73 50 16 19 68 40 98 99 72 136
65 26 41 34 8 18 147 136 147 136 52 65 147 51 115 91
104 84 104 50 104 72 36 4 36 16 4 4 43 105 72 137
132 138 97 100 74 89 89 60 89 41 130 130 50 97 65 9
52 49 68 113 49 106 92 83 137 98 84 96 68 132 8 8
108 108 100 64 28 73 28 28 20 20 44 98 44 32 20 32
44 12 74 84 108 91 121 40 100 96 25 96 16 58 11 25
49 121 121 120 42 73 56 90 90 90 9 24 27 107 57 9
27 32 42 36 116 64 92 42 128 64 146 146 146 25 105 105
26 120 112 76 92 76 99 137 35 34 59 10 59 59 145 58
11 145 88 145 66 138 57 17 114 66 48 114 33 128 40 35
26 114 43 113 113 27 120 139 48 115 33 33 106 132 106 51
56 83 83 24 88 10 41 124 107 107 75 124 10 130 48 43
128 57 88 74 56 116 51 12 19 35 139 17 11 3 18 3
124 116 112 112 144 19 140 18 122 131 115 75 131 138 122 140
3 131 144 144 122 76 66 139 140 123 123 123 60 24 67 75
