1 1 0 1 0 1 1 1 0 0 0 1 1 0 0 1
1 0 0 1 0 0 0 0 1 1 0 0 1 0 1 1
1 0 1 0 0 1 1 0 1 1 0 0 1 0 0 0
1 1 1 0 0 1 1 0 1 1 0 1 1 0 0 0
0 0 1 0 0 1 0 1 1 0 1 0 0 0 1 0
1 1 1 0 0 0 1 0 1 0 1 0 0 0 1 0
0 1 0 1 1 1 1 1 1 0 0 1 1 0 1 0
0 1 1 0 1 0 0 1 1 0 1 0 0 0 1 1
1 1 0 1 0 0 0 0 0 0 0 1 0 0 1 0
0 1 0 1 1 0 0 1 1 1 1 1 0 1 0 1
0 1 0 0 0 1 0 0 1 1 1 0 1 0 0 0
1 0 0 0 0 0 1 1 0 1 0 0 1 0 1 1
0 1 0 0 1 1 1 0 1 1 1 1 1 1 0 1
1 1 1 0 0 1 1 1 1 0 1 1 0 0 1 0
1 1 1 1 0 0 0 0 1 1 1 1 0 0 1 0
0 0 0 0 1 1 0 0 1 1 1 0 1 1 1 1
99 34 58 97 12 52 73 50 137 19 24 34 41 58 100 11
147 132 72 73 51 100 132 132 68 64 130 8 50 40 120 104
57 42 68 8 60 34 43 44 120 115 49 28 43 40 33 24
120 106 104 65 98 68 108 35 16 57 107 9 9 44 35 107
65 105 88 26 24 92 44 104 36 98 25 89 60 139 43 42
20 41 16 130 89 128 20 130 48 60 27 112 40 42 90 107
28 59 35 92 92 36 32 20 36 8 105 11 66 139 11 139
10 16 88 10 32 49 33 59 4 96 4 112 33 17 66 4
90 147 72 32 105 19 19 100 58 74 74 113 65 112 136 17
51 57 51 75 136 76 89 52 52 97 75 136 76 50 98 113
137 97 137 146 10 113 84 17 106 73 48 146 106 84 146 12
99 91 12 76 84 116 59 122 116 138 116 114 138 123 122 138
26 99 144 28 41 25 18 49 147 90 64 18 64 140 96 145
27 27 88 56 67 131 131 48 9 96 145 25 72 67 18 3
145 83 83 83 144 26 91 91 108 75 66 108 114 144 122 56
3 114 67 3 131 140 56 123 140 124 124 123 124 129 129 129
