1 0 1 0 1 1 1 0 1 0 0 0 1 1 1 0
1 1 1 1 1 1 0 1 0 1 0 1 0 0 1 0
1 1 1 1 1 0 1 0 1 0 1 0 0 1 0 1
0 1 1 0 1 1 1 0 1 1 1 1 0 0 1 0
0 0 0 0 0 0 0 0 0 0 1 1 1 1 1 1
1 1 0 1 1 1 1 1 1 0 1 1 1 1 0 0
0 0 0 1 1 1 1 0 0 0 1 0 0 0 0 0
0 0 1 1 1 0 0 1 1 0 1 1 0 1 0 0
0 0 0 0 1 0 1 1 1 0 1 1 0 1 1 1
0 0 1 0 1 1 0 0 0 1 0 0 0 1 0 0
0 1 1 0 1 1 0 0 1 0 0 0 1 1 0 0
0 0 1 0 1 0 1 0 1 0 1 1 0 0 1 1
0 1 1 1 1 0 1 1 0 1 0 1 0 1 1 0
0 1 1 0 1 0 1 1 1 0 1 1 1 1 1 1
0 1 1 0 0 0 1 1 0 0 0 0 1 0 0 0
1 1 1 1 0 0 1 0 0 1 0 1 0 0 0 1
59 27 18 52 35 61 10 58 20 17 17 17 24 16 37 23
43 53 53 26 18 10 60 8 25 26 29 51 11 31 26 7
28 12 12 55 12 54 12 7 16 9 12 54 52 45 46 16
42 63 20 36 26 28 24 7 59 24 61 8 9 7 8 21
48 29 9 13 9 60 54 62 54 58 61 18 22 49 49 49
49 49 40 47 18 18 39 16 16 25 37 37 28 28 19 11
19 11 19 41 20 41 41 23 19 46 20 11 11 23 62 15
23 15 37 61 61 7 19 20 8 15 10 14 13 22 3 31
29 36 25 21 53 13 22 14 22 25 30 22 31 59 59 59
17 3 14 56 28 55 27 27 60 26 5 5 27 43 60 5
25 6 47 15 14 30 5 29 47 54 56 21 30 47 23 50
15 36 53 42 39 3 63 38 63 38 14 53 36 13 63 37
36 4 39 4 51 13 55 45 60 4 46 55 42 45 55 3
46 63 51 3 4 31 41 45 4 31 39 57 45 10 10 51
42 41 47 52 40 52 8 35 38 52 27 46 43 38 50 38
35 51 39 35 44 42 43 44 58 43 58 24 50 17 50 35
