1 0 1 0 1 1 1 0 1 0 0 0 1 1 0 1
1 0 1 1 1 0 0 1 1 0 0 0 0 0 1 1
0 1 1 0 1 0 0 0 1 0 1 0 1 1 1 0
0 1 0 1 1 1 0 1 1 0 1 0 0 0 1 0
0 0 0 0 1 1 0 1 1 0 0 0 1 1 0 1
1 0 1 1 1 1 1 1 0 0 1 0 0 1 0 1
0 0 0 0 0 0 1 0 1 0 1 0 1 0 0 0
1 0 0 0 0 0 1 1 0 0 1 0 1 1 0 0
0 0 0 0 0 1 0 1 1 1 1 0 0 1 1 1
1 0 1 0 1 0 1 0 1 0 0 1 1 0 1 1
1 1 1 0 0 1 1 0 1 0 0 1 1 0 1 1
1 0 0 1 0 1 0 0 0 1 1 0 0 0 1 1
0 1 0 1 0 1 0 0 1 1 1 0 0 0 1 0
0 0 1 0 0 0 0 0 1 1 1 1 1 1 0 1
0 1 1 0 0 1 1 0 0 0 1 1 0 0 0 0
1 0 0 1 0 1 0 0 1 1 1 1 1 0 1 0
59 27 18 52 35 61 10 58 20 17 17 17 16 16 17 37
20 23 20 24 43 7 56 24 16 23 58 23 21 21 22 8
5 20 37 11 55 46 17 27 63 56 20 50 63 8 41 58
25 4 23 63 63 28 42 10 14 38 47 38 25 44 22 7
31 31 50 31 49 57 46 45 55 60 58 46 55 53 52 53
53 27 61 59 61 12 14 12 13 25 14 29 15 14 40 16
25 21 56 54 62 23 28 3 16 58 49 60 35 13 52 13
10 13 7 21 21 38 61 61 5 44 47 36 10 41 7 5
13 9 48 60 15 26 60 57 53 41 49 36 48 41 37 45
49 54 4 3 14 27 4 7 30 52 27 8 24 25 63 4
8 4 8 52 9 28 43 36 22 15 31 51 39 38 12 12
12 38 40 39 42 41 56 36 56 39 53 40 62 62 24 35
3 22 19 57 19 59 60 48 43 45 30 54 15 42 22 54
19 36 6 9 9 9 54 40 43 18 35 55 24 39 5 18
46 47 47 44 46 49 39 11 11 5 10 37 50 3 19 19
30 62 48 18 44 28 11 3 37 28 43 30 47 11 51 44
