1 0 1 0 1 1 1 0 1 0 0 1 0 0 0 0
1 0 0 1 1 0 1 1 1 0 1 1 0 1 1 0
1 0 1 1 1 0 0 0 0 0 0 1 1 1 0 1
1 0 0 1 1 0 1 0 0 1 0 1 1 1 0 1
1 0 0 1 0 0 0 0 1 1 0 1 0 1 0 1
1 1 1 0 1 1 1 0 0 1 1 0 1 0 1 0
1 0 0 0 1 0 1 1 1 0 1 1 0 0 0 1
0 1 0 0 1 1 0 0 1 0 0 0 1 0 1 0
0 1 1 1 1 0 0 0 1 0 0 1 0 1 0 1
0 0 1 1 0 1 0 1 0 0 0 0 1 0 1 1
0 1 0 0 1 0 1 1 1 1 0 1 0 1 0 0
0 0 0 0 0 0 1 1 0 1 0 1 0 0 1 0
0 0 1 0 0 0 1 1 1 0 1 1 0 0 0 1
0 1 0 1 1 1 0 1 1 1 0 0 1 0 1 0
0 0 0 1 1 1 1 1 0 1 1 0 0 1 0 1
1 1 0 0 0 0 1 0 1 1 1 0 0 1 0 1
59 27 18 52 35 61 10 58 20 17 17 16 17 7 5 17
37 17 27 20 18 58 18 8 26 23 26 12 11 28 26 11
28 25 12 26 26 29 29 29 13 15 31 4 28 6 19 51
12 21 40 20 12 7 18 31 31 39 42 12 30 18 21 28
16 60 42 14 31 46 60 7 16 8 60 63 40 8 54 53
53 59 49 46 53 53 53 40 46 14 14 46 59 42 39 46
8 11 44 54 16 44 57 57 57 3 57 16 40 40 3 37
23 61 62 11 24 61 62 58 30 56 62 62 61 11 61 50
50 43 43 47 30 5 5 5 49 3 15 59 3 59 29 14
3 54 49 49 56 49 27 30 5 15 44 38 14 44 20 39
36 35 38 38 35 58 20 30 45 28 19 4 15 8 19 27
15 36 36 42 54 9 63 39 27 47 19 4 54 62 63 7
9 13 39 48 42 13 22 4 22 44 22 10 38 13 56 37
56 63 38 4 10 6 21 24 6 6 23 9 6 23 10 60
50 13 19 35 47 10 24 45 9 24 24 23 25 63 50 45
45 45 9 36 21 36 35 52 47 43 22 48 48 37 50 22
