4 4 5 6 0 6 7 0 2 1 1 7 5 7 7 6
0 2 5 0 5 0 7 7 5 2 4 6 0 2 6 6
5 1 0 6 7 6 6 7 6 2 1 7 7 7 5 7
5 0 7 3 7 4 1 2 3 7 7 7 6 4 7 7
5 1 4 6 1 3 5 5 6 4 2 7 2 6 2 6
3 1 1 3 1 7 3 0 6 7 1 0 5 5 2 4
6 3 6 6 0 6 4 7 5 5 2 3 0 0 3 5
7 7 3 7 7 7 4 6 7 3 4 5 6 4 5 7
2 5 4 7 1 6 2 4 1 6 0 7 7 6 5 5
3 7 5 7 6 2 4 2 1 5 7 0 2 4 0 6
1 5 5 0 3 7 2 5 4 0 7 3 4 1 1 1
1 2 4 5 1 4 1 5 7 6 0 7 5 2 1 4
7 2 7 3 1 1 3 4 5 1 4 2 6 1 2 3
4 6 4 5 0 6 7 6 2 5 0 3 2 7 3 6
0 3 7 2 6 4 5 5 3 3 2 7 6 6 2 3
5 3 0 2 4 5 7 1 2 1 3 1 2 0 4 6
39 37 42 53 6 50 63 5 18 15 14 63 43 60 62 54
5 23 45 5 44 7 60 61 44 23 36 55 6 20 55 55
45 12 8 52 62 50 52 62 54 23 12 61 60 61 47 63
42 6 61 26 59 37 14 19 27 58 61 60 52 36 59 58
47 16 37 55 13 26 43 44 55 38 18 63 23 50 18 53
28 16 14 29 14 60 30 7 55 59 14 6 43 46 18 37
55 30 54 51 4 50 38 63 47 42 18 28 7 5 27 42
58 60 30 59 58 58 36 52 62 31 34 46 52 39 42 61
20 47 37 58 14 53 19 38 15 50 5 59 60 53 46 43
27 61 46 60 53 20 38 21 13 42 63 6 23 35 7 51
14 46 47 5 27 60 18 44 36 5 63 27 39 15 13 14
14 21 35 43 15 35 15 46 58 52 8 61 42 19 12 36
62 21 59 28 14 14 31 39 43 14 34 20 53 16 23 29
35 50 34 47 8 52 62 54 20 46 5 29 21 58 29 51
6 30 58 23 52 36 46 46 31 27 23 62 52 50 21 27
46 26 4 19 34 43 62 15 21 15 26 16 21 4 34 51
