0 0 0 0 0 0 0 0 0 0 0 0 0 0 0 0
1 1 1 1 1 1 1 1 1 1 1 1 1 1 1 1
2 2 2 2 2 2 2 2 2 2 2 2 2 2 2 2
3 3 3 3 3 3 3 3 3 3 3 3 3 3 3 3
4 4 4 4 4 4 4 4 4 4 4 4 4 4 4 4
5 5 5 5 5 5 5 5 5 5 5 5 5 5 5 5
6 6 6 6 6 6 6 6 6 6 6 6 6 6 6 6
7 7 7 7 7 7 7 7 7 7 7 7 7 7 7 7
0 0 0 0 0 0 0 0 0 0 0 0 0 0 0 0
1 1 1 1 1 1 1 1 1 1 1 1 1 1 1 1
2 2 2 2 2 2 2 2 2 2 2 2 2 2 2 2
3 3 3 3 3 3 3 3 3 3 3 3 3 3 3 3
4 4 4 4 4 4 4 4 4 4 4 4 4 4 4 4
5 5 5 5 5 5 5 5 5 5 5 5 5 5 5 5
6 6 6 6 6 6 6 6 6 6 6 6 6 6 6 6
7 7 7 7 7 7 7 7 7 7 7 7 7 7 7 7
4 5 6 7 8 4 5 6 7 8 4 5 6 7 8 4
13 14 15 16 12 13 14 15 16 12 13 14 15 16 12 13
20 21 22 18 19 20 21 22 18 19 20 21 22 18 19 20
29 30 26 27 28 29 30 26 27 28 29 30 26 27 28 29
38 34 35 36 37 38 34 35 36 37 38 34 35 36 37 38
42 43 44 45 46 42 43 44 45 46 42 43 44 45 46 42
51 52 53 54 50 51 52 53 54 50 51 52 53 54 50 51
60 61 62 58 59 60 61 62 58 59 60 61 62 58 59 60
7 8 4 5 6 7 8 4 5 6 7 8 4 5 6 7
16 12 13 14 15 16 12 13 14 15 16 12 13 14 15 16
18 19 20 21 22 18 19 20 21 22 18 19 20 21 22 18
27 28 29 30 26 27 28 29 30 26 27 28 29 30 26 27
36 37 38 34 35 36 37 38 34 35 36 37 38 34 35 36
45 46 42 43 44 45 46 42 43 44 45 46 42 43 44 45
54 50 51 52 53 54 50 51 52 53 54 50 51 52 53 54
58 59 60 61 62 58 59 60 61 62 58 59 60 61 62 58
