7 6 5 2 5 1 6 4 0 3 0 7 1 4 2 4
0 6 5 5 7 5 5 0 0 5 0 1 6 0 1 1
0 1 4 2 3 2 1 4 4 3 2 7 2 7 4 5
1 6 3 7 4 0 0 3 1 2 2 5 0 5 1 5
0 2 2 6 4 6 5 4 7 6 4 7 3 7 1 5
5 7 3 4 7 5 0 3 3 5 1 0 7 7 3 5
1 7 6 0 4 4 1 5 4 5 3 1 5 7 7 4
1 4 0 6 1 1 1 6 2 6 7 5 1 7 1 1
2 0 7 4 1 4 2 2 2 2 6 0 5 6 1 4
5 6 0 0 0 3 4 2 7 4 1 3 6 1 3 4
1 1 1 4 0 6 1 0 0 7 0 3 7 2 3 0
0 1 3 0 7 3 4 4 4 3 0 0 5 7 3 6
3 5 7 4 4 6 4 2 2 3 3 6 2 2 2 7
3 4 7 1 1 4 0 2 1 3 7 3 1 6 2 3
4 0 7 6 2 0 5 6 3 4 7 6 4 4 5 7
6 1 4 1 7 6 0 2 7 1 1 2 0 3 3 2
60 50 42 23 45 15 54 34 4 30 5 61 15 35 22 34
7 55 43 42 59 46 42 4 5 43 6 12 55 6 14 15
5 13 38 18 26 22 12 35 39 29 20 60 18 58 34 47
16 52 27 63 36 7 4 27 14 18 20 43 8 46 16 47
6 23 20 52 34 51 45 38 63 55 38 60 31 63 12 44
42 62 30 37 60 45 8 28 29 45 15 7 58 60 28 44
14 63 54 7 38 36 16 42 38 42 26 13 44 59 60 35
14 36 5 52 16 16 15 55 23 55 58 46 13 58 15 13
20 5 60 38 13 36 23 18 21 20 52 6 47 51 15 36
44 53 6 5 7 26 38 21 58 35 15 28 50 16 28 35
13 14 16 35 8 52 15 5 6 60 6 28 62 20 27 4
5 15 28 5 58 30 34 36 36 28 5 7 44 63 31 54
31 47 61 36 37 54 36 20 19 30 26 54 19 18 21 60
27 38 62 14 12 35 7 21 13 30 60 30 16 50 18 31
37 4 61 53 19 8 42 55 28 35 62 55 38 36 43 63
53 14 38 16 60 52 8 22 63 12 13 20 4 26 28 23
