5 4 3 5 3 0 4 4 0 0 5 0 7 7 5 4
0 7 2 2 6 0 3 6 0 5 3 0 4 3 7 6
1 3 5 0 7 2 7 2 3 5 2 0 4 6 0 4
0 5 6 6 3 6 6 5 7 3 1 0 5 0 4 3
4 6 4 4 1 6 0 3 3 6 7 5 0 6 4 7
5 5 3 3 3 3 6 2 5 1 7 3 1 1 3 2
5 5 5 2 7 6 5 7 7 2 6 5 4 6 5 7
0 7 6 7 1 3 0 1 0 4 5 1 5 6 2 1
5 0 7 5 5 1 7 4 6 0 4 7 6 5 5 1
6 1 0 4 3 3 5 5 4 2 1 6 3 5 4 4
0 0 7 3 3 5 2 0 2 0 2 2 6 7 6 5
5 5 5 4 2 4 6 2 5 6 0 2 0 7 5 2
1 4 5 1 3 6 4 2 2 3 2 6 4 3 2 5
4 5 3 2 0 3 2 2 4 7 4 0 3 4 3 6
6 5 3 4 2 6 7 7 7 6 6 1 7 0 2 3
1 6 5 1 1 6 1 2 2 7 2 2 5 7 1 0
44 38 29 47 29 8 35 35 8 4 45 4 58 63 42 35
6 59 23 23 55 6 31 55 8 43 26 8 38 30 62 55
12 30 44 6 59 22 60 22 30 45 22 5 35 54 8 38
8 47 55 51 28 52 54 45 63 29 12 4 45 4 39 27
36 54 38 34 15 55 6 26 29 53 61 45 5 52 35 63
47 44 27 28 30 30 50 18 46 13 62 30 16 16 27 20
44 42 46 23 59 52 47 61 60 20 51 42 36 53 47 61
4 61 50 61 12 31 5 15 4 36 47 14 42 55 18 16
43 8 59 47 46 13 63 38 54 6 39 63 54 47 47 13
50 16 4 34 30 28 45 45 37 18 16 54 28 42 36 35
7 5 60 29 26 44 23 7 19 6 18 21 51 61 54 42
44 44 44 37 22 36 54 19 46 51 6 23 7 60 45 20
13 34 43 12 29 54 39 21 18 31 19 50 39 26 18 43
37 46 31 20 7 26 19 23 37 58 38 6 27 39 29 51
55 42 28 39 21 52 61 58 62 52 55 14 58 5 19 31
15 55 43 12 16 53 12 23 19 59 18 22 43 62 12 6
