4 5 4 7 1 6 2 2 3 6 6 3 4 4 2 1
4 4 7 6 0 2 6 4 1 6 6 4 3 7 1 2
6 4 2 2 5 1 3 1 7 0 5 0 7 1 0 5
6 1 2 0 0 7 4 4 3 6 6 0 5 6 1 3
2 2 2 5 4 3 4 2 7 2 1 2 0 1 3 7
1 7 4 5 1 2 1 6 5 6 7 4 2 4 5 7
7 1 2 6 4 1 3 5 7 4 1 2 6 3 6 6
3 3 6 2 3 5 3 4 0 3 7 7 3 7 1 5
2 2 6 4 5 3 5 7 0 4 5 4 0 1 4 0
4 5 0 4 1 1 0 7 2 3 1 4 7 1 0 1
0 0 0 6 1 6 5 5 0 4 6 0 1 6 3 0
7 7 0 4 7 6 5 1 4 5 7 2 1 4 5 6
1 4 1 1 2 6 2 4 7 3 1 4 6 6 4 0
3 7 7 5 4 2 3 7 0 4 5 4 4 1 5 1
2 3 3 7 7 0 5 1 4 7 1 4 2 5 5 1
4 2 2 5 6 5 0 4 7 1 6 7 3 0 2 3
39 45 38 58 13 54 19 19 26 51 50 28 37 34 18 16
39 34 62 50 7 21 53 34 15 50 51 37 31 61 15 23
54 35 19 18 43 12 28 14 62 5 45 8 58 16 5 44
52 16 22 7 4 58 34 34 31 52 50 5 46 52 16 30
18 22 20 42 38 26 39 23 62 22 13 23 6 13 26 63
13 62 37 44 16 23 16 53 46 51 60 37 19 35 47 63
63 12 22 55 36 14 30 45 60 34 16 20 51 31 51 50
30 28 51 18 28 43 28 35 5 26 59 62 27 63 12 42
20 23 51 36 44 29 47 59 7 39 44 34 7 15 34 8
39 45 5 34 15 14 6 58 22 27 12 34 58 12 8 16
5 8 7 54 15 55 45 44 5 34 50 6 14 53 27 8
61 60 5 37 63 55 47 16 38 45 62 23 14 34 46 51
15 37 14 15 23 50 23 37 63 27 13 38 51 53 35 6
30 63 61 47 39 20 26 60 6 36 42 37 35 16 45 13
22 29 31 59 62 7 43 15 37 63 13 36 23 45 42 14
38 18 18 46 50 42 5 35 61 15 55 60 27 8 22 26
