0 7 2 6 6 4 7 4 3 2 0 1 0 5 7 3
4 3 7 4 3 5 3 7 1 3 4 4 7 0 0 3
5 2 5 5 2 7 2 0 5 7 0 0 4 4 0 6
2 5 2 1 6 7 7 2 4 7 3 7 1 1 0 6
6 0 4 4 4 7 7 2 1 2 1 0 6 5 0 2
5 4 6 6 4 0 0 4 4 3 7 7 5 3 5 6
4 6 0 3 0 2 6 4 3 1 1 4 7 1 4 1
2 0 7 2 5 1 6 6 3 5 3 2 2 5 3 4
4 6 5 3 0 6 4 1 2 3 1 6 1 6 5 0
6 0 7 2 7 2 7 5 2 6 1 1 4 4 2 6
6 3 3 1 6 3 6 3 1 7 3 5 1 5 0 0
4 4 2 4 4 6 0 1 1 4 4 4 7 2 0 0
0 6 3 4 1 5 3 0 7 2 6 5 5 2 4 7
0 1 4 5 3 7 6 0 7 3 3 4 7 4 3 5
5 7 0 6 4 6 6 0 5 3 2 5 5 2 4 0
6 4 1 7 7 5 5 0 4 3 5 0 5 4 1 3
8 58 23 52 52 39 60 39 30 21 8 16 7 43 58 28
37 27 62 39 27 42 26 62 16 31 35 35 63 6 4 30
42 22 42 44 23 59 19 7 43 60 4 4 34 35 8 51
18 46 23 14 50 58 62 20 35 62 28 58 16 12 6 53
54 6 38 34 37 62 58 21 13 18 12 5 53 47 5 19
46 38 54 50 36 7 5 39 36 30 62 58 45 27 45 53
35 53 7 30 5 22 54 38 29 16 16 35 61 15 35 14
21 7 62 22 47 15 54 55 26 43 31 19 23 42 29 34
37 50 42 31 5 53 36 15 23 26 15 54 13 54 46 8
53 5 63 23 63 19 62 46 19 53 16 15 37 38 18 51
50 31 28 15 53 30 53 30 16 62 27 42 16 42 5 5
38 39 22 34 38 55 7 14 14 37 35 38 60 18 7 4
4 50 27 39 13 47 28 8 63 23 54 43 45 20 35 63
7 14 35 44 31 62 52 6 59 27 28 37 58 35 29 45
42 61 8 55 34 50 51 7 45 29 18 42 44 18 38 7
54 38 16 62 60 47 44 8 36 29 43 7 44 37 16 27
