3 5 0 4 2 3 4 0 4 1 4 1 0 7 4 4
7 0 7 4 1 7 6 0 1 4 1 0 3 3 7 7
1 6 1 6 2 7 4 0 5 1 3 4 4 7 7 6
1 3 3 3 6 7 4 6 2 4 1 3 3 6 3 7
7 3 3 6 5 1 0 5 7 1 1 1 3 0 2 2
0 0 2 0 0 2 3 4 1 7 4 6 5 5 2 5
6 3 7 0 4 7 4 1 0 0 0 2 3 3 1 0
1 7 2 0 0 2 0 4 4 2 3 3 3 6 2 0
0 1 2 1 4 1 0 7 4 0 7 0 5 3 3 4
7 0 6 4 3 2 0 7 7 0 6 6 6 1 0 1
4 2 5 6 2 7 6 4 2 1 0 4 2 1 3 4
0 5 5 1 7 7 3 6 4 5 5 2 1 6 1 7
6 0 6 6 1 7 0 1 2 6 6 3 0 5 7 1
4 2 4 3 4 4 2 5 5 3 1 2 1 3 6 4
5 4 0 2 4 1 6 1 2 5 0 4 1 4 1 1
5 7 3 3 2 4 3 3 4 3 6 7 0 0 6 4
29 43 4 39 23 28 34 5 39 14 39 13 8 63 36 38
62 4 63 34 14 60 50 7 13 38 16 4 28 30 59 58
14 53 12 53 22 59 39 6 46 15 31 37 35 62 62 50
16 28 30 29 51 59 37 52 23 35 12 27 27 51 29 63
59 30 26 54 45 16 6 43 59 14 15 15 30 4 21 23
5 6 18 5 4 23 29 39 16 60 37 50 46 44 19 42
54 31 60 5 34 59 37 14 5 4 8 18 28 26 12 5
15 58 19 6 8 21 6 36 38 18 26 28 26 52 18 6
5 14 18 14 39 15 5 63 39 7 59 8 42 27 30 36
60 8 54 36 29 18 7 63 60 8 50 53 54 16 7 16
35 23 45 50 18 63 50 35 19 13 4 39 21 12 31 34
7 46 45 15 62 59 31 50 35 47 45 18 15 52 13 63
50 4 52 54 12 59 5 13 22 51 55 28 4 45 61 12
39 21 35 31 39 37 18 43 47 31 13 19 14 29 55 39
42 37 8 18 34 15 55 12 22 43 7 39 14 35 13 13
44 62 26 31 22 34 30 29 36 26 52 61 6 8 54 39
