3 7 7 3 4 0 3 6 0 7 1 7 1 4 1 6
5 1 7 3 7 7 2 0 2 3 5 1 4 3 3 7
4 3 4 6 2 2 3 5 5 2 6 1 5 5 5 4
3 1 7 4 5 3 4 0 6 7 0 3 7 5 5 7
4 6 2 5 1 3 1 4 7 0 1 3 2 5 1 7
1 7 7 4 3 1 5 1 0 1 0 7 2 3 2 7
3 4 2 6 3 4 6 3 3 0 5 6 0 1 0 3
2 3 7 3 2 3 5 5 2 5 1 7 5 1 2 0
0 1 0 3 6 6 6 3 2 6 0 4 1 3 3 1
6 2 7 5 2 4 6 0 5 6 5 2 0 5 2 4
5 5 5 1 3 2 6 1 4 7 0 0 1 1 4 5
6 1 2 6 6 5 3 4 6 7 0 2 1 3 3 2
2 4 0 3 5 4 4 4 1 6 0 2 3 1 2 4
5 0 5 7 7 7 5 0 7 5 4 3 0 5 0 2
0 6 5 5 2 5 6 4 2 0 6 1 7 6 7 3
4 4 6 6 4 2 1 4 4 6 1 3 5 3 4 3
26 60 62 30 34 6 27 53 5 60 16 59 12 36 16 50
43 13 59 27 63 63 20 4 20 28 43 14 39 27 30 58
39 30 37 54 19 21 27 42 46 18 52 16 44 46 43 36
29 15 60 37 44 27 34 7 54 59 6 26 61 42 42 60
34 54 18 46 16 26 16 37 62 4 15 27 22 47 14 62
14 59 60 38 30 12 44 13 6 16 7 61 21 26 18 60
31 34 21 53 29 39 52 30 26 8 43 55 8 12 5 26
23 27 61 28 18 26 46 42 23 46 13 61 46 12 18 7
8 15 7 29 52 50 51 31 22 52 6 34 16 29 26 14
52 22 63 44 22 39 54 8 46 51 45 18 7 47 22 36
45 47 44 15 28 20 51 16 36 58 4 4 15 14 39 47
55 16 18 51 52 45 30 38 52 61 4 18 16 28 29 22
23 38 6 31 47 39 38 36 13 53 8 18 26 13 20 34
46 6 44 60 59 60 42 5 60 45 39 30 8 47 7 22
6 55 46 43 23 44 50 36 21 6 51 13 62 54 59 29
39 37 51 53 39 19 15 35 38 53 15 27 47 31 36 27
