0 5 3 0 7 6 5 2 7 5 0 2 5 0 0 5
7 4 7 3 2 4 3 4 0 7 7 3 7 4 7 1
5 7 2 7 4 6 2 1 1 0 4 5 4 3 3 3
2 2 3 1 7 5 3 3 4 0 2 2 1 2 7 0
2 5 3 5 5 6 1 2 4 6 7 1 4 7 2 4
7 1 5 7 4 4 7 6 5 2 6 3 4 0 4 6
4 6 3 4 6 3 6 2 6 3 5 4 1 1 4 2
6 1 0 2 4 2 0 6 2 0 1 0 1 4 0 2
6 0 0 2 5 6 3 7 2 6 0 4 1 7 1 3
3 0 2 3 7 1 3 0 1 5 1 2 0 5 2 6
5 0 5 7 5 4 7 4 5 1 3 5 4 1 5 5
7 4 0 4 1 2 6 0 1 2 5 3 0 7 0 4
6 2 3 0 6 7 6 4 4 3 4 1 7 5 2 3
7 2 3 2 5 1 7 1 3 4 0 4 2 1 3 5
0 4 4 0 6 3 2 6 2 5 6 7 0 0 5 3
1 0 0 7 3 3 2 2 2 4 1 5 4 4 0 2
5 46 27 4 60 54 46 19 59 45 6 20 44 6 4 44
59 36 63 27 23 39 26 37 4 59 61 29 60 37 59 13
44 61 21 61 34 53 23 15 15 4 36 42 36 28 28 31
22 22 30 12 59 45 30 26 35 4 18 23 16 20 60 8
20 45 26 46 44 52 15 21 36 53 59 14 35 61 23 35
62 12 47 58 37 38 62 52 42 18 50 29 38 4 37 53
35 55 26 39 52 26 54 21 54 29 44 34 16 15 39 19
52 13 4 22 38 21 8 54 19 7 16 4 13 38 8 22
55 7 8 21 43 51 31 63 20 54 4 36 13 61 16 26
28 4 19 30 61 16 30 8 15 45 16 19 6 42 19 52
46 5 46 62 42 37 62 36 43 15 30 42 38 12 46 47
58 38 5 39 13 22 52 5 13 23 46 30 8 63 8 35
53 21 28 8 53 60 54 37 39 30 39 16 61 47 23 30
63 23 27 20 42 15 59 13 30 38 5 34 19 14 30 45
8 35 36 8 51 28 22 50 19 45 55 60 5 8 45 27
14 4 8 59 31 27 18 21 18 39 13 44 37 39 6 23
