0 4 5 3 2 2 2 5 7 2 1 2 2 2 1 7
3 3 6 6 6 6 1 7 0 7 0 3 1 7 3 0
6 4 7 5 0 4 6 1 3 2 0 5 2 4 1 1
0 7 3 0 2 0 7 1 7 5 7 0 2 4 4 1
1 3 5 1 6 2 7 4 4 6 4 7 0 2 0 3
6 6 7 3 3 3 3 6 6 3 6 4 4 0 1 3
5 3 1 3 6 2 6 1 5 5 6 6 6 5 1 1
4 1 1 3 5 6 0 2 5 1 0 4 7 3 2 2
4 4 3 6 3 1 6 3 0 1 4 2 6 7 2 3
1 7 1 2 6 6 7 6 1 3 0 1 2 6 4 6
2 2 0 4 6 7 1 1 2 3 1 6 2 4 5 0
7 3 1 2 6 6 0 3 2 3 1 5 2 3 6 1
4 7 2 0 4 3 2 6 0 7 0 4 7 1 3 0
1 4 0 5 7 3 2 0 1 6 1 1 6 3 2 5
3 1 6 1 5 5 4 1 3 6 6 6 6 5 5 3
3 5 5 1 5 5 6 2 4 0 5 5 2 3 6 5
6 39 44 30 22 20 23 45 58 22 13 21 20 19 16 63
28 29 51 50 52 50 14 60 8 62 5 31 13 61 27 7
53 35 58 43 7 38 50 15 31 18 7 44 20 39 16 13
6 61 28 7 18 7 58 15 60 44 58 7 19 36 34 14
15 27 42 14 51 20 63 34 34 51 39 58 7 18 6 27
55 53 63 26 30 28 31 50 54 26 54 39 39 7 14 29
42 30 16 28 53 18 55 12 46 42 52 55 52 45 13 12
38 14 14 26 45 51 4 22 46 15 5 34 61 27 19 23
34 35 29 50 27 12 51 28 6 16 38 18 51 61 22 29
14 59 15 23 50 54 62 50 12 27 4 15 21 50 35 53
20 18 6 35 53 61 14 12 23 28 12 52 23 38 46 8
62 30 13 18 52 53 7 26 22 28 15 47 19 30 51 13
37 59 21 6 36 27 23 55 8 63 7 38 58 15 27 5
13 34 8 42 60 31 20 5 14 55 14 13 51 31 23 43
29 12 50 13 46 43 39 13 29 55 53 52 51 44 45 26
28 43 43 13 47 43 52 22 36 5 45 44 22 27 55 42
