3 3 2 3 7 3 4 5 0 1 1 4 6 5 2 5
6 5 7 6 2 6 0 2 0 2 5 1 6 2 0 5
3 2 1 0 3 0 6 2 6 1 5 5 3 6 5 0
1 2 3 5 7 1 5 1 2 5 2 5 6 4 1 6
1 3 1 7 2 0 5 0 3 2 3 7 6 4 4 5
7 7 7 1 3 0 4 3 2 3 4 0 4 7 7 5
7 4 7 4 4 7 3 5 1 7 0 0 6 4 4 1
6 6 6 1 0 4 1 0 4 4 3 0 6 6 1 3
6 2 2 7 1 2 2 7 3 5 6 1 3 4 2 3
3 2 5 2 1 3 2 6 7 0 1 4 2 7 3 4
6 5 5 5 7 4 1 3 7 6 2 7 1 7 0 0
3 7 5 3 1 6 3 6 3 7 3 1 1 7 7 6
3 1 2 0 3 5 0 6 0 3 5 7 2 3 7 5
0 2 3 1 5 0 6 6 6 6 6 1 1 6 0 5
6 5 5 1 2 6 3 4 5 2 5 5 6 6 2 3
7 4 2 0 7 5 5 2 4 2 5 0 2 2 1 4
26 29 22 29 63 27 34 42 8 13 12 37 52 44 20 47
53 47 63 52 19 52 5 23 7 18 44 13 55 21 4 44
28 18 16 6 30 7 51 20 55 16 47 43 31 55 42 8
12 22 30 44 63 12 45 12 20 46 23 43 52 36 13 51
16 27 12 63 20 6 42 8 30 21 27 59 50 37 34 44
61 58 59 14 26 8 39 29 20 31 35 8 36 59 63 43
62 38 59 36 34 61 27 45 12 63 4 4 54 34 36 12
54 50 54 15 6 35 13 5 39 39 27 4 50 52 16 26
55 20 18 61 12 20 18 58 28 47 54 12 31 35 22 29
28 21 46 18 12 27 22 52 60 5 14 38 18 60 29 38
51 46 46 42 61 36 15 31 58 51 22 61 14 63 6 8
30 61 42 30 13 51 29 53 28 58 27 13 16 62 63 51
28 16 22 4 30 44 4 52 5 28 43 58 21 31 59 45
4 22 30 16 45 5 55 55 51 52 50 12 14 55 7 44
50 42 45 14 20 50 31 37 43 23 42 44 54 51 18 30
58 39 21 8 63 42 43 19 38 21 45 5 18 18 12 38
