5 4 5 7 6 5 3 4 1 7 1 5 2 4 7 1
6 4 2 1 6 5 2 1 2 5 2 7 3 4 4 5
6 5 3 7 4 3 6 0 6 6 4 6 3 5 1 1
2 7 5 5 0 4 3 3 7 4 5 5 4 5 1 4
1 2 3 7 5 4 4 4 5 7 5 3 4 5 5 3
6 1 2 2 3 2 4 6 6 6 0 7 6 4 2 4
7 3 4 5 3 4 1 5 3 6 1 5 1 5 5 7
5 6 0 3 5 7 1 2 6 2 3 6 2 0 4 2
1 2 6 5 3 3 6 5 6 7 3 6 0 2 0 5
7 2 5 0 7 4 4 6 3 4 3 2 4 6 7 7
4 6 3 0 3 1 4 5 3 2 2 5 2 4 5 2
1 5 5 6 5 6 1 5 2 3 2 0 4 0 6 4
2 7 7 0 3 2 5 7 5 4 6 0 7 1 4 1
3 7 0 6 7 7 1 4 2 1 1 4 6 2 1 7
3 1 2 7 5 0 3 0 7 6 6 1 3 6 7 1
7 3 6 2 0 0 3 4 7 4 4 7 5 0 1 1
47 38 43 63 53 46 28 34 16 59 16 46 19 38 61 15
52 34 22 16 53 44 23 13 20 47 22 60 29 39 37 46
51 42 26 60 37 30 50 6 55 51 38 55 28 47 15 14
19 63 45 47 5 35 30 26 58 36 44 42 37 44 15 35
13 18 31 61 46 38 34 35 43 62 43 26 35 46 44 31
54 15 19 20 26 18 37 53 53 53 8 62 54 35 23 34
58 27 38 44 31 34 16 42 29 52 12 46 12 43 43 61
45 50 4 26 44 63 15 22 55 22 27 50 23 6 36 20
14 20 50 43 28 31 51 45 51 60 31 53 4 20 7 47
58 21 46 8 60 37 35 54 30 35 26 19 34 54 58 63
36 53 27 4 31 13 38 46 30 18 22 42 21 35 45 22
14 42 44 55 45 54 14 43 20 30 22 6 35 7 54 39
18 60 61 6 27 20 44 62 47 39 53 6 62 15 36 15
27 58 7 53 63 58 15 35 21 16 14 37 55 21 15 58
26 15 23 58 42 8 29 6 59 51 53 16 26 51 58 14
63 31 52 18 5 5 31 34 59 37 34 58 45 6 15 14
