5 4 3 1 0 5 3 1 5 6 5 7 1 5 7 1
1 3 2 7 0 6 4 2 5 0 0 4 4 1 6 6
6 2 1 3 5 4 6 2 6 2 3 5 3 0 2 6
4 3 4 1 0 0 3 0 3 7 4 0 2 5 5 3
6 0 1 0 4 1 2 1 7 7 2 5 7 1 4 3
6 2 6 2 2 3 7 3 2 0 5 7 0 1 0 5
7 6 1 4 6 6 3 5 6 1 0 7 7 7 6 4
0 1 4 2 0 0 1 7 2 1 3 2 2 5 7 4
4 1 4 4 1 6 6 4 2 4 2 7 2 2 3 6
6 0 4 0 5 0 5 2 5 6 2 7 0 1 2 2
4 4 3 1 3 6 2 4 6 7 3 0 3 4 0 4
4 1 1 6 7 7 7 4 0 3 1 4 2 2 0 5
0 6 0 7 4 7 1 3 0 0 7 5 7 7 0 6
5 5 0 1 3 1 5 5 1 6 1 6 2 6 6 1
0 1 4 1 0 3 0 2 2 2 5 0 3 3 6 7
1 4 7 2 2 1 2 7 5 4 4 2 6 4 0 1
45 38 30 14 7 42 26 13 46 51 42 60 15 45 60 16
12 29 21 59 7 53 36 20 42 7 6 39 37 15 52 50
54 22 13 27 42 36 55 23 52 19 29 44 30 4 19 55
36 26 37 16 6 6 31 6 31 59 35 6 18 42 44 29
50 4 15 5 39 16 22 15 58 61 20 44 59 12 37 26
52 22 52 21 21 30 59 31 18 8 47 60 7 13 8 44
61 53 13 38 53 53 26 44 53 14 6 63 61 63 55 37
8 16 35 18 7 7 12 62 21 15 28 20 19 42 61 37
34 16 34 36 12 50 52 39 22 39 22 58 23 21 30 51
53 7 39 4 45 4 42 22 47 54 18 58 7 14 19 23
36 37 26 14 31 53 19 34 53 60 31 6 29 38 8 39
37 15 15 55 60 59 63 34 7 28 12 36 19 21 8 47
5 51 4 63 35 60 14 30 5 4 63 44 60 63 5 55
46 46 5 14 31 16 45 45 16 53 15 51 20 55 55 16
6 14 36 16 8 28 7 22 19 19 47 5 28 30 53 59
13 37 59 21 23 14 18 58 45 35 34 18 51 37 8 14
