7 4 7 5 3 1 1 6 3 4 1 0 7 5 4 0
1 6 6 3 7 5 1 1 4 0 7 3 7 2 1 6
7 6 3 1 5 6 1 1 7 6 5 5 6 2 6 2
7 6 6 4 4 0 1 0 4 3 1 7 2 6 6 7
0 4 1 1 2 0 5 6 4 2 4 4 2 7 1 0
5 2 0 1 1 7 4 4 0 0 7 4 7 2 4 1
3 6 4 1 6 1 0 4 1 7 0 7 0 1 0 6
6 0 5 6 4 0 7 7 6 3 1 6 3 5 4 7
6 2 1 0 1 2 2 7 3 0 3 3 0 1 0 1
1 5 1 5 0 2 6 2 4 3 4 4 5 7 6 1
1 6 4 4 1 4 5 2 2 0 7 0 7 4 5 7
3 1 0 4 1 7 6 7 3 3 7 1 7 3 5 4
3 6 4 0 2 7 2 1 5 0 0 4 0 6 7 4
2 7 6 6 7 5 1 6 6 1 7 3 3 4 1 1
1 2 7 1 6 2 4 1 2 6 0 5 4 7 1 5
6 0 3 2 6 1 1 4 0 5 7 4 6 3 2 5
60 38 63 44 29 14 14 51 30 39 14 4 62 46 35 4
14 50 54 26 60 45 16 13 38 7 61 27 62 22 14 55
62 55 31 16 46 50 15 12 58 54 46 45 53 23 54 20
62 55 55 35 39 6 13 8 36 28 13 63 23 53 53 63
6 39 12 16 21 4 44 54 35 20 34 38 21 62 13 4
42 19 5 12 14 60 36 37 5 5 58 35 59 20 34 12
29 53 38 16 54 14 7 39 12 58 4 60 6 16 8 53
54 5 42 50 39 4 58 61 52 27 12 54 30 44 36 60
50 22 13 4 12 20 18 60 31 7 28 29 4 13 7 15
13 43 14 44 7 20 54 21 36 30 39 35 45 59 51 14
14 50 36 36 15 38 45 21 19 8 60 6 61 39 47 59
29 16 5 39 12 61 51 61 26 26 61 14 58 29 44 38
29 51 38 7 18 59 22 12 44 6 8 37 6 51 58 37
18 63 53 53 61 43 13 50 50 14 61 31 30 37 15 16
16 21 59 15 53 23 37 12 20 53 5 45 38 63 16 44
50 6 28 22 53 13 14 36 4 44 61 39 51 30 21 47
