7 5 3 4 0 1 2 3 7 1 7 4 6 4 7 5
0 5 2 5 5 6 4 3 0 6 7 4 1 3 0 5
0 5 3 2 5 7 0 2 4 2 0 5 6 1 5 5
4 1 2 2 5 3 1 7 2 5 2 7 2 6 7 2
6 2 5 2 6 1 3 6 0 1 0 4 1 6 0 1
4 7 4 4 5 4 2 2 1 1 2 0 3 5 1 5
0 7 6 4 6 3 1 7 2 3 0 3 5 6 6 6
6 2 7 2 0 3 7 3 0 0 7 0 3 5 3 6
5 5 6 1 4 6 2 6 5 7 4 0 7 4 1 2
6 7 6 4 3 4 6 6 3 3 5 0 6 0 5 5
1 1 0 6 7 5 7 7 6 1 0 1 2 5 0 7
4 1 0 2 7 4 4 3 2 5 1 1 6 3 2 6
3 3 1 2 4 0 4 1 6 6 0 7 0 5 5 5
3 7 0 4 1 4 0 0 4 7 0 0 1 6 1 5
1 7 5 4 3 2 7 2 0 3 5 3 2 0 4 0
1 5 2 5 5 6 3 2 5 2 0 7 5 1 2 5
58 45 26 38 8 15 22 26 61 13 58 34 53 36 61 47
8 43 22 47 47 53 36 27 6 53 62 37 15 28 6 42
4 43 27 20 43 58 4 22 38 21 8 47 53 13 42 45
34 13 21 23 44 28 16 60 19 46 22 62 22 52 59 22
54 23 43 23 51 14 30 52 8 16 8 37 12 52 6 14
36 60 37 37 43 35 19 22 16 14 23 4 30 44 14 43
7 63 51 36 53 31 16 60 21 28 7 30 44 51 55 53
54 18 58 23 4 31 60 29 5 6 58 8 27 44 29 50
45 46 53 13 37 50 20 52 46 61 36 8 61 36 12 19
52 62 53 34 28 39 52 52 26 29 42 6 50 6 43 45
12 16 8 52 58 44 63 60 50 12 8 14 21 44 6 59
37 12 6 19 59 37 38 29 21 43 16 14 51 31 20 53
31 29 12 21 35 5 36 12 50 51 6 62 4 43 42 46
31 60 8 36 16 39 7 7 38 59 5 6 12 51 15 46
16 62 46 36 28 18 58 19 5 31 47 28 22 7 35 5
16 43 23 47 42 55 29 19 47 23 8 60 43 12 22 47
