7 7 6 6 7 3 2 2 2 6 6 0 1 2 0 0
5 2 5 4 6 2 7 2 3 0 0 0 7 4 6 2
6 0 2 5 5 4 0 0 1 5 7 1 7 7 2 2
1 4 0 5 6 1 4 0 2 0 2 1 7 7 6 2
5 6 3 2 5 5 5 3 0 2 1 3 7 4 0 7
0 6 7 3 7 2 2 7 4 7 1 7 4 7 3 3
2 4 0 5 2 7 7 6 5 1 7 0 6 3 0 1
4 5 3 5 3 0 7 3 1 2 4 1 1 0 6 2
2 2 2 0 4 1 6 7 1 6 5 7 4 3 5 0
7 7 3 6 1 1 0 2 2 0 5 6 7 5 5 1
2 7 5 5 0 6 2 4 5 4 3 3 7 1 4 4
6 5 0 7 6 4 7 7 5 7 6 4 3 0 7 3
5 0 1 4 2 4 4 5 1 1 5 5 7 0 7 3
1 6 1 5 2 4 6 2 0 6 3 1 0 1 4 2
1 1 1 3 4 7 7 2 3 4 7 3 2 4 4 6
4 3 4 7 0 6 4 7 4 2 7 6 4 5 2 2
58 59 55 54 61 26 22 21 21 50 54 7 14 19 7 8
44 18 45 37 55 20 60 23 29 7 4 7 58 39 50 19
51 6 20 46 42 39 8 4 14 46 60 14 62 61 23 23
13 37 8 44 52 14 36 8 23 7 18 12 63 58 53 18
47 55 31 18 43 47 43 30 5 23 15 26 59 34 5 63
4 50 58 26 58 21 20 63 38 60 14 60 35 62 29 30
21 36 4 42 20 62 59 50 44 16 59 8 53 28 5 12
37 45 28 45 30 5 59 26 16 20 38 13 14 5 53 22
20 23 23 8 35 16 50 63 14 55 46 60 35 26 42 4
62 61 30 50 14 13 8 19 18 5 44 52 59 45 43 12
18 59 44 47 4 52 23 37 43 34 28 28 58 13 37 35
54 44 6 59 55 37 61 63 45 63 53 35 31 8 59 30
47 7 16 35 20 37 35 45 14 12 46 44 58 4 61 27
16 52 16 43 21 35 52 19 8 55 26 15 8 12 38 22
12 12 13 28 37 59 60 21 31 37 62 28 23 34 34 53
38 29 37 61 8 51 35 58 37 22 59 55 38 47 22 19
