0 6 5 2 6 3 4 0 5 7 6 1 5 5 7 6
0 0 3 3 6 4 4 6 4 6 4 6 4 1 2 2
0 2 6 0 4 0 7 0 2 4 7 2 5 3 5 4
4 5 4 1 1 3 1 6 2 1 0 0 6 1 4 5
0 4 0 4 0 1 0 2 4 5 0 0 5 1 4 1
4 1 6 2 1 1 6 5 0 6 6 5 0 5 4 5
2 4 6 3 1 1 5 4 3 6 0 4 3 3 5 7
6 4 4 5 0 7 4 7 2 1 5 4 5 6 2 2
3 5 3 0 4 4 5 6 3 3 4 7 3 3 2 5
6 0 2 0 2 6 6 1 1 2 0 3 0 0 6 1
0 5 3 3 3 2 0 1 6 6 2 2 0 1 5 2
7 5 6 4 5 0 2 0 6 2 3 5 6 2 5 6
6 6 0 5 3 5 0 2 5 1 4 5 1 0 5 6
7 6 5 2 4 0 7 2 1 1 6 6 0 6 1 6
4 7 1 6 5 4 7 3 6 4 6 0 0 6 5 6
3 4 7 1 5 7 7 4 1 6 5 0 5 1 5 6
4 53 47 23 53 28 36 4 47 61 50 13 45 45 62 55
6 7 29 30 55 34 35 54 39 55 37 51 38 12 23 18
4 21 53 8 35 6 62 5 18 35 60 20 47 31 43 35
37 43 39 14 15 30 13 51 22 12 4 6 50 16 38 45
6 35 6 38 5 13 8 19 35 42 6 4 47 15 36 12
37 13 53 20 14 14 52 42 7 53 50 47 4 44 35 47
18 35 51 26 15 12 44 38 31 50 6 38 26 28 45 61
50 37 35 47 8 58 34 63 21 13 47 34 42 55 18 21
28 46 26 5 36 37 47 54 31 31 34 62 28 27 20 43
54 7 22 4 21 55 50 14 12 21 5 31 4 8 50 14
8 45 28 30 29 19 8 16 50 55 23 21 8 12 46 23
60 43 50 39 43 6 23 5 51 20 30 45 50 20 45 50
50 52 8 44 29 45 8 22 42 12 39 43 14 5 46 50
61 55 43 20 36 7 61 22 14 12 55 52 8 53 15 53
38 58 14 52 46 34 62 28 51 37 54 8 4 51 44 52
28 36 60 16 43 58 59 35 16 54 47 5 43 16 47 52
