0 3 4 0 0 2 7 3 4 0 3 6 6 2 2 3
7 1 2 2 4 4 7 6 2 0 4 4 7 6 1 5
6 5 3 2 3 2 0 1 6 5 7 5 1 7 1 3
2 3 0 2 6 4 4 5 4 2 7 7 5 2 6 4
1 1 5 7 7 6 4 1 7 3 6 6 1 4 1 2
1 1 0 1 6 7 4 3 6 4 0 0 5 3 4 5
5 2 7 2 0 6 1 4 2 4 6 0 4 5 7 6
6 2 3 6 3 0 2 4 7 5 1 7 1 0 1 0
2 4 1 7 0 4 6 3 2 7 1 3 7 5 4 5
6 5 2 6 7 4 6 4 6 5 4 4 5 3 2 5
0 0 7 5 5 5 7 5 1 0 2 2 4 4 2 3
7 6 0 4 3 2 1 0 6 5 7 2 4 1 1 5
5 7 3 0 4 1 2 3 1 2 0 3 2 4 1 5
2 5 0 3 3 5 1 7 4 3 3 6 0 4 6 2
7 2 2 6 0 0 7 5 2 0 6 7 7 6 2 4
0 4 4 5 4 0 2 4 2 2 2 4 1 4 5 2
4 28 35 6 4 20 62 29 39 7 30 51 52 19 22 28
61 13 18 18 38 37 63 54 21 4 35 37 61 51 12 45
52 43 26 18 27 18 8 14 55 44 59 44 15 59 14 30
22 27 4 22 54 39 36 44 35 23 58 62 46 23 50 39
15 16 43 62 63 52 38 12 63 29 50 52 15 34 12 20
14 13 5 15 54 58 37 31 54 34 8 6 42 28 39 47
46 21 61 21 8 50 13 37 18 35 51 6 38 42 62 53
53 18 30 53 28 8 21 37 61 42 14 63 15 7 14 4
21 39 14 58 5 37 52 26 23 61 16 31 61 42 37 43
55 47 18 52 60 34 54 36 53 44 35 39 42 26 23 44
4 6 60 46 45 44 62 42 14 7 20 23 36 39 19 27
58 55 4 36 28 23 14 7 55 42 58 20 39 15 15 47
43 61 30 6 39 12 23 26 14 18 6 31 19 38 15 42
19 43 7 26 31 47 13 59 36 28 31 52 5 34 54 23
62 18 22 52 5 5 61 47 22 5 51 58 62 53 22 34
5 34 38 42 39 7 23 34 20 19 19 39 13 37 43 23
