4 3 1 5 7 0 5 1 3 2 0 3 3 3 3 2
4 0 4 3 3 5 0 2 1 4 1 7 6 3 0 5
1 6 2 3 0 7 5 5 5 1 3 2 5 7 0 1
2 1 6 7 3 2 4 3 3 5 5 7 5 7 3 2
7 2 7 2 0 2 3 0 6 1 0 1 2 4 6 1
7 6 4 4 3 6 7 6 4 3 5 0 0 2 0 2
6 0 3 6 3 1 4 0 6 5 2 6 6 2 7 4
4 6 5 1 1 0 5 4 2 3 7 6 7 7 4 0
1 0 4 1 3 1 1 6 3 6 4 2 4 6 4 4
2 0 3 7 6 4 3 0 2 5 1 6 2 3 2 7
6 3 0 2 6 7 3 3 0 3 6 1 5 7 5 1
7 7 3 3 1 3 0 4 4 6 3 2 2 3 1 4
6 1 4 7 7 0 0 2 5 4 7 5 5 7 7 0
0 4 5 7 7 1 6 2 6 7 1 0 4 6 7 6
0 3 3 7 5 6 2 0 4 4 5 7 6 3 5 4
4 6 0 3 1 5 1 2 0 5 6 4 5 5 5 6
34 30 15 42 61 7 43 15 26 18 7 31 27 28 26 19
35 6 37 29 31 44 8 21 15 39 12 62 50 30 6 43
16 54 23 30 8 59 44 44 47 12 27 22 45 61 6 13
22 12 51 61 29 19 38 28 28 43 47 62 43 60 27 22
62 22 58 23 6 23 28 6 54 13 5 13 22 38 53 12
62 52 39 37 28 54 58 51 39 26 46 6 8 21 8 23
55 6 26 51 30 13 37 4 51 42 23 52 54 20 58 36
37 51 43 15 14 7 43 35 20 27 58 53 62 58 39 7
15 7 36 12 28 12 15 52 28 55 36 21 38 50 38 36
21 7 27 63 54 34 29 5 21 42 15 50 18 27 20 63
52 26 8 23 52 59 28 29 6 29 55 16 46 58 47 13
63 58 26 28 14 29 5 34 37 54 30 23 18 31 14 36
54 13 37 58 60 8 4 18 42 39 58 42 43 60 63 5
4 38 42 60 60 15 52 23 52 62 16 5 37 55 62 54
8 29 30 58 46 51 18 4 37 38 42 58 53 28 47 38
36 52 6 28 16 44 13 19 6 44 54 34 46 43 44 54
