6 5 5 7 1 0 0 4 7 5 7 3 6 3 3 1
5 5 1 7 7 6 0 1 1 4 7 0 1 6 3 4
3 6 6 2 3 2 1 4 1 6 0 2 7 0 3 4
4 0 4 0 0 2 7 0 6 7 7 5 2 5 0 5
3 2 6 1 6 5 4 0 5 2 7 5 7 5 4 2
7 1 0 1 6 0 1 6 6 5 5 1 3 5 1 4
0 4 5 3 6 2 0 1 5 4 5 3 4 5 0 0
3 0 5 3 2 5 7 4 2 6 2 6 0 5 1 6
5 5 0 2 7 2 2 4 6 1 2 0 7 1 4 7
2 0 1 5 7 5 3 6 6 1 6 2 3 6 6 2
7 7 3 0 7 1 3 1 2 1 5 0 2 4 7 1
2 1 1 7 5 6 5 0 7 0 5 0 5 6 3 7
7 7 6 1 3 1 5 6 7 7 7 4 3 4 0 1
2 7 4 5 1 0 1 5 1 0 3 4 1 6 1 3
3 2 2 6 1 6 3 1 7 3 2 3 6 7 3 2
1 4 6 0 6 3 5 4 0 5 7 5 1 4 1 4
54 42 44 62 13 4 4 39 61 45 60 31 50 31 31 16
45 44 16 61 58 50 5 14 14 37 59 6 12 55 27 36
31 51 55 19 28 20 15 34 15 53 7 20 62 5 28 36
35 7 39 5 6 20 58 7 50 60 60 43 20 43 7 47
27 18 52 12 51 46 38 5 45 18 60 43 58 46 36 19
61 12 6 14 55 4 16 50 54 42 42 12 27 44 16 37
8 38 47 27 50 21 6 13 44 38 46 31 36 42 4 7
30 5 43 27 18 42 58 36 18 53 20 51 5 46 15 50
42 42 8 20 60 22 21 38 51 13 22 7 62 15 34 58
18 6 14 44 63 44 31 54 50 12 50 22 31 50 54 21
63 59 29 5 59 15 27 15 22 13 42 5 19 35 62 15
22 16 15 60 47 50 47 6 59 4 45 8 44 53 31 63
61 58 50 13 27 14 45 50 60 62 63 39 31 34 5 15
18 59 37 44 12 5 12 44 14 4 31 38 12 53 13 28
30 19 19 52 16 51 30 15 60 30 18 26 51 63 31 19
14 35 54 5 55 27 45 38 8 47 60 47 16 34 15 37
