0 5 5 1 4 1 3 7 1 3 4 4 3 3 5 1
5 7 6 7 5 0 3 1 2 5 6 5 4 3 2 6
3 3 5 6 3 2 0 4 1 3 3 7 5 3 4 0
2 0 0 1 3 6 6 7 0 2 1 1 5 3 4 3
4 1 0 5 7 0 5 1 2 4 2 3 6 2 6 1
5 4 2 6 0 0 0 3 6 5 5 0 4 5 0 3
1 0 7 3 1 3 2 4 3 7 7 2 2 5 6 3
2 3 6 6 5 6 0 2 4 5 4 2 5 7 7 2
5 7 0 6 7 1 4 6 0 0 4 4 0 4 7 2
4 7 4 6 3 4 2 0 7 7 6 3 7 7 5 6
1 4 1 4 1 1 6 0 1 7 3 4 5 1 6 7
7 4 0 1 7 4 5 7 3 4 5 6 5 7 3 6
5 1 2 2 4 0 3 3 3 6 0 0 5 6 3 0
2 2 7 3 3 4 0 5 4 4 7 0 7 4 6 6
6 4 5 1 0 5 1 1 1 3 0 7 2 1 6 2
2 5 7 3 4 5 2 0 3 3 2 3 0 0 7 7
4 45 45 13 35 15 28 59 16 30 35 39 26 30 44 12
42 63 50 63 45 4 30 12 23 43 52 47 37 27 19 54
30 27 46 53 28 18 6 39 14 26 31 62 42 31 37 4
19 7 7 14 28 50 51 63 8 19 16 12 43 26 34 29
36 16 7 42 60 8 43 12 21 36 23 31 53 18 52 14
43 38 19 51 8 6 4 28 52 47 46 6 35 46 4 30
14 6 63 31 13 29 19 39 27 63 62 21 20 47 50 26
19 29 55 50 43 50 6 23 34 45 39 21 43 62 59 22
46 59 7 55 61 15 36 50 5 6 37 38 4 34 60 21
36 61 37 52 30 37 22 6 61 63 51 31 61 63 44 51
12 34 16 35 13 12 51 4 12 59 26 39 42 15 51 63
61 37 5 12 61 38 46 61 30 34 42 50 43 63 28 55
47 14 23 22 38 5 29 30 27 52 8 7 43 53 27 8
21 20 58 28 29 34 5 43 37 39 63 7 61 35 51 51
55 34 42 13 7 46 15 14 15 28 8 62 21 15 51 19
22 45 62 27 38 44 21 8 30 26 18 28 5 5 58 60
