0 6 2 7 2 5 3 1 3 7 3 4 4 3 2 1
3 0 2 3 4 3 7 2 2 2 7 5 5 7 6 2
7 1 7 4 3 1 7 7 7 4 3 1 5 7 1 4
3 3 2 3 7 5 2 4 6 0 0 3 4 6 5 3
4 5 1 7 4 1 6 5 0 2 3 0 6 1 6 4
0 3 0 4 7 6 0 2 7 6 5 5 6 6 7 6
6 4 0 1 4 4 0 7 2 1 0 0 7 5 2 6
1 5 0 1 4 3 7 2 6 3 5 3 6 6 5 4
3 2 0 3 5 3 5 1 3 6 4 7 4 2 6 6
0 4 6 4 4 0 6 3 1 3 4 2 6 2 5 1
4 3 6 2 0 4 0 5 5 2 3 4 6 6 1 1
6 3 5 2 7 0 5 2 6 3 6 3 7 4 5 1
7 3 2 0 4 1 2 3 3 0 6 5 7 4 5 1
2 5 2 0 2 2 2 1 0 2 7 6 4 5 6 1
1 5 4 0 3 6 1 2 7 3 4 6 3 2 0 7
7 4 3 2 4 1 0 6 6 3 7 3 2 1 5 1
6 50 18 58 21 46 27 13 31 63 28 36 34 31 19 16
29 6 23 29 36 27 59 21 21 23 61 44 43 61 50 19
61 15 63 35 29 14 62 60 59 34 26 14 47 61 15 34
27 31 22 29 60 44 18 37 54 8 7 28 35 51 44 27
37 43 16 59 39 14 51 43 8 20 29 6 53 15 51 36
6 26 4 39 58 52 5 19 62 50 44 47 52 53 62 54
55 36 4 13 38 36 8 62 21 12 8 5 59 44 20 51
16 45 8 15 39 27 58 22 53 27 45 30 50 53 42 37
30 21 6 31 47 27 47 13 27 52 36 58 34 23 50 53
4 36 55 36 37 4 51 28 15 28 36 20 50 19 44 15
39 31 53 21 6 39 8 44 42 23 27 37 55 54 16 14
52 30 42 19 58 5 44 18 53 26 53 31 60 37 42 16
60 31 23 6 34 12 23 30 26 8 51 42 63 39 44 12
19 46 19 5 18 23 19 14 5 21 61 52 34 46 50 15
14 43 34 5 27 51 16 19 58 31 35 52 30 22 8 58
58 37 28 23 36 16 5 51 53 26 58 26 18 15 47 13
