0 0 0 0 0 0 0 0 0 0 0 0 0 0 0 0
0 0 0 0 0 0 0 0 0 0 0 0 0 0 0 0
1 1 1 1 1 1 1 1 1 1 1 1 1 1 1 1
1 1 1 1 1 1 1 1 1 1 1 1 1 1 1 1
2 2 2 2 2 2 2 2 2 2 2 2 2 2 2 2
2 2 2 2 2 2 2 2 2 2 2 2 2 2 2 2
3 3 3 3 3 3 3 3 3 3 3 3 3 3 3 3
3 3 3 3 3 3 3 3 3 3 3 3 3 3 3 3
4 4 4 4 4 4 4 4 4 4 4 4 4 4 4 4
4 4 4 4 4 4 4 4 4 4 4 4 4 4 4 4
5 5 5 5 5 5 5 5 5 5 5 5 5 5 5 5
5 5 5 5 5 5 5 5 5 5 5 5 5 5 5 5
6 6 6 6 6 6 6 6 6 6 6 6 6 6 6 6
6 6 6 6 6 6 6 6 6 6 6 6 6 6 6 6
7 7 7 7 7 7 7 7 7 7 7 7 7 7 7 7
7 7 7 7 7 7 7 7 7 7 7 7 7 7 7 7
4 6 5 5 8 8 8 6 8 6 4 7 7 7 6 7
7 4 4 7 4 5 6 4 8 4 5 5 8 6 5 5
16 12 14 16 12 15 14 12 15 15 13 13 15 15 16 13
14 15 12 13 14 14 15 14 14 12 16 14 14 14 14 15
23 22 21 21 23 20 22 19 23 19 21 19 21 18 23 18
20 21 18 20 20 21 20 22 21 23 22 21 20 23 18 23
29 27 29 29 27 29 27 26 27 29 27 31 28 31 31 28
29 31 30 27 31 27 29 28 29 26 29 28 29 29 30 28
37 35 38 39 35 36 35 37 35 36 34 36 36 34 35 34
39 38 36 35 37 38 38 36 35 35 38 35 36 38 34 38
43 44 45 44 42 45 47 46 43 45 47 47 42 42 44 45
46 45 46 43 45 47 42 43 47 42 42 44 45 44 42 44
51 55 51 50 50 54 54 50 53 53 55 50 54 53 51 50
53 50 50 51 52 50 50 50 53 51 51 53 53 50 53 52
58 61 62 62 63 61 60 61 62 62 62 59 60 60 62 58
62 58 60 61 61 61 61 61 58 59 58 61 58 62 60 58
