0 0 0 0 0 0 0 0 0 0 0 0 0 0 0 0
0 0 0 0 0 0 0 0 0 0 0 0 0 0 0 0
1 1 1 1 1 1 1 1 1 1 1 1 1 1 1 1
1 1 1 1 1 1 1 1 1 1 1 1 1 1 1 1
2 2 2 2 2 2 2 2 2 2 2 2 2 2 2 2
2 2 2 2 2 2 2 2 2 2 2 2 2 2 2 2
3 3 3 3 3 3 3 3 3 3 3 3 3 3 3 3
3 3 3 3 3 3 3 3 3 3 3 3 3 3 3 3
4 4 4 4 4 4 4 4 4 4 4 4 4 4 4 4
4 4 4 4 4 4 4 4 4 4 4 4 4 4 4 4
5 5 5 5 5 5 5 5 5 5 5 5 5 5 5 5
5 5 5 5 5 5 5 5 5 5 5 5 5 5 5 5
6 6 6 6 6 6 6 6 6 6 6 6 6 6 6 6
6 6 6 6 6 6 6 6 6 6 6 6 6 6 6 6
7 7 7 7 7 7 7 7 7 7 7 7 7 7 7 7
7 7 7 7 7 7 7 7 7 7 7 7 7 7 7 7
8 8 8 4 4 5 5 7 7 7 6 7 6 5 7 7
6 8 4 4 6 7 4 8 8 5 4 7 5 8 6 8
13 16 16 12 13 16 15 12 13 12 12 15 12 16 15 15
12 16 16 13 12 12 12 13 16 15 13 12 12 12 16 12
23 18 20 21 20 19 22 22 19 20 23 20 20 21 21 19
21 19 21 20 23 20 22 21 18 18 20 18 20 22 21 22
26 29 31 29 30 28 27 30 27 29 27 28 29 30 30 29
26 29 30 31 27 31 27 31 26 28 30 27 30 30 30 30
34 38 34 37 38 35 36 39 37 35 37 39 37 39 39 35
34 34 36 35 36 36 34 34 34 39 37 34 36 36 34 35
44 47 44 44 43 47 46 44 46 42 46 42 47 43 47 43
44 44 46 42 42 44 43 42 42 46 43 43 47 46 43 42
50 50 55 55 50 51 53 53 52 50 55 54 55 55 54 53
55 53 55 52 54 53 51 52 51 54 53 55 55 52 50 55
59 62 61 58 62 63 59 63 61 58 59 63 60 61 63 63
62 58 59 61 60 59 61 63 59 59 62 61 59 60 61 60
