0 0 0 0 0 0 0 0 0 0 0 0 0 0 0 0
0 0 0 0 0 0 0 0 0 0 0 0 0 0 0 0
1 1 1 1 1 1 1 1 1 1 1 1 1 1 1 1
1 1 1 1 1 1 1 1 1 1 1 1 1 1 1 1
2 2 2 2 2 2 2 2 2 2 2 2 2 2 2 2
2 2 2 2 2 2 2 2 2 2 2 2 2 2 2 2
3 3 3 3 3 3 3 3 3 3 3 3 3 3 3 3
3 3 3 3 3 3 3 3 3 3 3 3 3 3 3 3
4 4 4 4 4 4 4 4 4 4 4 4 4 4 4 4
4 4 4 4 4 4 4 4 4 4 4 4 4 4 4 4
5 5 5 5 5 5 5 5 5 5 5 5 5 5 5 5
5 5 5 5 5 5 5 5 5 5 5 5 5 5 5 5
6 6 6 6 6 6 6 6 6 6 6 6 6 6 6 6
6 6 6 6 6 6 6 6 6 6 6 6 6 6 6 6
7 7 7 7 7 7 7 7 7 7 7 7 7 7 7 7
7 7 7 7 7 7 7 7 7 7 7 7 7 7 7 7
4 6 4 6 8 7 5 5 4 5 7 4 8 8 8 4
4 7 6 5 7 5 7 5 6 4 6 6 4 4 6 5
16 15 16 16 15 15 16 16 13 14 14 13 16 12 15 16
13 15 12 14 14 13 14 16 14 13 14 15 13 14 12 12
22 23 18 22 23 21 23 19 18 21 19 20 22 21 23 20
22 22 19 21 19 23 19 23 18 19 21 21 20 23 18 23
30 29 26 27 29 29 31 31 26 29 26 31 29 28 31 27
26 26 28 31 31 30 29 31 28 27 28 29 29 31 27 27
35 34 39 36 34 39 36 36 37 37 38 36 39 34 35 35
39 36 38 35 37 36 37 38 39 35 38 39 35 36 37 37
44 47 44 42 42 42 45 46 44 47 47 43 42 42 46 44
45 42 46 45 43 47 42 44 43 45 45 45 46 47 44 47
54 52 53 51 53 53 55 50 55 52 55 54 51 51 50 54
55 55 52 55 54 51 55 50 52 51 51 51 55 54 55 50
59 59 63 62 58 59 59 61 62 58 62 63 63 62 61 61
62 60 63 61 59 60 62 60 58 59 61 58 60 59 59 63
