0 0 0 0 0 0 0 0 0 0 0 0 0 0 0 0
0 0 0 0 0 0 0 0 0 0 0 0 0 0 0 0
1 1 1 1 1 1 1 1 1 1 1 1 1 1 1 1
1 1 1 1 1 1 1 1 1 1 1 1 1 1 1 1
2 2 2 2 2 2 2 2 2 2 2 2 2 2 2 2
2 2 2 2 2 2 2 2 2 2 2 2 2 2 2 2
3 3 3 3 3 3 3 3 3 3 3 3 3 3 3 3
3 3 3 3 3 3 3 3 3 3 3 3 3 3 3 3
4 4 4 4 4 4 4 4 4 4 4 4 4 4 4 4
4 4 4 4 4 4 4 4 4 4 4 4 4 4 4 4
5 5 5 5 5 5 5 5 5 5 5 5 5 5 5 5
5 5 5 5 5 5 5 5 5 5 5 5 5 5 5 5
6 6 6 6 6 6 6 6 6 6 6 6 6 6 6 6
6 6 6 6 6 6 6 6 6 6 6 6 6 6 6 6
7 7 7 7 7 7 7 7 7 7 7 7 7 7 7 7
7 7 7 7 7 7 7 7 7 7 7 7 7 7 7 7
5 7 8 4 7 8 4 7 4 7 5 7 4 4 5 4
4 4 4 7 7 6 5 5 4 7 8 8 7 4 7 8
16 13 12 12 14 16 15 13 14 16 16 14 15 13 12 14
16 13 15 12 14 12 16 12 16 13 12 14 13 14 16 12
18 23 23 23 23 22 22 19 18 22 19 20 22 23 21 20
19 20 21 19 18 19 19 20 19 22 23 20 21 21 21 20
26 27 31 28 30 31 29 29 28 31 26 27 30 30 26 29
31 30 28 26 29 29 29 26 26 26 26 26 28 30 26 30
38 39 34 35 39 39 35 38 35 39 39 35 35 36 38 36
34 35 36 37 39 34 39 36 37 34 37 35 37 34 36 39
45 45 42 45 45 47 45 46 43 47 43 42 42 43 44 42
43 45 43 47 44 47 47 43 46 44 46 45 47 46 47 45
50 51 52 51 55 53 50 52 53 55 52 51 54 53 51 51
53 55 51 51 54 53 55 52 51 51 51 53 52 50 52 55
59 59 61 58 58 60 59 61 63 60 63 63 63 60 61 62
61 63 62 63 63 61 60 58 58 63 63 61 61 61 61 59
