0 0 0 0 0 0 0 0 0 0 0 0 0 0 0 0
0 0 0 0 0 0 0 0 0 0 0 0 0 0 0 0
1 1 1 1 1 1 1 1 1 1 1 1 1 1 1 1
1 1 1 1 1 1 1 1 1 1 1 1 1 1 1 1
2 2 2 2 2 2 2 2 2 2 2 2 2 2 2 2
2 2 2 2 2 2 2 2 2 2 2 2 2 2 2 2
3 3 3 3 3 3 3 3 3 3 3 3 3 3 3 3
3 3 3 3 3 3 3 3 3 3 3 3 3 3 3 3
4 4 4 4 4 4 4 4 4 4 4 4 4 4 4 4
4 4 4 4 4 4 4 4 4 4 4 4 4 4 4 4
5 5 5 5 5 5 5 5 5 5 5 5 5 5 5 5
5 5 5 5 5 5 5 5 5 5 5 5 5 5 5 5
6 6 6 6 6 6 6 6 6 6 6 6 6 6 6 6
6 6 6 6 6 6 6 6 6 6 6 6 6 6 6 6
7 7 7 7 7 7 7 7 7 7 7 7 7 7 7 7
7 7 7 7 7 7 7 7 7 7 7 7 7 7 7 7
8 6 6 4 7 5 4 5 6 5 5 5 6 5 5 7
6 8 7 4 6 4 8 4 8 7 4 5 7 4 8 7
15 12 14 13 16 13 15 14 15 12 12 12 13 16 16 15
13 13 14 13 16 12 15 12 12 16 12 14 15 15 15 12
20 21 19 18 23 21 21 20 18 21 21 21 19 22 20 22
21 20 22 19 18 22 20 20 19 19 22 19 21 22 19 21
28 28 29 31 26 26 27 30 27 29 30 28 27 30 27 27
30 29 30 29 30 29 27 31 31 31 29 30 27 27 28 27
39 35 37 39 35 34 35 39 36 36 36 37 37 36 34 38
37 39 39 35 35 34 36 36 35 38 37 38 35 34 38 39
47 42 47 45 46 45 44 47 47 47 47 47 42 44 47 46
45 46 43 47 44 46 44 45 44 42 43 42 44 47 44 45
51 55 52 52 50 53 51 50 52 55 53 55 51 54 52 52
53 55 51 53 52 54 53 50 54 50 52 51 50 53 54 52
61 58 60 63 63 63 60 62 58 59 61 62 58 61 58 63
62 62 59 63 59 58 58 58 63 58 59 59 62 63 63 60
