0 0 0 0 0 0 0 0 0 0 0 0 0 0 0 0
0 0 0 0 0 0 0 0 0 0 0 0 0 0 0 0
1 1 1 1 1 1 1 1 1 1 1 1 1 1 1 1
1 1 1 1 1 1 1 1 1 1 1 1 1 1 1 1
2 2 2 2 2 2 2 2 2 2 2 2 2 2 2 2
2 2 2 2 2 2 2 2 2 2 2 2 2 2 2 2
3 3 3 3 3 3 3 3 3 3 3 3 3 3 3 3
3 3 3 3 3 3 3 3 3 3 3 3 3 3 3 3
4 4 4 4 4 4 4 4 4 4 4 4 4 4 4 4
4 4 4 4 4 4 4 4 4 4 4 4 4 4 4 4
5 5 5 5 5 5 5 5 5 5 5 5 5 5 5 5
5 5 5 5 5 5 5 5 5 5 5 5 5 5 5 5
6 6 6 6 6 6 6 6 6 6 6 6 6 6 6 6
6 6 6 6 6 6 6 6 6 6 6 6 6 6 6 6
7 7 7 7 7 7 7 7 7 7 7 7 7 7 7 7
7 7 7 7 7 7 7 7 7 7 7 7 7 7 7 7
8 7 8 4 4 6 6 7 5 7 6 8 8 6 8 7
8 5 4 7 8 7 8 6 7 4 7 5 5 8 6 4
16 16 16 16 13 14 16 12 14 16 12 13 16 15 13 16
13 14 14 16 13 14 14 13 15 16 16 13 14 13 12 16
22 18 21 23 22 20 20 23 19 23 21 21 18 18 18 20
19 18 19 22 21 18 20 23 20 21 18 21 22 20 21 23
28 28 27 26 28 26 28 27 27 27 31 30 27 31 26 28
26 26 31 26 31 26 29 29 27 30 27 27 27 28 27 28
39 35 38 35 34 36 35 39 36 38 36 37 38 37 38 34
37 39 38 39 37 35 35 38 35 39 38 34 37 38 37 39
46 43 45 47 47 45 42 43 44 43 42 46 45 44 43 47
43 47 47 44 47 46 45 45 42 46 43 45 46 44 46 45
53 53 53 53 55 50 54 54 52 53 52 50 55 55 55 55
54 54 54 52 53 55 50 54 54 54 50 50 55 50 51 54
63 62 60 61 62 61 62 60 63 62 63 61 58 63 60 63
58 63 63 60 58 59 59 60 61 59 61 62 61 63 58 63
