0 0 0 0 0 0 0 0 0 0 0 0 0 0 0 0
0 0 0 0 0 0 0 0 0 0 0 0 0 0 0 0
1 1 1 1 1 1 1 1 1 1 1 1 1 1 1 1
1 1 1 1 1 1 1 1 1 1 1 1 1 1 1 1
2 2 2 2 2 2 2 2 2 2 2 2 2 2 2 2
2 2 2 2 2 2 2 2 2 2 2 2 2 2 2 2
3 3 3 3 3 3 3 3 3 3 3 3 3 3 3 3
3 3 3 3 3 3 3 3 3 3 3 3 3 3 3 3
4 4 4 4 4 4 4 4 4 4 4 4 4 4 4 4
4 4 4 4 4 4 4 4 4 4 4 4 4 4 4 4
5 5 5 5 5 5 5 5 5 5 5 5 5 5 5 5
5 5 5 5 5 5 5 5 5 5 5 5 5 5 5 5
6 6 6 6 6 6 6 6 6 6 6 6 6 6 6 6
6 6 6 6 6 6 6 6 6 6 6 6 6 6 6 6
7 7 7 7 7 7 7 7 7 7 7 7 7 7 7 7
7 7 7 7 7 7 7 7 7 7 7 7 7 7 7 7
5 4 5 7 4 4 7 8 7 5 7 7 8 4 4 7
8 7 5 7 8 7 5 8 7 4 7 5 8 8 7 4
13 12 15 12 13 15 12 13 15 14 13 14 16 14 14 15
15 15 12 16 16 16 16 13 15 16 12 13 12 14 15 15
21 18 20 20 19 18 20 21 21 18 22 21 21 20 22 18
21 22 23 20 19 18 19 20 22 21 18 23 21 18 21 23
30 28 30 29 31 27 26 26 29 29 30 28 28 26 31 30
30 28 28 27 28 27 31 29 29 27 26 27 27 27 26 27
36 36 35 35 39 35 34 38 38 38 37 38 34 35 38 36
37 38 36 36 37 38 38 39 37 34 39 36 36 36 35 37
43 43 42 47 43 45 44 42 47 45 45 43 47 44 47 46
44 43 42 47 46 43 45 46 47 46 46 44 44 44 46 46
53 52 52 52 55 54 55 55 54 53 52 52 53 52 51 50
53 50 50 50 54 50 52 54 51 55 51 53 53 53 52 55
58 61 63 62 58 59 60 60 58 58 58 59 59 58 63 58
62 62 61 60 61 59 59 59 59 59 60 63 60 62 58 61
