0 0 0 0 0 0 0 0 0 0 0 0 0 0 0 0
0 0 0 0 0 0 0 0 0 0 0 0 0 0 0 0
1 1 1 1 1 1 1 1 1 1 1 1 1 1 1 1
1 1 1 1 1 1 1 1 1 1 1 1 1 1 1 1
2 2 2 2 2 2 2 2 2 2 2 2 2 2 2 2
2 2 2 2 2 2 2 2 2 2 2 2 2 2 2 2
3 3 3 3 3 3 3 3 3 3 3 3 3 3 3 3
3 3 3 3 3 3 3 3 3 3 3 3 3 3 3 3
4 4 4 4 4 4 4 4 4 4 4 4 4 4 4 4
4 4 4 4 4 4 4 4 4 4 4 4 4 4 4 4
5 5 5 5 5 5 5 5 5 5 5 5 5 5 5 5
5 5 5 5 5 5 5 5 5 5 5 5 5 5 5 5
6 6 6 6 6 6 6 6 6 6 6 6 6 6 6 6
6 6 6 6 6 6 6 6 6 6 6 6 6 6 6 6
7 7 7 7 7 7 7 7 7 7 7 7 7 7 7 7
7 7 7 7 7 7 7 7 7 7 7 7 7 7 7 7
7 6 8 4 6 6 6 7 7 6 5 6 4 4 6 7
8 5 4 5 6 8 7 8 4 4 6 6 5 4 4 5
13 15 16 14 12 12 15 14 12 16 14 15 14 16 15 16
12 15 13 12 12 14 15 13 15 16 13 13 13 12 12 15
18 22 21 22 20 18 18 21 18 20 22 19 22 18 18 18
23 21 18 22 22 22 22 19 21 21 22 20 21 20 19 23
29 27 26 27 29 28 29 31 30 26 30 28 31 31 28 30
28 30 31 30 29 29 29 28 31 30 26 30 26 27 29 29
38 38 36 35 36 39 39 38 36 38 36 34 36 35 37 37
36 39 34 39 36 38 38 38 39 37 38 35 38 35 37 35
47 44 42 44 46 43 43 42 42 42 42 47 43 46 43 46
46 45 43 45 44 42 42 44 46 43 44 43 42 43 47 42
52 53 51 51 52 53 55 50 54 54 53 54 51 52 51 52
52 52 55 54 53 50 53 52 50 51 54 52 51 54 54 55
59 59 60 58 63 63 62 63 62 58 60 60 59 62 61 60
59 59 61 59 62 62 59 63 60 59 60 60 59 60 63 62
