0 0 0 0 0 0 0 0 0 0 0 0 0 0 0 0
0 0 0 0 0 0 0 0 0 0 0 0 0 0 0 0
1 1 1 1 1 1 1 1 1 1 1 1 1 1 1 1
1 1 1 1 1 1 1 1 1 1 1 1 1 1 1 1
2 2 2 2 2 2 2 2 2 2 2 2 2 2 2 2
2 2 2 2 2 2 2 2 2 2 2 2 2 2 2 2
3 3 3 3 3 3 3 3 3 3 3 3 3 3 3 3
3 3 3 3 3 3 3 3 3 3 3 3 3 3 3 3
4 4 4 4 4 4 4 4 4 4 4 4 4 4 4 4
4 4 4 4 4 4 4 4 4 4 4 4 4 4 4 4
5 5 5 5 5 5 5 5 5 5 5 5 5 5 5 5
5 5 5 5 5 5 5 5 5 5 5 5 5 5 5 5
6 6 6 6 6 6 6 6 6 6 6 6 6 6 6 6
6 6 6 6 6 6 6 6 6 6 6 6 6 6 6 6
7 7 7 7 7 7 7 7 7 7 7 7 7 7 7 7
7 7 7 7 7 7 7 7 7 7 7 7 7 7 7 7
7 4 4 7 5 6 4 7 4 7 8 7 4 8 5 8
8 7 8 7 7 8 6 5 8 7 8 6 6 7 4 7
13 15 15 13 16 16 13 12 16 14 14 12 15 16 12 15
15 13 13 15 15 16 13 13 15 14 14 13 15 15 13 15
18 18 18 22 20 22 20 19 23 20 22 23 19 20 18 21
19 20 20 21 22 19 19 22 22 20 22 18 23 23 23 19
28 26 27 27 30 30 26 27 26 31 27 30 29 27 29 30
27 28 31 31 30 29 28 28 29 31 31 31 27 29 27 28
39 39 38 34 36 38 34 38 36 38 34 35 34 35 37 34
37 34 39 38 37 34 36 34 38 34 37 36 35 34 38 36
43 46 45 46 46 42 44 44 43 44 45 44 47 43 47 46
43 43 42 45 44 42 45 44 42 47 45 45 42 45 44 47
52 52 51 53 52 54 53 54 55 51 53 54 50 53 54 53
53 51 50 51 54 54 54 51 53 55 50 53 50 50 52 55
61 60 58 61 63 62 58 63 59 60 61 63 59 60 63 60
62 63 59 63 63 59 63 60 60 63 63 62 62 63 61 59
