0 0 0 0 0 0 0 0 0 0 0 0 0 0 0 0
0 0 0 0 0 0 0 0 0 0 0 0 0 0 0 0
1 1 1 1 1 1 1 1 1 1 1 1 1 1 1 1
1 1 1 1 1 1 1 1 1 1 1 1 1 1 1 1
2 2 2 2 2 2 2 2 2 2 2 2 2 2 2 2
2 2 2 2 2 2 2 2 2 2 2 2 2 2 2 2
3 3 3 3 3 3 3 3 3 3 3 3 3 3 3 3
3 3 3 3 3 3 3 3 3 3 3 3 3 3 3 3
4 4 4 4 4 4 4 4 4 4 4 4 4 4 4 4
4 4 4 4 4 4 4 4 4 4 4 4 4 4 4 4
5 5 5 5 5 5 5 5 5 5 5 5 5 5 5 5
5 5 5 5 5 5 5 5 5 5 5 5 5 5 5 5
6 6 6 6 6 6 6 6 6 6 6 6 6 6 6 6
6 6 6 6 6 6 6 6 6 6 6 6 6 6 6 6
7 7 7 7 7 7 7 7 7 7 7 7 7 7 7 7
7 7 7 7 7 7 7 7 7 7 7 7 7 7 7 7
4 4 7 6 4 4 8 6 7 5 7 6 8 8 7 4
5 5 7 5 4 7 5 7 5 4 6 7 6 4 4 6
15 16 12 13 13 15 12 12 16 14 16 14 14 13 14 16
14 15 16 12 16 14 14 12 15 16 15 16 16 15 16 12
22 20 20 22 19 20 18 21 22 18 21 23 19 23 20 23
21 21 20 20 22 22 21 21 22 23 19 22 18 20 23 20
31 27 31 30 30 26 27 31 26 26 31 27 31 26 29 29
30 27 30 31 29 30 28 30 29 26 28 26 26 26 30 27
35 39 38 38 38 39 38 35 36 37 38 39 34 38 39 39
39 39 37 39 36 34 39 37 36 39 37 38 36 36 34 38
43 42 42 43 46 46 45 45 43 46 45 44 43 45 47 47
44 45 47 43 47 46 45 45 42 43 47 44 47 42 42 45
51 51 53 50 54 53 52 54 51 55 55 50 50 55 55 52
55 53 54 50 54 52 50 55 54 52 52 50 52 53 53 55
58 63 59 61 59 63 63 60 59 60 58 58 62 59 59 58
61 63 62 59 58 62 61 62 61 59 59 61 59 59 58 59
