5 6 0 5 1 2 5 3 3 2 5 1 0 3 5 2
6 7 5 6 2 7 4 7 1 6 2 2 0 3 6 2
0 5 3 1 0 4 4 6 5 4 1 6 2 0 6 6
4 3 7 2 5 1 3 4 5 5 2 4 2 6 4 1
1 5 1 6 1 2 6 7 7 5 5 5 4 1 0 5
2 3 6 3 5 6 1 7 1 1 7 6 6 1 7 7
5 4 4 5 7 4 0 2 6 2 5 3 7 7 4 0
3 5 6 7 5 0 3 5 5 3 2 2 4 3 0 0
1 7 4 3 2 7 5 2 7 5 6 2 2 5 1 4
7 3 3 5 2 7 0 5 3 1 3 5 0 6 0 7
2 3 4 7 3 0 4 4 2 4 5 6 3 6 6 6
4 5 7 1 7 5 6 4 3 7 6 7 3 3 7 4
5 4 2 4 5 6 4 1 7 0 7 6 2 6 4 5
2 5 1 1 4 5 3 0 3 7 2 3 5 5 7 0
2 1 4 1 2 7 2 3 7 0 4 1 2 3 6 0
1 6 4 6 4 4 7 4 2 5 6 6 5 4 1 0
42 51 4 44 14 22 42 29 29 18 45 15 5 29 45 18
52 63 42 50 18 58 35 60 14 51 22 22 4 30 55 18
7 44 28 12 5 38 36 54 47 36 12 52 18 5 55 55
37 28 62 20 45 12 28 37 45 44 22 34 23 54 37 13
13 47 14 52 13 19 54 63 62 44 46 46 35 15 7 44
23 30 52 28 44 53 16 59 13 16 63 55 52 15 62 63
47 37 39 45 58 38 6 18 51 22 43 31 61 59 39 6
30 45 52 60 45 6 30 44 42 27 19 23 34 30 8 4
16 60 34 29 19 59 44 20 59 46 51 22 22 46 14 35
59 29 28 45 18 59 5 42 27 14 31 47 8 51 7 59
18 27 38 60 30 6 36 39 18 34 45 53 26 51 55 51
35 45 63 13 61 47 51 34 28 58 52 63 28 28 59 36
44 36 23 37 46 52 36 16 58 4 61 53 20 53 38 47
23 45 16 14 36 42 27 6 27 59 18 31 46 47 61 7
21 15 38 15 22 63 19 30 58 8 38 14 19 26 52 8
12 53 35 52 39 36 59 38 19 45 55 54 47 38 13 6
