0 0 0 0 0 0 0 0 0 0 0 0 0 0 0 0
1 1 1 1 1 1 1 1 1 1 1 1 1 1 1 1
2 2 2 2 2 2 2 2 2 2 2 2 2 2 2 2
3 3 3 3 3 3 3 3 3 3 3 3 3 3 3 3
4 4 4 4 4 4 4 4 4 4 4 4 4 4 4 4
5 5 5 5 5 5 5 5 5 5 5 5 5 5 5 5
6 6 6 6 6 6 6 6 6 6 6 6 6 6 6 6
7 7 7 7 7 7 7 7 7 7 7 7 7 7 7 7
0 0 0 0 0 0 0 0 0 0 0 0 0 0 0 0
1 1 1 1 1 1 1 1 1 1 1 1 1 1 1 1
2 2 2 2 2 2 2 2 2 2 2 2 2 2 2 2
3 3 3 3 3 3 3 3 3 3 3 3 3 3 3 3
4 4 4 4 4 4 4 4 4 4 4 4 4 4 4 4
5 5 5 5 5 5 5 5 5 5 5 5 5 5 5 5
6 6 6 6 6 6 6 6 6 6 6 6 6 6 6 6
7 7 7 7 7 7 7 7 7 7 7 7 7 7 7 7
6 4 4 5 4 4 5 5 8 4 7 7 7 8 6 7
16 12 14 16 14 12 15 13 15 12 15 16 15 16 15 12
18 20 23 21 21 18 21 21 20 22 21 20 18 19 19 23
30 27 31 29 27 29 26 27 26 28 28 30 29 31 31 31
39 34 35 39 39 37 39 36 34 35 35 39 37 34 34 35
42 47 47 44 43 45 47 44 43 42 45 44 44 46 45 46
52 51 51 51 50 53 55 55 50 51 54 52 54 54 52 53
63 59 59 63 59 62 62 62 60 59 62 61 63 60 58 59
4 8 8 5 6 4 6 8 5 5 5 4 5 5 4 7
13 15 13 15 13 13 13 15 16 12 14 15 14 12 15 15
21 18 21 20 19 20 20 20 21 19 20 23 22 23 23 20
30 26 28 28 26 27 29 29 27 31 30 28 29 30 29 31
38 38 35 37 35 34 39 36 37 37 34 39 37 34 38 38
46 46 46 46 43 47 43 42 42 42 46 46 45 47 45 47
53 53 54 51 52 51 50 50 50 50 55 55 54 54 55 52
62 60 61 59 62 59 58 58 59 59 61 58 60 62 58 62
