0 0 0 0 0 0 0 0 0 0 0 0 0 0 0 0
1 1 1 1 1 1 1 1 1 1 1 1 1 1 1 1
2 2 2 2 2 2 2 2 2 2 2 2 2 2 2 2
3 3 3 3 3 3 3 3 3 3 3 3 3 3 3 3
4 4 4 4 4 4 4 4 4 4 4 4 4 4 4 4
5 5 5 5 5 5 5 5 5 5 5 5 5 5 5 5
6 6 6 6 6 6 6 6 6 6 6 6 6 6 6 6
7 7 7 7 7 7 7 7 7 7 7 7 7 7 7 7
0 0 0 0 0 0 0 0 0 0 0 0 0 0 0 0
1 1 1 1 1 1 1 1 1 1 1 1 1 1 1 1
2 2 2 2 2 2 2 2 2 2 2 2 2 2 2 2
3 3 3 3 3 3 3 3 3 3 3 3 3 3 3 3
4 4 4 4 4 4 4 4 4 4 4 4 4 4 4 4
5 5 5 5 5 5 5 5 5 5 5 5 5 5 5 5
6 6 6 6 6 6 6 6 6 6 6 6 6 6 6 6
7 7 7 7 7 7 7 7 7 7 7 7 7 7 7 7
4 6 6 5 4 5 7 4 5 4 8 6 8 8 6 7
16 14 13 14 14 12 16 14 12 16 16 13 12 12 12 12
18 21 22 21 23 22 19 19 19 19 20 21 22 23 18 18
26 31 26 29 29 29 29 30 27 29 29 30 26 29 30 27
37 34 37 36 39 37 35 36 36 34 39 34 34 36 37 36
45 43 45 42 45 43 44 45 42 45 47 46 42 46 44 47
53 50 51 55 51 52 54 55 52 54 53 54 55 53 54 50
63 63 63 58 59 61 61 59 62 59 62 58 61 60 58 61
6 6 4 8 5 6 4 6 8 7 8 5 4 4 8 7
14 14 15 16 13 13 12 14 14 15 14 12 12 15 12 13
21 21 21 23 23 19 20 18 23 21 21 19 23 21 22 22
28 30 28 29 28 30 26 30 27 29 30 26 31 30 27 27
36 36 34 35 36 37 35 39 35 38 35 34 36 38 35 39
44 46 43 46 47 46 44 44 42 47 43 45 47 46 46 47
55 52 51 51 51 51 50 54 52 50 52 51 52 50 50 51
59 58 62 60 58 60 62 58 60 59 61 59 63 58 61 62
