0 0 0 0 0 0 0 0 0 0 0 0 0 0 0 0
1 1 1 1 1 1 1 1 1 1 1 1 1 1 1 1
2 2 2 2 2 2 2 2 2 2 2 2 2 2 2 2
3 3 3 3 3 3 3 3 3 3 3 3 3 3 3 3
4 4 4 4 4 4 4 4 4 4 4 4 4 4 4 4
5 5 5 5 5 5 5 5 5 5 5 5 5 5 5 5
6 6 6 6 6 6 6 6 6 6 6 6 6 6 6 6
7 7 7 7 7 7 7 7 7 7 7 7 7 7 7 7
0 0 0 0 0 0 0 0 0 0 0 0 0 0 0 0
1 1 1 1 1 1 1 1 1 1 1 1 1 1 1 1
2 2 2 2 2 2 2 2 2 2 2 2 2 2 2 2
3 3 3 3 3 3 3 3 3 3 3 3 3 3 3 3
4 4 4 4 4 4 4 4 4 4 4 4 4 4 4 4
5 5 5 5 5 5 5 5 5 5 5 5 5 5 5 5
6 6 6 6 6 6 6 6 6 6 6 6 6 6 6 6
7 7 7 7 7 7 7 7 7 7 7 7 7 7 7 7
8 4 7 7 5 7 5 5 8 7 8 8 7 4 4 5
14 12 14 13 12 14 12 15 13 13 15 12 13 12 14 14
23 21 21 20 23 19 23 23 23 19 21 19 18 21 18 18
27 29 29 27 28 27 30 29 29 26 29 31 31 28 27 31
37 35 36 37 37 36 37 37 34 34 36 36 38 35 36 37
43 46 44 47 45 45 42 43 45 42 46 46 43 44 45 46
51 50 50 55 55 52 52 50 52 54 50 51 53 53 52 51
62 59 61 62 60 61 63 59 60 62 58 61 61 58 62 58
8 7 6 5 5 5 8 6 6 7 5 8 8 4 8 7
13 14 12 13 16 14 14 15 15 15 13 12 15 15 14 12
19 23 23 23 20 19 19 23 18 18 18 22 21 23 20 21
29 28 30 26 29 27 29 30 29 28 27 26 28 27 30 26
38 38 39 39 38 37 38 36 37 38 34 36 35 38 36 37
46 42 44 46 45 42 42 45 46 43 46 46 47 45 46 47
51 55 54 52 53 51 55 53 53 51 55 55 54 53 52 52
60 62 58 60 63 63 62 60 59 61 61 62 58 63 59 61
