0 0 0 0 0 0 0 0 0 0 0 0 0 0 0 0
1 1 1 1 1 1 1 1 1 1 1 1 1 1 1 1
2 2 2 2 2 2 2 2 2 2 2 2 2 2 2 2
3 3 3 3 3 3 3 3 3 3 3 3 3 3 3 3
4 4 4 4 4 4 4 4 4 4 4 4 4 4 4 4
5 5 5 5 5 5 5 5 5 5 5 5 5 5 5 5
6 6 6 6 6 6 6 6 6 6 6 6 6 6 6 6
7 7 7 7 7 7 7 7 7 7 7 7 7 7 7 7
0 0 0 0 0 0 0 0 0 0 0 0 0 0 0 0
1 1 1 1 1 1 1 1 1 1 1 1 1 1 1 1
2 2 2 2 2 2 2 2 2 2 2 2 2 2 2 2
3 3 3 3 3 3 3 3 3 3 3 3 3 3 3 3
4 4 4 4 4 4 4 4 4 4 4 4 4 4 4 4
5 5 5 5 5 5 5 5 5 5 5 5 5 5 5 5
6 6 6 6 6 6 6 6 6 6 6 6 6 6 6 6
7 7 7 7 7 7 7 7 7 7 7 7 7 7 7 7
7 7 6 6 4 5 5 7 5 4 4 4 4 8 7 7
12 13 14 15 14 12 13 14 12 16 16 14 16 13 16 16
22 20 20 20 19 18 20 21 18 18 23 21 20 20 21 20
31 28 26 28 30 27 31 30 26 26 30 30 28 27 27 31
34 36 36 35 37 34 34 35 34 37 35 34 34 36 38 36
45 46 47 42 46 44 42 46 45 44 43 43 42 47 45 42
53 52 53 53 52 55 51 52 55 54 51 54 55 51 51 54
61 63 63 62 63 59 62 62 63 61 62 61 58 59 60 60
4 8 5 6 4 7 6 4 7 7 7 7 4 5 6 6
13 16 15 13 16 12 15 15 13 13 12 15 12 12 14 16
21 23 18 19 23 19 21 20 20 23 21 22 18 19 21 22
27 27 30 27 28 26 28 28 28 31 30 27 30 29 29 30
37 36 39 35 37 37 34 34 34 34 34 39 36 37 36 39
42 42 45 46 42 43 47 46 45 43 47 46 45 44 47 45
52 54 50 55 50 53 51 50 52 50 53 52 53 55 55 51
58 61 59 63 61 59 62 62 58 63 63 58 60 63 60 63
