0 0 0 0 0 0 0 0 0 0 0 0 0 0 0 0
1 1 1 1 1 1 1 1 1 1 1 1 1 1 1 1
2 2 2 2 2 2 2 2 2 2 2 2 2 2 2 2
3 3 3 3 3 3 3 3 3 3 3 3 3 3 3 3
4 4 4 4 4 4 4 4 4 4 4 4 4 4 4 4
5 5 5 5 5 5 5 5 5 5 5 5 5 5 5 5
6 6 6 6 6 6 6 6 6 6 6 6 6 6 6 6
7 7 7 7 7 7 7 7 7 7 7 7 7 7 7 7
0 0 0 0 0 0 0 0 0 0 0 0 0 0 0 0
1 1 1 1 1 1 1 1 1 1 1 1 1 1 1 1
2 2 2 2 2 2 2 2 2 2 2 2 2 2 2 2
3 3 3 3 3 3 3 3 3 3 3 3 3 3 3 3
4 4 4 4 4 4 4 4 4 4 4 4 4 4 4 4
5 5 5 5 5 5 5 5 5 5 5 5 5 5 5 5
6 6 6 6 6 6 6 6 6 6 6 6 6 6 6 6
7 7 7 7 7 7 7 7 7 7 7 7 7 7 7 7
5 4 5 5 8 7 8 7 6 8 8 7 7 5 5 8
13 12 14 15 13 13 12 13 15 15 15 16 12 13 16 12
22 23 19 20 22 23 22 21 22 20 23 21 21 22 21 21
29 28 27 28 30 28 29 29 28 31 28 26 26 27 31 27
36 38 36 35 34 36 36 38 39 39 35 34 35 34 38 38
43 43 47 42 42 42 44 42 43 45 42 45 46 42 43 43
52 50 51 51 53 51 55 54 53 52 51 52 52 52 55 52
58 60 60 62 62 59 62 58 61 63 60 59 61 63 58 63
5 5 8 8 7 6 8 6 7 5 6 7 6 4 5 6
16 14 13 14 14 15 16 14 12 15 14 12 16 13 14 13
19 18 19 22 23 18 23 21 23 18 19 23 21 19 21 23
30 29 31 27 28 29 31 30 27 29 27 26 27 27 31 27
36 34 36 38 39 35 39 36 35 34 34 38 34 38 38 37
44 44 47 45 42 45 45 45 45 43 42 43 45 42 43 45
52 50 55 50 50 52 52 54 52 55 51 50 53 51 54 55
59 62 63 60 61 62 59 60 59 58 59 58 61 62 61 58
