0 0 0 0 0 0 0 0 0 0 0 0 0 0 0 0
1 1 1 1 1 1 1 1 1 1 1 1 1 1 1 1
2 2 2 2 2 2 2 2 2 2 2 2 2 2 2 2
3 3 3 3 3 3 3 3 3 3 3 3 3 3 3 3
4 4 4 4 4 4 4 4 4 4 4 4 4 4 4 4
5 5 5 5 5 5 5 5 5 5 5 5 5 5 5 5
6 6 6 6 6 6 6 6 6 6 6 6 6 6 6 6
7 7 7 7 7 7 7 7 7 7 7 7 7 7 7 7
0 0 0 0 0 0 0 0 0 0 0 0 0 0 0 0
1 1 1 1 1 1 1 1 1 1 1 1 1 1 1 1
2 2 2 2 2 2 2 2 2 2 2 2 2 2 2 2
3 3 3 3 3 3 3 3 3 3 3 3 3 3 3 3
4 4 4 4 4 4 4 4 4 4 4 4 4 4 4 4
5 5 5 5 5 5 5 5 5 5 5 5 5 5 5 5
6 6 6 6 6 6 6 6 6 6 6 6 6 6 6 6
7 7 7 7 7 7 7 7 7 7 7 7 7 7 7 7
4 6 6 8 6 8 6 5 6 7 8 5 6 5 5 6
12 14 14 14 13 13 14 14 16 16 13 15 14 16 14 14
22 19 19 23 20 21 23 19 20 18 22 22 20 19 23 23
28 28 31 29 26 28 31 30 31 31 26 28 29 31 28 27
37 34 35 38 38 39 39 38 37 37 36 34 38 34 38 34
44 43 45 46 44 44 44 46 43 44 44 45 42 42 46 42
53 52 55 53 50 52 55 54 55 55 54 55 55 55 53 55
61 58 62 63 61 63 61 59 63 58 62 58 60 60 62 62
7 6 8 8 6 7 7 6 6 4 5 7 5 8 7 5
14 12 15 12 16 12 12 13 13 13 13 14 15 14 16 12
18 18 23 23 20 21 23 21 20 18 22 23 21 18 22 22
28 28 29 27 26 27 27 27 27 26 28 28 29 30 29 26
36 36 36 39 36 37 39 35 39 34 38 38 36 39 37 37
44 43 45 43 44 46 43 47 43 42 44 43 43 47 42 42
50 51 52 50 52 50 51 51 50 51 52 52 50 54 54 54
63 58 63 62 63 63 58 58 59 63 59 60 59 62 61 62
