0 0 0 0 0 0 0 0 0 0 0 0 0 0 0 0
1 1 1 1 1 1 1 1 1 1 1 1 1 1 1 1
2 2 2 2 2 2 2 2 2 2 2 2 2 2 2 2
3 3 3 3 3 3 3 3 3 3 3 3 3 3 3 3
4 4 4 4 4 4 4 4 4 4 4 4 4 4 4 4
5 5 5 5 5 5 5 5 5 5 5 5 5 5 5 5
6 6 6 6 6 6 6 6 6 6 6 6 6 6 6 6
7 7 7 7 7 7 7 7 7 7 7 7 7 7 7 7
0 0 0 0 0 0 0 0 0 0 0 0 0 0 0 0
1 1 1 1 1 1 1 1 1 1 1 1 1 1 1 1
2 2 2 2 2 2 2 2 2 2 2 2 2 2 2 2
3 3 3 3 3 3 3 3 3 3 3 3 3 3 3 3
4 4 4 4 4 4 4 4 4 4 4 4 4 4 4 4
5 5 5 5 5 5 5 5 5 5 5 5 5 5 5 5
6 6 6 6 6 6 6 6 6 6 6 6 6 6 6 6
7 7 7 7 7 7 7 7 7 7 7 7 7 7 7 7
4 4 4 8 5 5 7 7 5 4 8 5 7 4 8 7
14 15 14 12 13 13 15 12 15 14 13 16 16 13 12 15
18 19 21 21 20 19 20 18 20 21 18 19 20 21 22 21
29 28 31 27 28 31 30 26 28 27 31 27 27 27 27 29
37 37 39 37 34 39 36 37 38 34 36 39 35 38 34 39
44 44 43 44 45 44 47 47 46 45 42 45 46 45 42 45
55 52 55 54 51 50 51 51 54 55 52 51 54 50 50 50
61 59 62 60 59 58 58 63 63 58 61 63 63 58 58 60
4 5 5 5 7 6 5 5 6 7 8 8 4 4 4 7
14 13 15 14 13 13 16 14 12 15 14 12 14 12 12 14
21 20 23 20 19 20 23 22 21 19 20 23 21 19 18 18
27 26 30 28 30 26 26 30 29 31 30 27 28 26 27 26
37 39 35 37 36 35 38 36 37 38 34 34 39 38 34 35
45 46 45 45 45 47 46 43 43 45 47 45 43 43 45 47
54 53 53 55 55 53 51 52 50 54 55 54 54 55 55 52
63 59 62 58 60 60 60 63 63 62 59 62 63 59 58 60
