0 0 0 0 0 0 0 0 0 0 0 0 0 0 0 0
1 1 1 1 1 1 1 1 1 1 1 1 1 1 1 1
2 2 2 2 2 2 2 2 2 2 2 2 2 2 2 2
3 3 3 3 3 3 3 3 3 3 3 3 3 3 3 3
4 4 4 4 4 4 4 4 4 4 4 4 4 4 4 4
5 5 5 5 5 5 5 5 5 5 5 5 5 5 5 5
6 6 6 6 6 6 6 6 6 6 6 6 6 6 6 6
7 7 7 7 7 7 7 7 7 7 7 7 7 7 7 7
0 0 0 0 0 0 0 0 0 0 0 0 0 0 0 0
1 1 1 1 1 1 1 1 1 1 1 1 1 1 1 1
2 2 2 2 2 2 2 2 2 2 2 2 2 2 2 2
3 3 3 3 3 3 3 3 3 3 3 3 3 3 3 3
4 4 4 4 4 4 4 4 4 4 4 4 4 4 4 4
5 5 5 5 5 5 5 5 5 5 5 5 5 5 5 5
6 6 6 6 6 6 6 6 6 6 6 6 6 6 6 6
7 7 7 7 7 7 7 7 7 7 7 7 7 7 7 7
7 7 5 6 5 8 6 7 8 6 6 7 5 4 6 4
12 13 12 13 13 16 16 14 13 12 15 14 15 12 12 15
22 19 19 19 19 23 19 22 23 18 18 18 23 19 19 22
26 29 27 29 27 29 31 27 26 30 29 30 30 29 27 26
37 38 36 34 38 39 38 39 34 35 36 37 38 36 35 34
43 44 47 44 45 45 46 45 42 43 46 45 46 43 44 44
52 55 55 53 54 51 53 54 52 50 54 54 50 54 55 50
58 58 63 63 60 63 63 59 63 60 63 62 59 62 60 60
5 8 8 8 7 7 5 5 4 5 6 4 7 8 7 4
15 14 14 15 16 15 15 16 15 14 14 15 12 14 14 16
20 19 20 23 22 23 20 19 20 18 23 21 21 19 22 18
26 27 26 26 30 29 30 27 26 26 31 28 26 29 27 30
34 36 37 37 38 36 37 39 38 36 37 38 37 38 37 38
44 47 42 42 44 43 44 43 42 42 46 47 42 46 47 44
53 55 51 52 55 52 51 51 52 51 55 54 50 55 50 51
59 60 63 61 58 59 58 63 62 62 61 61 60 61 61 62
