0 0 0 0 0 0 0 0 0 0 0 0 0 0 0 0
1 1 1 1 1 1 1 1 1 1 1 1 1 1 1 1
2 2 2 2 2 2 2 2 2 2 2 2 2 2 2 2
3 3 3 3 3 3 3 3 3 3 3 3 3 3 3 3
4 4 4 4 4 4 4 4 4 4 4 4 4 4 4 4
5 5 5 5 5 5 5 5 5 5 5 5 5 5 5 5
6 6 6 6 6 6 6 6 6 6 6 6 6 6 6 6
7 7 7 7 7 7 7 7 7 7 7 7 7 7 7 7
0 0 0 0 0 0 0 0 0 0 0 0 0 0 0 0
1 1 1 1 1 1 1 1 1 1 1 1 1 1 1 1
2 2 2 2 2 2 2 2 2 2 2 2 2 2 2 2
3 3 3 3 3 3 3 3 3 3 3 3 3 3 3 3
4 4 4 4 4 4 4 4 4 4 4 4 4 4 4 4
5 5 5 5 5 5 5 5 5 5 5 5 5 5 5 5
6 6 6 6 6 6 6 6 6 6 6 6 6 6 6 6
7 7 7 7 7 7 7 7 7 7 7 7 7 7 7 7
7 7 8 5 4 6 6 6 4 7 7 6 4 6 7 7
13 15 14 14 15 12 13 16 14 14 14 14 14 12 16 14
21 21 23 20 20 18 22 22 22 21 19 22 18 21 22 22
26 26 30 30 28 29 27 29 31 26 26 31 31 28 26 27
38 39 38 38 37 39 39 34 39 34 36 34 35 36 38 37
44 46 43 44 44 47 44 44 47 44 42 45 46 46 46 42
55 54 53 52 51 50 51 51 53 51 51 50 51 52 53 53
58 63 61 60 58 58 58 63 58 63 58 63 62 63 61 63
6 5 8 5 4 5 7 4 4 7 8 7 5 8 4 6
14 16 15 16 13 13 13 16 12 12 15 15 14 12 13 16
18 19 21 22 22 23 22 19 21 23 22 20 22 20 20 18
29 30 29 30 26 29 27 28 30 28 30 26 28 26 30 31
34 35 35 36 37 35 35 34 39 34 38 35 36 38 39 36
45 43 42 44 42 44 47 45 44 44 47 44 46 43 43 42
50 50 50 51 54 50 53 54 51 50 51 55 51 51 55 50
62 61 59 61 62 61 59 60 58 60 60 62 63 59 63 59
