0 0 0 0 0 0 0 0 0 0 0 0 0 0 0 0
1 1 1 1 1 1 1 1 1 1 1 1 1 1 1 1
2 2 2 2 2 2 2 2 2 2 2 2 2 2 2 2
3 3 3 3 3 3 3 3 3 3 3 3 3 3 3 3
4 4 4 4 4 4 4 4 4 4 4 4 4 4 4 4
5 5 5 5 5 5 5 5 5 5 5 5 5 5 5 5
6 6 6 6 6 6 6 6 6 6 6 6 6 6 6 6
7 7 7 7 7 7 7 7 7 7 7 7 7 7 7 7
0 0 0 0 0 0 0 0 0 0 0 0 0 0 0 0
1 1 1 1 1 1 1 1 1 1 1 1 1 1 1 1
2 2 2 2 2 2 2 2 2 2 2 2 2 2 2 2
3 3 3 3 3 3 3 3 3 3 3 3 3 3 3 3
4 4 4 4 4 4 4 4 4 4 4 4 4 4 4 4
5 5 5 5 5 5 5 5 5 5 5 5 5 5 5 5
6 6 6 6 6 6 6 6 6 6 6 6 6 6 6 6
7 7 7 7 7 7 7 7 7 7 7 7 7 7 7 7
4 8 7 6 6 6 7 7 5 4 6 4 5 8 6 6
16 14 15 16 13 15 16 16 14 12 13 15 13 12 13 16
22 22 19 20 19 22 23 19 21 23 19 23 21 19 21 18
26 28 29 31 30 26 26 28 26 27 28 30 27 27 31 28
37 34 39 34 39 38 37 36 35 37 35 38 36 38 37 36
42 44 43 46 43 46 46 45 45 42 44 42 46 47 42 42
52 51 50 54 55 50 50 53 54 51 53 54 55 51 50 52
63 59 58 59 63 58 61 63 63 60 63 58 63 62 60 63
7 6 6 6 7 4 5 5 6 8 8 5 7 7 4 8
12 15 14 15 12 12 13 12 12 13 15 15 15 14 15 16
21 18 18 23 22 21 18 20 20 20 22 22 23 18 19 22
26 28 26 30 27 31 31 26 26 28 27 30 30 31 28 29
39 37 37 37 37 35 36 38 35 36 36 38 37 39 35 36
42 42 46 47 43 46 43 44 45 47 45 42 46 45 44 45
52 52 54 55 53 50 53 55 55 55 51 53 51 55 53 52
59 58 58 61 59 58 58 62 63 61 61 58 61 58 62 59
