2 5 4 0 4 7 6 1 5 1 6 4 5 4 1 4
7 7 2 5 0 0 6 1 3 5 7 2 3 1 5 6
7 0 7 6 6 2 4 2 0 6 1 1 0 2 7 7
4 7 2 7 3 4 1 3 1 2 6 7 3 0 3 0
4 3 6 3 1 0 2 3 6 1 1 5 7 0 7 0
1 3 6 2 2 7 2 0 1 2 2 2 4 0 4 3
1 1 6 0 7 2 3 3 3 2 6 3 1 6 3 3
2 4 0 3 5 1 6 1 3 3 1 7 2 2 6 2
3 1 7 4 2 7 0 4 0 0 2 5 6 7 4 1
7 7 1 4 3 0 6 1 3 0 6 2 2 0 5 4
1 5 2 7 7 0 2 1 1 6 2 6 6 7 7 3
4 6 3 0 3 5 4 3 7 3 0 3 5 5 7 3
3 0 2 6 1 7 3 7 7 3 3 6 6 3 1 5
0 0 2 4 7 2 2 2 5 6 5 6 4 7 5 4
1 7 3 7 0 0 0 7 5 5 4 7 6 3 7 1
5 6 6 3 5 6 6 3 6 5 7 7 4 0 2 4
20 43 34 8 36 59 54 16 44 15 50 37 47 38 12 38
61 61 23 42 6 8 55 14 28 46 61 22 29 13 46 52
63 5 60 55 50 20 35 21 6 54 15 12 4 22 63 59
36 58 20 60 30 39 13 29 13 20 55 62 29 6 27 5
36 30 51 28 14 6 23 27 54 14 14 42 59 4 59 8
13 27 51 18 22 58 22 5 14 22 23 22 34 5 36 28
14 15 53 8 61 21 28 31 27 23 50 29 16 54 27 27
19 39 8 29 43 15 50 13 26 30 14 63 21 19 55 19
30 14 62 38 21 59 6 35 5 4 19 46 50 63 39 13
62 58 14 38 30 8 55 15 26 6 50 22 19 7 43 35
13 42 19 62 61 6 23 12 12 52 20 50 51 62 62 27
39 50 28 4 26 42 34 31 60 27 4 31 42 45 59 30
26 7 18 50 16 62 29 59 59 29 31 52 53 29 16 43
7 5 21 35 60 21 19 18 44 53 47 54 37 58 44 37
12 60 26 59 7 4 6 62 45 45 39 58 51 27 60 14
46 50 54 31 43 51 55 27 55 45 62 63 39 6 21 39
