0 0 0 0 0 0 0 0 1 1 1 1 1 1 1 1
2 2 2 2 2 2 2 2 3 3 3 3 3 3 3 3
4 4 4 4 4 4 4 4 5 5 5 5 5 5 5 5
6 6 6 6 6 6 6 6 7 7 7 7 7 7 7 7
0 0 0 0 0 0 0 0 1 1 1 1 1 1 1 1
2 2 2 2 2 2 2 2 3 3 3 3 3 3 3 3
4 4 4 4 4 4 4 4 5 5 5 5 5 5 5 5
6 6 6 6 6 6 6 6 7 7 7 7 7 7 7 7
0 0 0 0 0 0 0 0 1 1 1 1 1 1 1 1
2 2 2 2 2 2 2 2 3 3 3 3 3 3 3 3
4 4 4 4 4 4 4 4 5 5 5 5 5 5 5 5
6 6 6 6 6 6 6 6 7 7 7 7 7 7 7 7
0 0 0 0 0 0 0 0 1 1 1 1 1 1 1 1
2 2 2 2 2 2 2 2 3 3 3 3 3 3 3 3
4 4 4 4 4 4 4 4 5 5 5 5 5 5 5 5
6 6 6 6 6 6 6 6 7 7 7 7 7 7 7 7
5 4 6 7 8 8 7 7 12 12 14 15 15 15 16 15
20 23 22 21 21 23 18 19 29 29 30 30 31 27 26 28
37 37 36 38 34 37 34 36 43 46 43 46 46 47 46 45
54 55 54 54 54 55 55 50 61 61 58 62 61 62 58 58
7 6 6 5 4 4 8 6 15 13 16 15 13 13 16 12
20 23 18 20 18 19 18 19 31 26 28 27 27 27 30 29
38 35 36 36 39 36 35 35 44 44 47 46 43 47 47 44
54 51 50 53 51 54 50 55 58 61 61 58 61 58 62 62
4 4 5 8 8 6 6 7 16 12 12 15 12 15 13 15
21 23 19 21 19 19 22 21 28 26 31 27 28 28 31 29
35 38 34 39 35 35 36 37 42 44 44 46 42 46 46 44
51 52 53 55 55 52 50 54 60 62 59 62 60 63 63 59
6 6 5 8 5 7 5 4 13 13 15 14 15 13 14 12
22 22 21 21 22 19 19 21 27 30 31 29 28 30 31 30
36 35 39 36 38 37 37 35 47 46 47 44 43 45 42 46
54 52 52 52 52 52 54 51 63 58 63 58 59 63 63 58
