0 0 0 0 0 0 0 0 1 1 1 1 1 1 1 1
2 2 2 2 2 2 2 2 3 3 3 3 3 3 3 3
4 4 4 4 4 4 4 4 5 5 5 5 5 5 5 5
6 6 6 6 6 6 6 6 7 7 7 7 7 7 7 7
0 0 0 0 0 0 0 0 1 1 1 1 1 1 1 1
2 2 2 2 2 2 2 2 3 3 3 3 3 3 3 3
4 4 4 4 4 4 4 4 5 5 5 5 5 5 5 5
6 6 6 6 6 6 6 6 7 7 7 7 7 7 7 7
0 0 0 0 0 0 0 0 1 1 1 1 1 1 1 1
2 2 2 2 2 2 2 2 3 3 3 3 3 3 3 3
4 4 4 4 4 4 4 4 5 5 5 5 5 5 5 5
6 6 6 6 6 6 6 6 7 7 7 7 7 7 7 7
0 0 0 0 0 0 0 0 1 1 1 1 1 1 1 1
2 2 2 2 2 2 2 2 3 3 3 3 3 3 3 3
4 4 4 4 4 4 4 4 5 5 5 5 5 5 5 5
6 6 6 6 6 6 6 6 7 7 7 7 7 7 7 7
6 6 4 7 8 7 5 7 14 13 13 13 14 16 12 12
21 20 18 22 21 21 19 18 28 26 31 27 26 27 28 29
38 38 35 34 34 37 35 36 47 42 44 47 45 42 47 46
55 55 55 52 50 54 54 53 61 62 63 62 61 59 61 61
6 6 4 4 6 6 4 5 13 12 13 12 15 15 13 13
19 19 18 19 22 23 23 19 28 28 29 30 28 31 29 29
39 37 36 38 39 39 39 38 45 46 46 45 47 47 42 45
51 55 55 55 51 55 55 50 63 62 63 63 60 59 58 63
5 5 8 7 4 8 5 8 12 15 13 14 12 13 16 16
22 20 22 23 22 22 21 19 26 27 29 31 31 27 26 27
39 37 37 37 39 36 38 35 46 43 47 46 44 46 47 47
55 50 50 54 54 52 51 53 62 61 59 63 62 62 59 62
4 7 4 4 6 6 8 4 15 16 16 12 14 16 12 15
22 22 22 19 21 22 20 21 29 27 27 26 28 30 29 31
37 36 36 34 38 34 38 36 44 42 46 46 46 44 44 47
51 51 51 51 50 54 50 52 59 59 58 63 61 58 63 61
