0 0 0 0 0 0 0 0 1 1 1 1 1 1 1 1
2 2 2 2 2 2 2 2 3 3 3 3 3 3 3 3
4 4 4 4 4 4 4 4 5 5 5 5 5 5 5 5
6 6 6 6 6 6 6 6 7 7 7 7 7 7 7 7
0 0 0 0 0 0 0 0 1 1 1 1 1 1 1 1
2 2 2 2 2 2 2 2 3 3 3 3 3 3 3 3
4 4 4 4 4 4 4 4 5 5 5 5 5 5 5 5
6 6 6 6 6 6 6 6 7 7 7 7 7 7 7 7
0 0 0 0 0 0 0 0 1 1 1 1 1 1 1 1
2 2 2 2 2 2 2 2 3 3 3 3 3 3 3 3
4 4 4 4 4 4 4 4 5 5 5 5 5 5 5 5
6 6 6 6 6 6 6 6 7 7 7 7 7 7 7 7
0 0 0 0 0 0 0 0 1 1 1 1 1 1 1 1
2 2 2 2 2 2 2 2 3 3 3 3 3 3 3 3
4 4 4 4 4 4 4 4 5 5 5 5 5 5 5 5
6 6 6 6 6 6 6 6 7 7 7 7 7 7 7 7
8 5 5 6 7 5 8 6 16 12 16 13 14 15 13 14
18 19 22 22 18 21 18 18 30 31 30 31 27 31 29 27
36 38 39 35 35 38 39 34 47 47 45 42 47 45 45 42
55 52 53 53 52 51 52 52 58 60 61 60 60 59 63 61
8 4 4 7 8 4 8 4 16 16 12 14 16 15 12 13
21 23 21 18 18 22 20 21 26 30 30 30 31 26 27 26
39 38 38 35 36 39 35 34 42 43 46 44 45 44 44 42
51 52 54 52 51 52 54 51 59 59 60 61 62 58 62 60
8 7 5 6 5 5 7 8 14 13 15 12 12 12 16 14
22 21 19 19 18 19 22 22 27 31 26 28 26 29 28 31
34 39 36 36 39 36 39 34 47 43 47 45 44 44 43 44
55 50 54 55 52 54 50 51 58 61 60 58 63 62 63 58
7 4 6 8 6 5 8 7 14 12 16 13 15 16 15 13
23 20 22 19 20 23 18 21 31 26 26 27 30 29 29 31
35 36 39 38 39 38 38 36 42 43 47 43 47 45 47 42
52 53 52 55 50 52 50 55 59 58 59 63 63 60 63 63
