0 0 0 0 0 0 0 0 1 1 1 1 1 1 1 1
2 2 2 2 2 2 2 2 3 3 3 3 3 3 3 3
4 4 4 4 4 4 4 4 5 5 5 5 5 5 5 5
6 6 6 6 6 6 6 6 7 7 7 7 7 7 7 7
0 0 0 0 0 0 0 0 1 1 1 1 1 1 1 1
2 2 2 2 2 2 2 2 3 3 3 3 3 3 3 3
4 4 4 4 4 4 4 4 5 5 5 5 5 5 5 5
6 6 6 6 6 6 6 6 7 7 7 7 7 7 7 7
0 0 0 0 0 0 0 0 1 1 1 1 1 1 1 1
2 2 2 2 2 2 2 2 3 3 3 3 3 3 3 3
4 4 4 4 4 4 4 4 5 5 5 5 5 5 5 5
6 6 6 6 6 6 6 6 7 7 7 7 7 7 7 7
0 0 0 0 0 0 0 0 1 1 1 1 1 1 1 1
2 2 2 2 2 2 2 2 3 3 3 3 3 3 3 3
4 4 4 4 4 4 4 4 5 5 5 5 5 5 5 5
6 6 6 6 6 6 6 6 7 7 7 7 7 7 7 7
6 5 5 4 6 4 6 7 15 12 16 13 14 16 16 16
19 19 19 20 23 22 19 18 26 26 27 26 30 29 28 26
38 34 38 38 35 39 37 38 44 47 43 43 44 47 46 44
52 55 51 55 52 54 52 53 58 60 62 63 62 61 58 59
7 5 4 7 7 5 8 4 12 15 14 16 15 15 12 12
22 19 23 23 23 18 22 22 26 31 29 26 27 27 27 27
38 39 38 37 34 35 35 35 46 42 42 44 47 44 42 46
51 55 53 55 55 51 53 54 61 59 59 60 58 62 58 62
7 5 4 4 6 4 6 4 15 13 14 12 13 14 16 14
20 20 23 21 18 22 21 21 31 26 29 26 31 27 26 31
34 38 37 35 36 39 34 37 45 43 47 42 46 45 47 43
54 50 54 53 55 54 54 55 58 61 63 58 61 63 59 60
8 6 6 7 4 8 7 7 14 16 13 13 12 12 13 16
23 21 23 19 18 18 19 20 30 28 26 26 31 26 31 27
37 39 34 35 38 36 38 35 45 42 43 44 46 42 43 42
54 50 53 50 51 51 54 52 60 61 58 62 61 59 60 61
