0 0 0 0 0 0 0 0 1 1 1 1 1 1 1 1
2 2 2 2 2 2 2 2 3 3 3 3 3 3 3 3
4 4 4 4 4 4 4 4 5 5 5 5 5 5 5 5
6 6 6 6 6 6 6 6 7 7 7 7 7 7 7 7
0 0 0 0 0 0 0 0 1 1 1 1 1 1 1 1
2 2 2 2 2 2 2 2 3 3 3 3 3 3 3 3
4 4 4 4 4 4 4 4 5 5 5 5 5 5 5 5
6 6 6 6 6 6 6 6 7 7 7 7 7 7 7 7
0 0 0 0 0 0 0 0 1 1 1 1 1 1 1 1
2 2 2 2 2 2 2 2 3 3 3 3 3 3 3 3
4 4 4 4 4 4 4 4 5 5 5 5 5 5 5 5
6 6 6 6 6 6 6 6 7 7 7 7 7 7 7 7
0 0 0 0 0 0 0 0 1 1 1 1 1 1 1 1
2 2 2 2 2 2 2 2 3 3 3 3 3 3 3 3
4 4 4 4 4 4 4 4 5 5 5 5 5 5 5 5
6 6 6 6 6 6 6 6 7 7 7 7 7 7 7 7
4 5 5 5 4 6 4 6 16 13 13 15 12 12 14 15
21 23 22 21 23 18 20 18 29 29 27 28 30 29 30 26
37 37 36 39 38 35 35 37 46 47 46 47 42 44 44 45
55 52 51 53 52 55 55 50 63 59 63 63 60 58 62 63
6 4 5 8 7 6 6 5 16 16 16 15 15 16 15 13
23 22 22 21 22 19 20 20 28 26 29 26 29 26 30 29
34 38 37 34 36 37 38 35 43 42 47 46 44 46 42 42
52 50 55 55 55 52 52 54 60 60 63 61 63 60 63 60
7 8 6 7 8 5 7 4 15 13 12 15 15 13 14 15
18 23 23 18 21 23 20 23 30 31 31 26 27 30 31 30
34 37 36 34 34 36 39 39 45 44 45 46 43 47 44 44
50 50 52 55 52 51 55 54 60 59 58 61 61 63 58 62
4 5 8 4 6 7 5 5 13 13 13 15 12 15 12 12
18 20 23 18 22 18 20 18 27 31 26 26 30 27 30 31
35 36 39 36 37 38 37 39 47 44 45 43 44 42 43 42
53 54 50 51 50 53 53 51 59 61 58 59 61 59 58 60
