0 0 0 0 0 0 0 0 1 1 1 1 1 1 1 1
2 2 2 2 2 2 2 2 3 3 3 3 3 3 3 3
4 4 4 4 4 4 4 4 5 5 5 5 5 5 5 5
6 6 6 6 6 6 6 6 7 7 7 7 7 7 7 7
0 0 0 0 0 0 0 0 1 1 1 1 1 1 1 1
2 2 2 2 2 2 2 2 3 3 3 3 3 3 3 3
4 4 4 4 4 4 4 4 5 5 5 5 5 5 5 5
6 6 6 6 6 6 6 6 7 7 7 7 7 7 7 7
0 0 0 0 0 0 0 0 1 1 1 1 1 1 1 1
2 2 2 2 2 2 2 2 3 3 3 3 3 3 3 3
4 4 4 4 4 4 4 4 5 5 5 5 5 5 5 5
6 6 6 6 6 6 6 6 7 7 7 7 7 7 7 7
0 0 0 0 0 0 0 0 1 1 1 1 1 1 1 1
2 2 2 2 2 2 2 2 3 3 3 3 3 3 3 3
4 4 4 4 4 4 4 4 5 5 5 5 5 5 5 5
6 6 6 6 6 6 6 6 7 7 7 7 7 7 7 7
5 6 5 4 8 4 7 8 16 16 13 15 15 14 13 12
20 20 21 18 21 22 20 21 30 27 27 31 27 30 28 28
36 37 34 36 34 38 39 36 43 44 45 42 46 46 44 45
52 50 54 54 50 52 55 50 62 59 62 62 59 61 61 58
6 4 5 7 7 5 6 8 15 12 13 12 12 16 13 12
18 22 18 19 18 21 19 23 26 30 27 27 30 31 26 28
36 39 38 39 37 38 34 35 45 46 46 47 47 44 42 47
50 55 54 53 53 52 54 55 60 60 61 63 63 59 58 60
6 7 8 7 5 5 7 8 14 13 12 12 13 12 16 14
18 20 19 18 22 20 22 19 29 31 26 29 29 30 30 29
37 35 38 35 39 35 34 37 46 44 43 44 44 47 42 44
55 51 50 53 55 55 55 50 58 63 60 59 63 59 63 61
4 4 4 6 4 8 6 6 15 12 16 13 16 14 16 15
20 19 18 19 21 18 22 20 28 28 29 27 28 31 26 27
34 36 35 34 38 34 36 35 47 42 47 43 45 47 44 42
50 51 55 51 55 52 51 55 59 59 58 61 62 61 62 61
