0 0 0 0 0 0 0 0 1 1 1 1 1 1 1 1
2 2 2 2 2 2 2 2 3 3 3 3 3 3 3 3
4 4 4 4 4 4 4 4 5 5 5 5 5 5 5 5
6 6 6 6 6 6 6 6 7 7 7 7 7 7 7 7
0 0 0 0 0 0 0 0 1 1 1 1 1 1 1 1
2 2 2 2 2 2 2 2 3 3 3 3 3 3 3 3
4 4 4 4 4 4 4 4 5 5 5 5 5 5 5 5
6 6 6 6 6 6 6 6 7 7 7 7 7 7 7 7
0 0 0 0 0 0 0 0 1 1 1 1 1 1 1 1
2 2 2 2 2 2 2 2 3 3 3 3 3 3 3 3
4 4 4 4 4 4 4 4 5 5 5 5 5 5 5 5
6 6 6 6 6 6 6 6 7 7 7 7 7 7 7 7
0 0 0 0 0 0 0 0 1 1 1 1 1 1 1 1
2 2 2 2 2 2 2 2 3 3 3 3 3 3 3 3
4 4 4 4 4 4 4 4 5 5 5 5 5 5 5 5
6 6 6 6 6 6 6 6 7 7 7 7 7 7 7 7
8 4 7 4 5 4 7 6 16 12 14 16 13 16 14 13
21 20 18 21 23 20 21 18 26 28 28 27 26 31 30 30
39 36 39 38 37 37 36 36 43 42 43 42 47 45 42 46
51 52 50 53 53 54 50 52 60 58 62 60 58 63 59 59
6 5 4 7 4 6 6 8 14 13 12 16 16 13 14 15
19 18 18 23 19 18 22 18 26 28 30 27 26 28 28 29
35 37 36 38 34 39 37 36 46 47 42 44 43 43 42 47
54 55 51 50 52 52 51 52 60 61 58 61 62 59 60 61
7 6 5 7 7 4 5 8 15 12 12 15 14 14 15 16
23 20 22 20 18 23 20 19 29 26 30 26 29 27 28 31
39 39 37 36 39 38 38 36 42 46 47 45 43 43 44 45
54 50 54 54 51 53 51 51 62 62 59 60 58 58 63 63
8 6 4 4 8 4 8 4 12 14 14 13 15 14 14 13
21 21 21 19 22 22 21 18 29 29 31 29 27 28 28 30
37 35 36 39 39 36 34 38 43 46 42 43 44 43 42 43
52 50 50 54 54 54 55 55 60 63 59 58 58 58 62 60
