0 0 0 0 0 0 0 0 1 1 1 1 1 1 1 1
2 2 2 2 2 2 2 2 3 3 3 3 3 3 3 3
4 4 4 4 4 4 4 4 5 5 5 5 5 5 5 5
6 6 6 6 6 6 6 6 7 7 7 7 7 7 7 7
0 0 0 0 0 0 0 0 1 1 1 1 1 1 1 1
2 2 2 2 2 2 2 2 3 3 3 3 3 3 3 3
4 4 4 4 4 4 4 4 5 5 5 5 5 5 5 5
6 6 6 6 6 6 6 6 7 7 7 7 7 7 7 7
0 0 0 0 0 0 0 0 1 1 1 1 1 1 1 1
2 2 2 2 2 2 2 2 3 3 3 3 3 3 3 3
4 4 4 4 4 4 4 4 5 5 5 5 5 5 5 5
6 6 6 6 6 6 6 6 7 7 7 7 7 7 7 7
0 0 0 0 0 0 0 0 1 1 1 1 1 1 1 1
2 2 2 2 2 2 2 2 3 3 3 3 3 3 3 3
4 4 4 4 4 4 4 4 5 5 5 5 5 5 5 5
6 6 6 6 6 6 6 6 7 7 7 7 7 7 7 7
8 8 5 7 7 5 7 7 16 13 15 12 15 14 14 14
23 21 21 20 21 21 20 22 30 29 31 31 31 27 29 29
36 38 35 37 38 38 39 34 46 44 46 44 45 42 43 45
53 53 55 52 54 51 54 52 59 58 61 61 63 59 63 58
8 6 8 5 6 5 8 7 13 15 12 16 15 16 12 13
23 19 21 19 20 20 18 23 29 29 31 30 28 29 31 27
35 35 35 35 37 36 39 34 43 44 47 42 43 47 47 46
55 55 53 54 51 54 52 54 61 63 62 58 60 61 62 61
7 4 5 5 7 4 8 5 16 15 13 16 15 15 14 14
23 20 22 19 23 23 22 22 26 30 26 31 30 30 27 26
36 34 34 39 34 39 39 34 47 46 47 46 42 42 46 47
53 52 53 50 53 53 52 52 62 58 58 58 60 58 62 58
7 6 8 8 4 7 8 8 12 14 14 15 15 14 15 15
18 23 19 18 20 22 20 18 26 28 28 28 27 26 31 28
36 36 39 35 34 39 37 36 47 47 45 47 46 46 42 42
50 51 51 52 51 54 50 54 61 62 58 58 60 61 58 62
