0 0 0 0 0 0 0 0 1 1 1 1 1 1 1 1
2 2 2 2 2 2 2 2 3 3 3 3 3 3 3 3
4 4 4 4 4 4 4 4 5 5 5 5 5 5 5 5
6 6 6 6 6 6 6 6 7 7 7 7 7 7 7 7
0 0 0 0 0 0 0 0 1 1 1 1 1 1 1 1
2 2 2 2 2 2 2 2 3 3 3 3 3 3 3 3
4 4 4 4 4 4 4 4 5 5 5 5 5 5 5 5
6 6 6 6 6 6 6 6 7 7 7 7 7 7 7 7
0 0 0 0 0 0 0 0 1 1 1 1 1 1 1 1
2 2 2 2 2 2 2 2 3 3 3 3 3 3 3 3
4 4 4 4 4 4 4 4 5 5 5 5 5 5 5 5
6 6 6 6 6 6 6 6 7 7 7 7 7 7 7 7
0 0 0 0 0 0 0 0 1 1 1 1 1 1 1 1
2 2 2 2 2 2 2 2 3 3 3 3 3 3 3 3
4 4 4 4 4 4 4 4 5 5 5 5 5 5 5 5
6 6 6 6 6 6 6 6 7 7 7 7 7 7 7 7
5 4 6 5 8 4 5 5 12 14 12 16 15 15 14 12
21 22 19 18 20 21 23 19 28 31 30 26 26 31 30 28
37 39 35 35 38 38 38 36 43 47 46 42 42 45 45 45
52 51 51 51 54 52 52 53 63 58 61 58 61 61 62 59
5 8 4 5 5 6 7 6 15 13 15 15 13 15 12 14
20 23 18 18 19 20 23 22 30 30 29 29 31 27 28 27
37 35 39 36 35 34 36 34 47 45 47 45 45 44 46 46
55 55 54 54 55 52 52 50 59 61 62 59 60 60 61 59
5 8 8 8 6 4 4 5 15 12 15 12 13 13 15 12
21 20 19 23 20 22 22 22 28 30 31 30 27 31 26 26
38 37 34 35 36 34 34 37 45 44 47 45 44 46 42 43
50 51 53 50 51 55 51 51 59 59 58 62 58 62 62 59
5 7 5 7 8 5 8 6 12 15 16 14 14 16 13 13
20 22 21 23 21 22 22 23 28 31 30 26 26 26 27 30
35 37 39 36 36 38 38 38 45 44 47 46 45 46 42 42
52 50 53 53 52 54 54 53 59 58 58 58 59 61 59 63
