0 0 0 0 0 0 0 0 1 1 1 1 1 1 1 1
2 2 2 2 2 2 2 2 3 3 3 3 3 3 3 3
4 4 4 4 4 4 4 4 5 5 5 5 5 5 5 5
6 6 6 6 6 6 6 6 7 7 7 7 7 7 7 7
0 0 0 0 0 0 0 0 1 1 1 1 1 1 1 1
2 2 2 2 2 2 2 2 3 3 3 3 3 3 3 3
4 4 4 4 4 4 4 4 5 5 5 5 5 5 5 5
6 6 6 6 6 6 6 6 7 7 7 7 7 7 7 7
0 0 0 0 0 0 0 0 1 1 1 1 1 1 1 1
2 2 2 2 2 2 2 2 3 3 3 3 3 3 3 3
4 4 4 4 4 4 4 4 5 5 5 5 5 5 5 5
6 6 6 6 6 6 6 6 7 7 7 7 7 7 7 7
0 0 0 0 0 0 0 0 1 1 1 1 1 1 1 1
2 2 2 2 2 2 2 2 3 3 3 3 3 3 3 3
4 4 4 4 4 4 4 4 5 5 5 5 5 5 5 5
6 6 6 6 6 6 6 6 7 7 7 7 7 7 7 7
6 6 7 5 5 7 8 8 15 12 14 15 15 12 13 14
18 23 23 22 19 22 23 19 31 30 28 29 26 26 30 29
39 39 37 35 39 34 34 37 46 42 44 45 45 46 43 46
50 51 51 54 54 51 50 50 61 63 60 59 62 58 60 58
8 7 8 7 8 4 8 4 12 16 15 13 14 15 16 15
19 18 22 20 23 22 22 18 27 28 28 30 27 29 28 27
38 35 36 34 34 39 37 39 47 46 43 43 43 44 46 45
53 50 54 54 54 50 52 51 60 60 62 61 59 63 61 59
8 4 5 6 6 7 6 4 15 12 14 13 16 15 13 12
18 21 21 21 18 22 22 19 27 29 30 30 29 30 28 27
37 36 35 35 39 37 38 39 44 44 45 44 46 43 45 45
55 53 54 52 54 55 53 50 58 60 58 63 59 63 59 58
8 8 4 8 8 6 5 8 12 13 13 14 14 14 16 12
23 21 23 23 18 20 23 23 31 30 30 30 31 26 28 26
36 38 35 39 34 37 35 38 44 44 43 45 43 43 42 44
52 54 55 53 50 54 54 53 61 62 62 62 59 58 62 62
