5 1 1 4 0 6 1 0 1 1 7 1 3 4 7 5
0 2 4 2 6 3 7 2 1 6 1 0 7 0 0 5
3 6 5 5 1 2 0 0 1 4 6 5 0 4 1 5
1 0 6 3 5 5 1 7 0 5 4 1 4 7 0 5
4 0 3 3 2 3 4 6 1 5 6 2 4 4 1 1
3 5 4 0 0 4 6 5 2 3 7 6 6 0 0 7
1 6 1 5 0 1 4 7 3 0 5 6 5 6 1 3
6 3 7 1 6 3 6 7 1 1 2 4 3 7 6 0
4 1 0 7 0 7 6 3 7 1 2 0 6 2 0 7
2 4 3 2 0 4 5 7 4 2 1 0 2 3 3 3
4 3 4 1 6 5 1 5 3 7 1 7 4 5 2 0
0 1 0 7 4 2 0 0 5 6 1 3 6 1 7 4
6 6 5 1 1 4 7 4 2 3 3 0 0 7 3 5
4 1 4 6 0 4 4 3 4 1 4 0 5 5 7 0
0 3 6 2 6 0 2 3 3 3 2 5 2 1 4 0
2 0 3 4 0 6 0 5 0 6 0 4 3 4 1 6
43 12 12 37 4 54 14 6 15 16 61 13 30 36 59 45
4 22 34 23 53 26 62 20 15 51 14 5 59 7 6 45
31 54 45 44 16 18 6 8 12 35 51 46 4 39 15 42
13 5 54 31 46 43 12 61 7 47 38 16 34 61 8 45
35 4 30 27 23 31 36 50 16 45 50 22 37 35 14 14
29 43 36 5 6 37 50 44 20 27 61 50 53 6 7 63
14 54 14 43 5 14 38 58 29 4 43 55 42 54 14 28
53 29 62 15 51 27 51 60 14 15 19 36 26 61 55 4
38 14 5 63 7 63 55 30 60 12 21 4 55 22 7 62
22 37 26 20 5 36 46 58 35 19 13 7 20 26 31 28
34 30 39 13 54 43 16 44 29 63 16 62 35 44 22 7
5 12 8 62 36 23 8 4 44 53 13 29 51 12 59 34
52 51 42 12 12 34 59 34 20 30 29 6 6 63 29 43
36 14 39 53 8 35 35 31 39 12 35 8 42 43 63 6
4 28 54 18 53 7 23 26 31 30 23 46 19 16 38 7
18 8 26 37 7 54 7 42 7 54 8 37 29 39 12 54
