2 7 4 4 3 1 3 6 3 7 3 2 6 0 5 5
4 4 4 7 7 6 7 1 6 2 7 1 2 2 1 3
5 5 2 3 1 3 6 0 3 1 4 5 3 5 6 4
4 5 3 1 2 2 5 0 0 6 1 1 1 2 1 3
2 1 1 4 7 0 5 3 4 6 3 2 7 3 6 0
2 5 5 1 3 2 2 6 0 5 6 3 0 3 5 4
2 0 3 6 7 1 7 5 7 7 5 4 5 1 2 4
2 4 5 3 1 2 5 7 4 5 6 1 1 3 3 3
1 5 7 6 1 5 7 2 0 2 4 4 0 1 3 4
4 3 1 4 6 5 1 1 4 6 7 6 3 3 0 7
5 4 2 1 7 3 5 0 7 6 0 1 2 4 0 1
5 3 7 6 1 1 1 0 3 0 6 0 3 1 5 4
4 0 4 0 0 4 2 7 6 0 2 4 6 4 3 4
4 2 7 5 5 7 6 7 5 7 2 3 2 7 3 0
7 0 2 5 7 4 5 4 7 1 6 6 5 7 0 3
4 4 2 6 2 1 5 4 1 5 7 4 7 6 7 3
19 58 35 34 29 12 28 54 29 58 26 18 52 7 46 44
39 34 35 63 61 54 59 16 50 22 60 15 22 20 14 28
44 42 23 27 12 27 53 8 28 14 35 43 30 46 50 36
36 47 26 14 22 21 43 5 8 51 15 13 13 20 12 29
19 14 16 36 60 8 44 30 39 52 29 21 61 28 51 8
20 42 42 15 29 18 22 50 6 44 54 28 8 30 45 39
19 5 26 54 59 16 61 45 60 63 45 37 46 16 19 38
19 34 46 26 12 23 46 61 37 46 52 16 13 26 27 29
12 47 59 54 15 47 63 18 6 21 35 38 6 12 27 37
36 26 15 38 50 42 15 16 36 53 59 53 27 27 7 63
45 39 23 15 60 29 43 7 63 51 7 15 21 39 5 12
42 28 62 54 15 15 14 4 26 5 55 5 28 13 42 39
38 8 37 5 4 39 18 59 51 7 22 38 54 39 30 39
37 21 58 46 44 62 54 60 46 58 20 29 18 62 27 4
60 6 22 42 62 38 46 35 62 16 55 54 43 63 5 28
38 36 18 50 18 14 45 35 14 46 58 36 58 55 62 28
