6 1 0 3 4 0 6 7 7 0 7 6 0 7 2 2
6 5 3 5 6 7 3 0 5 4 0 0 0 5 3 7
1 0 5 5 6 2 3 4 3 0 3 5 0 6 2 3
2 4 3 7 6 6 5 1 5 0 6 4 1 5 3 6
3 3 0 3 0 6 2 6 5 2 0 7 0 5 5 1
2 6 0 2 5 0 1 3 2 3 1 4 3 0 4 0
1 2 5 6 6 7 4 4 1 7 4 0 0 0 7 6
4 2 1 3 3 5 5 4 7 5 6 1 0 0 2 3
2 2 5 1 3 4 2 5 7 7 3 3 2 6 7 5
1 0 0 1 2 5 1 1 1 6 5 5 6 7 7 4
3 4 5 4 5 6 2 4 0 7 0 3 4 3 4 4
2 2 4 6 2 1 3 7 2 7 6 3 1 2 6 3
5 7 7 0 4 3 6 0 3 6 7 2 1 7 3 5
4 7 7 0 1 0 1 2 6 1 6 2 3 2 2 5
2 3 6 7 7 1 7 2 1 6 7 5 4 2 7 7
1 4 4 3 4 4 7 6 1 3 3 4 6 4 3 7
50 15 6 28 39 6 53 58 60 6 61 50 6 58 23 19
51 43 30 44 53 63 27 8 42 34 8 6 7 45 27 59
12 8 45 46 52 18 31 35 29 7 28 42 7 55 23 28
20 39 27 62 53 53 43 16 46 4 52 39 15 43 28 52
28 29 5 26 8 55 21 55 46 18 6 58 7 44 47 16
19 54 8 21 47 7 13 27 22 28 16 38 29 7 39 8
12 21 45 53 55 60 36 36 15 62 37 8 8 5 60 51
37 20 13 31 26 42 43 34 59 46 52 12 4 8 21 26
18 20 44 16 31 34 21 45 63 63 28 26 23 52 60 47
13 6 5 13 21 44 16 14 14 54 45 45 54 60 60 37
31 39 45 34 44 53 23 35 5 60 6 26 35 30 35 38
23 19 38 50 23 13 29 62 18 63 54 28 13 22 55 27
44 58 63 8 37 31 53 6 27 54 60 20 16 61 27 42
38 62 63 5 15 8 16 22 55 13 50 18 29 18 21 46
22 26 55 63 58 16 62 23 15 54 59 42 34 19 60 59
15 35 39 29 36 37 60 52 15 28 28 37 54 38 31 59
