5 0 7 5 4 2 6 1 2 1 3 2 5 2 1 4
5 2 0 1 2 5 2 7 1 3 2 4 0 7 7 5
4 4 4 5 1 7 0 1 3 2 5 1 3 3 3 7
2 3 5 2 5 3 2 1 4 4 1 7 2 6 3 3
2 0 5 4 6 0 2 1 6 6 2 4 2 5 4 4
1 0 2 5 7 6 3 7 7 4 4 0 2 4 0 4
0 3 0 1 1 4 1 5 5 4 1 3 1 1 3 6
6 0 3 4 4 4 6 4 1 0 1 6 6 3 4 0
1 2 1 5 5 0 7 1 6 6 4 3 5 0 7 5
6 1 5 6 7 4 1 1 6 1 3 2 7 0 5 0
0 5 1 4 5 5 3 7 7 0 2 4 6 3 3 0
0 1 5 3 6 1 7 5 2 1 3 7 3 6 6 6
5 7 2 0 3 0 0 1 2 6 4 7 2 2 0 1
5 3 3 1 6 3 4 3 3 3 0 6 3 5 1 2
0 7 3 6 4 7 4 6 7 2 4 3 0 3 0 0
2 7 5 4 0 7 6 0 1 2 4 7 2 7 6 2
47 6 58 45 36 19 53 13 22 15 30 20 42 18 16 35
44 23 6 15 20 45 21 60 16 26 21 37 5 62 61 42
34 35 34 46 15 61 7 15 29 19 45 13 27 27 29 60
20 31 47 20 44 28 22 14 36 34 12 60 22 51 28 27
22 6 45 37 55 5 22 14 53 50 18 37 19 45 38 37
13 4 22 45 58 51 31 61 63 34 36 5 20 39 4 39
5 28 4 16 16 35 15 42 43 35 12 30 13 13 30 54
50 8 30 37 34 37 54 37 16 5 16 51 53 31 38 8
12 23 15 44 44 7 63 15 52 50 35 31 43 7 59 46
52 16 45 55 63 37 16 14 54 15 31 18 62 8 44 5
4 43 13 34 46 46 27 60 63 5 18 36 55 30 29 8
7 16 46 31 52 12 59 46 22 13 26 59 26 53 55 50
42 63 22 7 28 7 6 12 23 55 37 61 20 19 8 14
45 28 30 14 51 28 38 30 30 26 4 51 30 44 16 20
8 60 26 50 35 62 34 53 59 18 34 26 4 28 8 4
19 62 45 36 7 58 50 5 14 21 36 62 20 58 55 23
