3 4 3 6 0 2 4 6 7 0 3 4 1 4 7 1
6 0 3 4 0 0 7 3 4 0 4 1 4 1 7 2
3 6 4 5 5 3 5 2 2 0 3 2 5 7 2 0
5 5 4 6 1 5 1 2 0 1 2 6 6 3 7 1
0 0 6 2 4 5 5 5 1 3 5 0 6 1 4 6
6 1 6 0 4 2 2 3 0 4 3 1 1 0 1 4
4 3 2 1 5 4 7 1 5 0 2 0 1 3 5 5
6 6 6 1 5 1 7 2 6 2 6 4 1 3 3 0
5 3 7 5 0 4 4 1 3 1 1 5 1 0 3 5
3 7 2 7 6 5 6 3 1 3 2 1 6 0 7 7
4 3 4 2 1 4 1 2 3 2 5 3 6 2 2 6
0 2 0 1 7 3 2 3 2 1 1 6 6 5 6 2
7 0 1 7 5 6 7 3 1 7 7 3 3 2 5 2
2 1 4 5 7 6 5 3 7 3 5 4 2 6 6 2
3 7 1 5 2 6 0 2 3 1 6 3 4 3 0 5
6 4 3 5 2 6 3 3 3 7 1 3 6 6 7 3
30 35 31 55 6 18 36 52 59 8 27 35 14 39 62 15
50 7 31 37 8 7 63 27 35 4 39 14 39 13 61 19
30 55 35 44 47 31 43 22 21 4 26 22 45 60 23 5
45 45 34 54 15 45 16 19 8 14 18 54 50 28 62 13
6 7 54 19 35 46 42 44 15 26 47 5 52 16 35 53
50 15 52 5 35 20 21 29 6 37 30 13 16 4 14 39
35 29 19 16 45 34 58 12 42 4 22 7 16 30 45 43
51 52 55 13 47 14 62 20 51 23 52 35 13 31 27 8
46 29 60 45 4 37 36 12 29 14 13 44 14 7 27 44
31 58 18 58 53 42 52 31 12 30 22 13 55 8 58 58
36 31 38 22 16 34 12 20 31 21 46 29 51 18 23 54
6 22 5 16 61 30 21 27 23 12 13 54 55 46 54 22
58 7 12 58 45 51 59 27 15 59 60 30 30 18 43 18
22 12 34 43 63 54 43 28 59 29 45 36 22 52 51 22
31 59 16 42 22 55 5 19 27 15 51 26 39 26 5 43
50 36 26 44 18 53 30 28 27 61 14 31 52 55 61 30
