4 1 3 7 1 5 1 0 2 3 2 6 3 1 5 6
4 0 1 2 6 7 7 1 3 6 7 6 1 3 7 7
0 5 7 6 1 6 0 3 4 1 1 5 2 1 5 7
3 6 0 7 7 1 2 7 5 0 7 5 0 7 6 2
3 4 4 3 7 6 1 7 7 3 6 0 7 4 6 1
6 6 5 3 7 0 0 2 1 5 1 2 0 1 7 7
6 3 6 2 6 5 7 3 4 1 6 4 2 5 2 7
7 2 0 0 5 0 7 7 2 4 3 2 3 4 4 0
0 4 2 3 5 1 7 5 3 6 1 6 0 4 0 4
7 4 6 7 5 3 6 5 3 3 0 6 3 4 3 6
1 7 2 3 6 3 5 0 6 4 5 6 0 0 4 4
5 2 0 3 5 2 3 3 0 6 1 0 3 2 2 2
7 5 3 3 3 0 4 2 0 1 3 0 0 4 6 3
0 0 3 1 3 5 1 7 1 4 0 5 3 3 7 2
4 1 3 5 6 6 6 7 5 1 1 4 7 7 5 6
4 2 7 5 0 4 6 6 2 0 3 4 4 2 3 7
39 12 26 61 16 46 14 8 22 30 21 53 27 14 44 54
38 4 12 19 55 62 58 14 28 54 59 53 14 31 58 62
7 47 61 55 14 53 6 31 34 13 14 42 22 15 46 60
26 55 4 61 58 15 22 59 45 5 58 42 4 59 51 21
28 38 38 29 61 51 16 60 61 27 52 5 61 35 50 16
51 50 42 28 60 5 8 21 15 42 15 19 4 14 59 59
52 29 53 22 55 42 58 28 39 16 55 38 18 42 19 61
62 20 5 7 47 8 61 61 23 35 31 21 28 36 37 5
7 35 18 28 43 16 58 42 28 53 16 50 8 36 4 39
59 38 54 58 46 29 55 47 30 30 6 54 26 39 28 54
15 60 21 28 51 27 47 5 55 35 45 50 6 7 34 38
43 21 5 30 46 21 29 29 6 52 15 8 27 18 21 23
63 45 29 28 27 5 35 22 8 16 27 5 8 38 50 31
8 7 27 16 30 45 14 61 15 36 5 44 29 27 62 21
34 16 31 44 51 52 51 58 44 13 13 38 58 58 46 53
38 19 58 42 7 38 53 51 19 4 28 39 35 18 31 63
