1 0 0 1 1 0 0 1 1 0 1 1 1 1 0 1
1 0 1 0 1 0 0 1 0 0 1 0 0 0 1 0
0 1 0 1 1 0 0 0 1 0 1 1 1 0 0 1
1 0 0 0 0 0 0 0 1 0 0 0 1 0 0 0
1 0 0 0 0 1 0 1 0 1 1 0 1 1 1 1
0 0 1 0 1 0 0 1 1 0 1 0 0 0 1 0
0 1 1 1 1 1 1 0 1 1 0 1 1 1 1 0
1 1 0 1 1 1 1 0 0 1 1 0 0 0 1 1
0 1 1 0 1 1 0 1 1 0 1 0 1 0 0 0
1 1 1 0 0 1 1 0 0 0 0 1 0 1 0 0
0 0 0 1 0 0 1 1 0 1 1 0 1 1 0 0
1 0 0 1 1 0 0 0 1 1 0 1 0 1 0 1
1 1 0 0 1 0 1 1 1 0 0 1 0 0 1 0
1 1 1 1 1 1 1 0 0 0 1 1 0 0 1 0
1 1 0 0 1 1 0 1 0 1 1 0 0 0 1 0
0 0 0 0 0 0 1 1 0 0 0 1 0 1 0 0
104 19 3 90 112 56 11 108 100 65 128 122 136 128 67 92
140 25 138 17 123 36 49 113 65 60 96 73 76 42 144 10
48 147 32 107 92 44 32 11 112 33 140 108 140 28 32 128
147 18 75 41 41 4 66 50 131 11 58 17 154 50 3 19
113 42 27 68 57 107 64 91 64 123 121 43 104 131 136 130
68 43 137 32 155 57 18 114 112 40 100 58 60 75 97 42
35 124 116 144 108 88 90 58 116 121 24 124 137 83 112 25
139 88 57 120 112 148 99 67 33 122 89 16 24 60 145 98
74 152 96 27 146 107 9 131 154 27 113 72 115 75 4 3
105 139 156 34 17 92 92 36 74 52 12 115 73 146 42 40
20 18 73 120 64 3 147 115 17 99 129 60 129 90 75 58
146 59 57 130 112 73 11 12 105 122 40 107 66 97 18 105
140 106 8 19 124 42 113 105 120 75 56 154 33 50 97 8
147 123 123 129 153 114 136 48 57 44 115 91 24 66 147 49
99 122 35 50 144 155 60 96 19 128 128 34 20 4 136 48
60 25 68 9 50 18 123 129 41 50 49 130 59 84 25 76
