0 1 0 1 0 1 0 1 0 1 0 1 0 1 0 1
0 1 0 1 0 1 0 1 0 1 0 1 0 1 0 1
0 1 0 1 0 1 0 1 0 1 0 1 0 1 0 1
0 1 0 1 0 1 0 1 0 1 0 1 0 1 0 1
0 1 0 1 0 1 0 1 0 1 0 1 0 1 0 1
0 1 0 1 0 1 0 1 0 1 0 1 0 1 0 1
0 1 0 1 0 1 0 1 0 1 0 1 0 1 0 1
0 1 0 1 0 1 0 1 0 1 0 1 0 1 0 1
0 1 0 1 0 1 0 1 0 1 0 1 0 1 0 1
0 1 0 1 0 1 0 1 0 1 0 1 0 1 0 1
0 1 0 1 0 1 0 1 0 1 0 1 0 1 0 1
0 1 0 1 0 1 0 1 0 1 0 1 0 1 0 1
0 1 0 1 0 1 0 1 0 1 0 1 0 1 0 1
0 1 0 1 0 1 0 1 0 1 0 1 0 1 0 1
0 1 0 1 0 1 0 1 0 1 0 1 0 1 0 1
0 1 0 1 0 1 0 1 0 1 0 1 0 1 0 1
3 84 8 89 10 91 12 96 17 98 19 100 24 105 26 107
28 112 33 114 35 116 40 121 42 123 44 128 49 130 51 132
56 137 58 139 60 144 65 146 67 148 72 153 74 155 76 83
4 88 9 90 11 92 16 97 18 99 20 104 25 106 27 108
32 113 34 115 36 120 41 122 43 124 48 129 50 131 52 136
57 138 59 140 64 145 66 147 68 152 73 154 75 156 3 84
8 89 10 91 12 96 17 98 19 100 24 105 26 107 28 112
33 114 35 116 40 121 42 123 44 128 49 130 51 132 56 137
58 139 60 144 65 146 67 148 72 153 74 155 76 83 4 88
9 90 11 92 16 97 18 99 20 104 25 106 27 108 32 113
34 115 36 120 41 122 43 124 48 129 50 131 52 136 57 138
59 140 64 145 66 147 68 152 73 154 75 156 3 84 8 89
10 91 12 96 17 98 19 100 24 105 26 107 28 112 33 114
35 116 40 121 42 123 44 128 49 130 51 132 56 137 58 139
60 144 65 146 67 148 72 153 74 155 76 83 4 88 9 90
11 92 16 97 18 99 20 104 25 106 27 108 32 113 34 115
