0 0 1 1 1 0 0 1 1 1 0 0 1 1 1 0
0 1 1 1 1 0 1 0 0 0 1 0 1 1 1 0
1 1 0 1 1 0 0 0 0 0 1 0 1 1 0 1
0 1 1 0 0 0 0 1 1 1 0 1 1 1 0 1
0 1 1 0 0 0 1 1 1 0 1 0 0 0 0 1
0 0 1 0 1 0 0 0 0 1 0 0 0 1 1 1
0 0 0 0 0 1 0 0 0 0 1 1 0 0 0 1
0 1 0 0 1 0 1 0 0 1 0 1 0 0 1 1
1 0 1 0 0 0 1 1 1 0 0 0 1 1 1 1
1 0 0 1 0 0 1 0 0 0 0 0 1 1 0 1
1 0 0 0 1 0 0 0 0 1 1 0 0 1 0 0
1 1 0 1 1 0 1 1 1 0 0 0 0 1 1 0
1 0 1 1 0 1 1 0 0 1 1 1 0 1 1 1
1 1 1 0 1 0 1 1 0 1 0 1 0 1 1 1
0 1 0 1 1 0 1 0 1 0 1 0 0 1 1 0
0 1 1 1 0 1 1 1 1 1 1 0 0 0 0 0
68 67 100 91 100 48 52 112 100 96 50 27 144 108 145 11
25 156 108 106 148 40 115 66 56 60 131 72 154 107 147 64
154 147 35 105 90 26 41 41 17 52 114 16 129 138 64 154
18 114 136 75 17 16 40 98 156 137 35 84 136 114 51 84
64 100 98 19 56 67 120 124 139 44 106 24 68 10 20 120
40 12 92 67 92 28 17 9 58 121 25 26 36 123 153 130
17 11 52 59 66 128 74 58 43 72 116 128 58 58 18 154
43 107 51 28 120 19 139 11 8 104 75 98 60 20 90 84
97 26 139 34 68 24 88 120 96 28 59 17 100 138 120 84
98 34 18 112 64 52 105 65 40 18 40 73 108 137 58 128
113 28 74 35 139 66 44 35 24 92 108 27 16 106 27 43
154 136 52 122 99 19 145 114 129 48 12 75 20 121 113 72
106 18 104 84 12 123 137 67 24 156 100 121 3 83 152 88
97 106 137 75 83 75 106 124 50 156 59 123 68 137 139 123
35 138 9 129 106 58 92 27 136 32 104 73 67 131 100 3
26 98 152 116 35 92 115 84 115 99 140 48 9 8 58 48
