0 1 0 0 0 1 0 1 0 0 1 1 1 1 1 0
0 0 0 0 1 1 0 0 1 1 0 0 0 1 0 1
0 0 0 0 1 1 0 1 0 1 1 1 1 1 1 1
0 0 0 0 0 0 1 0 1 1 1 1 0 0 0 1
0 0 0 1 0 0 0 1 0 1 0 0 1 0 1 0
1 1 0 0 1 0 1 0 0 1 0 1 1 0 1 1
1 0 0 1 1 1 1 1 1 1 1 1 1 0 0 0
0 1 0 1 1 0 1 1 0 1 1 0 1 0 0 1
1 0 1 1 1 1 0 0 1 0 0 0 0 0 1 0
1 1 0 1 1 0 0 0 1 0 0 0 1 1 1 1
0 1 0 1 1 1 0 1 1 1 0 0 0 0 1 1
1 1 0 1 1 0 1 1 1 0 0 1 0 1 1 0
0 0 0 0 1 0 1 1 0 0 1 1 0 0 1 0
1 0 1 0 1 1 1 0 1 0 1 0 1 1 1 1
0 0 0 1 0 1 0 1 1 0 1 1 1 1 1 0
0 1 1 0 0 1 1 0 1 0 1 1 1 1 1 1
17 104 24 8 16 131 72 84 56 18 92 144 84 154 105 24
51 68 66 27 112 145 12 36 83 83 34 27 20 156 20 152
28 40 59 68 112 92 50 104 24 108 89 114 108 84 98 153
75 64 41 26 20 27 91 40 156 113 145 108 32 9 17 106
12 32 35 153 76 66 56 112 56 106 35 12 146 44 147 67
99 99 42 76 130 20 137 18 60 104 42 105 128 17 148 131
121 17 73 146 116 116 105 120 84 153 136 97 136 50 17 64
9 154 72 104 152 75 96 137 65 88 100 74 84 18 67 83
140 3 122 153 130 132 52 44 98 20 57 49 50 9 156 51
148 121 43 129 99 43 76 42 91 17 35 35 144 131 146 120
16 138 8 107 114 123 68 128 112 99 4 28 28 49 145 153
104 140 48 84 156 18 153 154 153 40 73 147 10 100 152 40
8 10 65 60 129 20 146 129 64 52 123 156 17 20 106 65
100 56 97 36 140 98 112 58 122 51 138 67 99 104 107 128
26 64 36 155 64 100 72 148 104 32 156 90 91 137 92 12
26 131 100 44 8 84 92 25 146 74 115 124 121 90 145 112
