0 1 1 1 1 1 0 1 1 0 1 1 0 1 1 0
0 0 0 0 0 0 0 1 0 0 0 0 1 0 0 0
0 0 0 1 1 0 0 0 1 1 1 1 1 0 1 1
1 0 0 1 1 1 1 0 0 1 1 0 0 1 1 0
1 1 0 1 1 0 0 0 0 1 0 1 1 1 0 1
1 1 1 0 0 1 1 0 1 1 0 0 0 0 0 0
1 1 0 0 1 1 1 1 1 0 1 1 0 1 0 1
0 0 0 1 0 1 1 1 0 0 1 1 0 0 0 1
1 0 1 1 1 1 0 0 1 1 1 0 0 0 1 0
0 0 0 1 0 0 0 1 0 0 0 0 0 1 0 1
1 1 0 0 1 0 1 0 1 1 1 1 1 1 0 1
1 0 1 1 0 1 1 0 0 1 1 1 0 0 1 1
1 1 1 0 0 1 1 0 1 1 1 1 0 1 1 0
1 1 0 1 0 0 0 1 1 1 0 0 0 0 1 1
1 1 0 1 0 1 0 1 0 0 1 1 0 1 1 1
1 1 1 1 1 0 1 0 0 0 1 0 0 1 1 1
51 121 99 156 113 100 58 147 84 36 100 88 57 123 113 49
60 68 4 12 33 73 57 137 44 25 65 58 123 49 28 41
32 56 20 128 152 19 42 66 104 120 138 108 154 52 129 128
105 56 18 97 89 131 122 27 49 131 83 48 20 137 98 57
124 145 50 104 130 11 64 67 66 138 44 89 106 89 59 140
107 90 128 32 11 153 146 36 98 106 41 25 73 40 35 16
99 96 40 20 146 104 137 128 107 27 146 105 25 92 52 128
72 20 59 89 59 128 106 122 64 50 154 139 57 36 33 152
108 51 99 84 114 84 56 32 120 121 131 50 28 75 121 10
34 28 25 140 51 60 65 152 32 4 16 11 3 107 8 91
120 128 60 9 113 66 92 60 89 104 89 105 140 83 59 136
108 26 120 138 60 137 128 73 76 120 155 139 74 43 124 155
140 122 156 57 57 92 123 36 89 138 89 120 25 98 153 44
156 153 26 99 59 56 20 89 138 122 49 42 33 12 99 97
152 120 12 113 75 92 10 156 66 27 84 144 59 131 140 91
84 84 90 123 105 59 154 3 43 43 100 32 27 136 132 148
