1 0 0 1 1 1 1 0 1 1 0 1 1 0 0 0
1 0 1 0 0 1 1 0 0 0 1 1 1 1 1 1
0 0 1 0 1 1 1 1 0 1 1 1 1 1 1 0
0 0 1 1 1 0 1 0 0 1 1 0 0 0 1 0
0 0 1 1 1 0 0 0 1 1 0 0 0 0 0 0
0 0 0 1 1 0 0 1 0 1 0 0 1 0 0 1
0 0 0 0 1 1 0 1 1 1 1 1 1 0 1 1
1 1 0 0 0 1 0 1 0 0 0 0 1 0 1 1
0 1 0 0 1 1 1 1 1 1 1 1 1 0 1 1
0 0 0 1 0 0 1 0 0 1 0 1 0 1 0 1
1 0 0 0 0 0 1 0 0 1 1 1 1 0 1 1
1 1 1 1 0 0 0 0 0 0 1 0 1 0 0 1
1 1 1 0 0 1 1 0 0 1 1 0 0 1 1 1
0 0 1 1 0 0 0 0 1 0 0 1 0 1 1 0
1 0 1 0 0 1 1 0 1 0 1 1 0 1 0 0
1 1 0 0 0 1 1 0 0 0 0 0 1 1 1 1
138 41 36 98 96 147 130 49 84 145 41 113 147 43 74 57
106 76 121 27 24 148 108 67 50 10 146 100 88 98 116 129
59 50 136 67 92 112 108 113 36 147 121 129 129 145 108 67
57 8 92 100 146 18 131 35 66 120 137 41 76 19 138 59
42 19 105 113 88 75 26 8 154 112 18 32 18 41 33 50
3 16 65 131 146 25 72 83 50 90 76 20 129 27 17 99
50 51 9 34 156 105 20 91 105 155 115 156 139 67 84 83
154 90 49 49 66 114 41 112 44 20 58 27 140 41 115 145
28 97 51 75 120 124 106 124 107 96 105 105 107 48 115 139
72 65 60 121 50 40 138 75 64 128 40 153 68 132 26 146
89 12 72 20 28 64 97 73 25 116 136 153 156 76 89 90
92 116 97 89 59 73 57 51 27 57 98 10 144 35 43 92
99 152 132 48 25 92 144 48 20 132 132 49 3 105 129 96
9 41 121 132 73 33 16 44 104 48 40 92 34 147 137 76
145 17 122 33 74 105 137 50 128 75 84 131 42 153 74 76
146 115 66 67 58 131 145 17 33 76 52 12 152 132 116 91
