1 1 1 0 0 1 1 0 0 1 0 1 0 1 0 1
0 0 0 0 1 0 1 0 1 1 0 1 0 0 1 1
0 1 0 0 1 0 1 0 1 0 1 1 1 1 1 0
1 1 1 0 1 1 0 1 1 1 0 0 0 0 0 0
1 0 1 0 0 1 1 0 0 0 1 0 1 0 1 0
1 1 1 0 1 1 1 1 1 0 1 0 0 1 0 1
1 0 1 0 1 0 0 1 0 1 0 1 1 1 0 0
1 0 0 1 0 1 1 1 1 1 0 0 1 0 1 0
0 1 0 1 1 0 1 1 1 1 0 1 1 0 1 1
1 0 0 0 0 0 0 1 1 1 0 1 0 0 0 1
1 1 0 0 1 1 0 0 1 0 0 0 0 1 0 1
0 1 1 1 1 0 0 0 1 1 0 1 0 1 0 0
0 0 1 0 0 1 1 1 0 0 1 1 1 0 0 1
1 1 0 1 0 1 0 1 0 0 0 1 1 0 1 0
0 0 0 1 1 0 1 0 0 0 1 0 0 1 0 1
1 1 1 0 0 0 0 0 1 1 1 0 0 0 0 1
131 148 145 17 74 115 88 59 25 138 20 116 32 132 20 88
33 68 60 25 148 8 89 33 115 137 40 113 26 56 106 146
32 92 50 10 99 75 90 59 130 20 153 146 97 92 106 4
100 146 92 33 116 138 36 154 89 124 35 48 68 48 56 24
115 52 139 42 3 153 140 28 28 19 154 56 89 50 92 11
124 89 156 3 92 139 84 113 145 74 89 18 35 136 18 132
83 57 88 11 97 36 19 121 20 123 33 84 156 83 17 3
146 41 27 121 16 100 92 146 88 145 3 51 153 40 100 35
19 106 20 115 91 44 116 112 88 124 11 145 154 17 145 137
138 60 74 41 50 68 68 114 91 140 17 121 36 9 17 108
113 130 43 57 122 152 3 75 137 68 4 56 8 153 64 92
67 153 108 148 100 68 40 65 136 84 60 154 25 153 74 35
25 64 121 59 34 88 136 147 26 34 129 132 148 33 57 108
138 88 51 100 52 144 44 92 12 75 44 148 140 28 106 51
25 12 65 97 144 64 112 49 75 20 99 76 35 131 17 138
98 147 89 20 76 34 4 12 146 139 129 12 20 73 75 112
