1 0 1 0 0 1 1 1 1 0 1 0 0 1 0 1
0 0 1 1 1 0 1 0 1 0 1 0 0 0 1 0
1 1 1 1 1 0 1 1 0 1 1 0 0 1 1 0
0 1 1 1 1 1 0 0 1 0 1 1 0 0 0 1
1 0 0 1 1 0 0 1 0 1 0 1 0 1 1 0
0 0 1 1 1 0 0 0 1 1 0 0 1 0 0 0
1 1 1 0 1 0 1 1 1 0 1 0 1 0 0 0
0 1 0 0 0 1 1 1 1 1 1 0 0 1 1 0
1 1 0 1 1 0 1 1 1 0 1 0 0 0 1 0
0 0 0 1 1 0 1 0 1 1 1 0 0 0 1 1
0 0 0 0 0 0 0 1 1 1 1 1 0 0 1 1
1 0 1 0 0 0 0 1 1 0 0 0 1 1 1 1
1 1 1 0 1 0 0 0 1 1 1 0 1 0 1 1
0 1 1 1 1 1 1 0 0 0 1 1 1 0 0 0
1 0 1 0 1 1 1 0 0 1 1 1 1 1 0 0
1 1 0 0 0 0 0 0 1 0 0 1 0 1 0 1
124 43 148 18 49 146 99 99 129 72 97 75 59 106 68 108
41 26 140 107 116 18 105 76 152 33 124 36 9 64 108 20
140 153 96 113 152 16 156 130 26 121 113 58 26 113 89 34
68 140 88 99 90 107 64 73 146 18 139 106 51 41 75 146
107 64 3 131 115 66 72 130 50 105 48 124 16 147 140 72
72 33 129 100 137 26 75 60 136 145 25 16 138 65 4 74
120 92 139 26 124 33 91 108 136 56 115 8 138 51 76 36
19 107 18 4 25 104 91 107 98 144 123 28 11 124 99 25
105 90 16 90 130 51 136 130 100 58 152 33 72 20 148 10
19 43 49 137 139 36 113 56 84 105 104 19 4 24 155 97
10 34 76 24 60 8 48 96 83 144 136 96 11 42 139 123
113 65 89 8 19 33 57 123 156 57 59 33 83 106 121 99
156 88 100 11 138 42 50 32 92 120 145 34 155 64 153 96
35 139 84 91 124 152 146 66 24 12 154 124 98 66 32 25
136 36 100 17 128 155 147 64 43 89 96 114 131 100 58 64
152 130 67 48 75 68 28 17 144 40 75 129 17 137 16 100
