1 1 1 0 1 1 1 1 1 0 1 0 0 1 0 1
1 1 1 1 1 0 0 0 0 1 0 1 1 1 1 1
0 0 0 0 0 1 0 0 1 0 1 0 1 0 0 0
1 0 1 1 0 0 1 0 1 0 0 0 0 1 0 0
1 1 1 1 1 1 1 0 1 0 0 1 0 1 0 1
1 0 1 1 0 1 1 0 1 0 0 1 1 1 1 0
1 0 1 1 0 0 1 1 1 0 1 1 0 1 0 1
0 1 1 1 0 1 1 0 1 1 1 0 1 1 1 0
0 1 0 1 0 1 1 1 1 0 0 0 1 0 0 1
1 1 0 1 0 0 1 1 0 0 0 0 1 1 1 1
0 0 1 1 0 1 0 0 0 0 1 1 1 0 0 0
1 1 0 1 0 1 1 0 0 0 0 0 0 1 1 0
0 1 1 1 1 0 0 1 0 1 1 0 1 1 1 1
1 1 1 0 1 0 0 1 0 0 1 1 0 1 0 1
0 1 0 1 0 1 0 0 0 1 1 0 1 1 0 0
1 1 1 0 0 1 0 1 1 0 0 0 1 1 0 1
144 122 154 4 99 88 136 122 97 16 136 73 20 113 52 88
145 97 137 120 130 33 9 67 58 98 48 114 148 128 139 144
44 17 17 17 35 132 9 49 105 4 89 34 138 36 60 8
146 57 154 156 67 66 148 65 106 3 74 72 74 88 9 32
97 98 97 121 138 116 105 44 156 74 4 139 73 132 18 105
132 17 112 104 16 100 147 41 147 3 67 83 120 128 97 75
97 24 124 90 19 40 131 122 152 35 136 137 42 138 26 104
42 136 123 124 12 115 130 76 114 148 144 74 83 152 116 40
44 147 73 144 66 128 116 129 137 33 41 18 130 33 40 105
129 131 41 139 33 32 108 84 25 8 19 60 114 83 147 121
48 67 90 100 28 131 4 57 76 18 113 84 122 18 64 28
128 131 48 155 27 121 144 25 10 9 4 43 20 112 112 3
50 120 154 116 147 4 57 112 48 114 124 51 146 100 128 138
112 97 92 66 145 52 42 107 16 18 88 156 40 107 51 140
16 124 35 107 8 113 9 34 49 92 131 35 84 83 8 51
144 129 132 10 59 88 64 106 98 58 9 52 99 88 50 98
