0 0 1 0 0 1 1 1 1 0 0 1 0 1 1 0
0 1 1 1 1 1 1 0 1 0 1 1 1 1 0 1
0 0 1 0 1 1 0 1 1 0 1 1 1 1 1 0
0 0 1 0 1 0 0 0 1 1 1 0 1 0 0 1
1 1 0 1 1 1 0 1 1 0 0 0 1 1 0 0
1 0 0 1 0 1 0 0 1 0 1 0 0 0 1 0
1 0 1 0 1 0 0 1 1 0 1 1 1 1 1 0
0 1 1 0 1 0 1 1 0 0 0 0 0 1 0 1
0 1 0 0 1 1 0 1 1 0 0 0 1 0 1 0
1 1 1 0 0 1 0 1 0 1 1 1 1 1 1 1
1 0 1 0 1 1 1 1 1 1 0 0 0 1 0 1
0 1 1 1 0 1 0 0 1 1 1 1 0 0 0 1
1 1 1 0 0 1 1 1 1 1 1 0 0 1 1 1
0 0 0 1 1 1 1 0 1 0 0 0 0 1 1 1
1 0 1 1 0 0 0 0 0 0 1 1 0 1 0 1
0 1 0 0 0 0 0 1 1 1 0 0 0 1 1 1
28 24 154 52 32 113 139 114 92 57 19 153 34 123 120 36
75 131 140 98 137 146 129 51 99 52 146 123 96 108 60 123
76 64 124 66 146 105 10 129 97 26 98 131 121 155 105 57
60 8 132 28 131 32 3 25 97 152 123 48 104 67 27 99
106 96 17 98 130 91 3 113 112 11 68 57 147 108 18 56
96 9 24 145 10 154 59 51 105 24 145 20 9 64 116 41
83 43 132 10 90 43 48 116 92 49 152 112 128 123 131 24
26 108 128 43 148 41 108 89 68 27 12 24 27 145 40 108
17 83 76 52 153 131 52 114 115 59 51 25 146 28 138 57
106 83 138 33 3 99 44 130 40 84 152 105 100 148 114 97
114 24 137 60 104 88 153 132 131 136 18 4 27 99 33 140
35 137 114 145 60 128 76 24 144 123 123 112 11 57 50 99
146 147 139 73 60 139 154 112 121 97 91 17 19 144 96 83
64 68 44 147 152 96 96 28 108 20 27 66 20 83 123 121
124 19 91 129 60 50 49 65 16 75 115 105 76 148 42 148
33 147 44 34 56 8 59 147 107 136 58 66 3 129 144 84
