0 1 0 0 0 0 0 1 1 1 0 0 1 1 1 0
0 0 0 1 1 1 1 0 0 1 0 0 0 1 0 0
1 1 1 0 0 1 1 0 0 0 1 0 1 1 0 1
1 1 0 1 1 1 0 0 0 0 1 1 1 0 1 0
0 0 1 1 1 0 1 1 0 1 1 1 0 1 1 0
0 0 0 1 1 0 0 1 1 0 0 1 1 0 0 0
1 1 1 1 0 1 0 0 0 0 1 1 0 0 1 0
0 1 1 1 0 0 1 0 0 1 1 1 0 0 1 1
0 0 0 1 1 0 1 0 0 0 1 1 0 1 0 1
0 0 0 0 1 1 1 1 1 0 1 1 1 1 1 0
0 1 1 1 0 1 0 0 0 0 0 1 1 0 0 0
1 0 1 0 0 1 0 1 1 0 1 0 0 0 0 0
1 0 0 0 1 0 1 0 1 0 1 0 0 0 0 0
1 0 1 0 0 0 0 0 1 0 0 0 0 0 1 1
0 0 1 0 1 0 0 0 1 0 1 0 1 0 1 0
1 1 1 1 1 0 0 1 1 1 1 1 1 1 0 1
40 121 67 64 65 3 66 128 98 108 51 36 144 121 121 19
67 74 64 114 113 107 112 28 68 154 27 17 44 84 65 34
88 144 116 35 42 138 115 68 50 75 139 3 136 107 57 92
128 153 11 84 156 116 48 11 9 56 115 146 114 40 144 3
3 48 99 136 115 42 100 130 56 132 123 84 20 88 106 74
11 8 28 136 108 76 26 84 129 49 16 112 114 67 28 8
112 116 138 105 19 144 67 27 64 33 140 100 3 58 105 36
11 132 123 90 36 42 83 75 49 92 115 90 64 24 122 132
36 10 19 116 130 74 107 36 19 42 97 114 41 120 75 138
66 51 34 76 120 144 145 131 156 68 83 131 113 90 112 43
26 122 108 152 9 138 76 58 56 32 11 108 146 73 34 74
114 10 129 72 4 97 75 112 124 72 138 75 73 32 3 49
138 8 58 49 124 75 131 65 116 66 88 76 44 60 57 3
140 48 105 73 20 49 8 57 153 43 59 12 41 20 145 120
58 8 155 49 137 40 8 68 98 49 98 19 140 48 152 59
139 153 105 104 123 40 66 128 90 96 113 89 114 106 19 140
