0 1 0 0 1 1 0 0 1 1 1 1 1 0 0 1
1 0 1 0 0 1 1 1 0 1 0 0 1 1 1 1
1 0 1 0 0 1 0 1 0 1 0 0 0 0 1 0
0 0 1 0 1 0 0 0 1 1 0 1 0 0 0 1
1 1 0 0 0 0 1 1 0 1 0 0 1 1 1 0
1 1 1 0 1 0 0 0 0 0 1 0 0 0 1 0
0 1 1 1 0 0 0 0 0 0 0 0 1 0 1 1
0 0 0 1 0 1 0 1 1 0 0 0 0 1 0 0
1 0 1 0 0 0 0 1 1 0 0 1 1 0 0 0
0 0 0 1 1 0 0 1 0 0 1 1 0 1 0 0
0 1 1 0 0 0 0 0 0 1 1 1 1 1 0 1
1 0 1 0 1 0 1 0 1 0 0 0 1 0 0 1
1 1 0 1 1 0 1 1 1 0 1 0 0 0 0 1
1 0 0 0 0 1 1 1 1 0 0 0 0 0 0 1
0 1 0 0 1 1 1 1 1 0 0 1 1 0 1 1
0 0 1 1 0 1 1 0 0 1 0 0 1 0 1 1
10 104 68 64 131 91 75 50 132 104 84 113 96 18 59 108
148 12 98 11 24 147 137 155 73 140 51 41 98 100 136 156
123 43 83 59 41 129 4 152 12 115 67 58 34 27 153 11
72 59 89 57 100 65 3 50 90 113 35 144 3 36 27 88
105 83 56 58 33 4 121 136 49 113 51 9 107 139 116 17
146 108 83 8 154 59 35 11 41 16 136 12 8 75 155 20
50 121 122 104 49 52 36 40 32 4 67 60 136 48 122 148
26 10 20 129 58 152 26 155 83 19 60 43 26 128 67 42
146 66 98 72 42 49 41 104 112 36 4 99 105 48 66 49
65 25 73 114 112 50 25 92 3 65 124 122 28 98 52 76
8 154 156 34 25 19 58 42 72 138 155 108 105 90 9 123
116 58 137 75 106 41 84 40 89 16 57 35 129 50 35 83
147 104 8 144 136 50 138 137 116 20 99 17 25 75 17 100
148 65 19 32 28 107 138 152 130 8 68 50 34 43 73 99
8 88 64 51 145 139 120 114 116 72 34 148 137 76 147 154
66 25 116 89 48 156 147 10 68 83 26 65 132 9 152 105
