1 0 1 1 0 1 0 0 1 1 0 1 1 1 0 0
1 0 1 0 1 1 0 1 0 0 0 1 1 1 0 0
0 0 0 1 0 1 1 1 1 0 1 1 0 0 1 1
1 0 1 0 0 1 0 1 1 0 1 1 0 0 0 0
0 1 0 1 1 0 1 0 0 1 1 1 1 0 0 1
1 1 1 0 0 0 1 1 1 0 0 1 1 0 1 0
1 1 0 0 1 0 0 1 1 1 0 0 0 0 0 1
1 0 0 1 1 0 0 0 0 0 1 1 1 0 0 1
0 1 1 0 0 0 0 1 0 0 0 0 1 1 0 0
1 0 0 1 1 1 0 1 0 1 1 0 0 0 1 0
0 0 1 0 0 0 0 1 0 1 0 1 0 1 1 0
0 0 0 1 1 0 0 1 0 0 0 0 0 0 1 1
0 1 0 0 0 0 0 0 1 0 0 0 1 0 0 1
1 0 1 0 1 0 1 0 1 0 0 0 1 0 0 0
0 0 1 0 0 1 0 1 0 0 1 0 1 1 1 0
0 0 1 0 1 0 1 1 0 0 0 1 0 0 1 1
138 41 155 114 68 147 67 41 154 90 24 148 146 131 32 34
153 74 122 11 105 156 43 108 41 43 40 98 106 89 32 11
19 24 76 129 34 121 89 120 97 66 104 140 44 75 88 147
145 73 113 74 57 108 34 116 147 76 154 139 67 8 75 4
64 122 24 136 104 20 99 40 48 153 137 83 132 68 34 112
99 146 137 58 11 11 120 131 154 25 40 137 84 74 104 76
146 138 34 4 98 24 10 132 97 124 33 41 48 32 16 152
131 12 74 139 113 72 41 18 33 40 92 104 122 64 12 124
12 128 112 32 59 48 52 107 58 48 66 42 123 115 50 33
122 43 56 88 128 153 50 156 40 153 84 74 3 34 98 17
74 33 88 27 40 18 43 128 10 121 73 148 58 114 140 10
12 10 74 89 132 3 33 138 27 16 25 20 10 51 145 152
68 98 18 49 49 28 58 4 146 76 19 66 154 18 8 156
105 43 83 34 120 4 123 34 96 19 26 44 147 41 60 60
76 59 100 24 10 121 75 106 10 68 156 57 107 113 120 67
60 19 130 26 121 8 88 89 32 10 72 114 25 24 84 114
