0 1 1 1 1 1 1 0 0 0 1 0 1 0 0 1
1 1 0 1 1 1 1 1 0 1 0 1 1 1 1 1
0 1 1 1 1 1 1 1 1 1 1 1 0 1 1 1
0 0 0 1 0 1 1 0 0 0 1 1 1 0 1 1
1 0 1 0 1 0 1 1 1 1 0 0 0 1 1 0
0 0 1 0 1 1 0 0 1 0 1 0 0 1 1 0
1 1 1 0 0 1 0 0 0 1 1 1 1 1 1 1
1 0 1 1 0 0 1 0 1 1 0 0 0 1 0 0
0 1 0 1 0 1 1 1 0 0 0 1 0 0 1 1
0 1 1 1 0 0 1 1 1 0 0 1 0 0 1 0
1 0 0 0 0 1 0 1 0 0 0 0 1 0 1 0
0 0 1 0 0 0 0 1 1 0 0 0 1 0 1 0
1 0 0 1 1 0 0 0 0 0 1 0 0 0 0 1
0 1 0 1 0 0 0 0 0 1 1 0 0 1 0 0
0 0 0 1 0 0 1 0 0 0 0 1 0 1 1 1
0 0 0 0 1 1 0 0 1 0 1 1 0 1 1 1
32 115 113 128 128 99 114 19 12 59 153 52 132 35 52 89
131 144 20 153 97 152 140 138 9 116 57 123 112 139 90 124
4 99 105 104 146 131 147 154 98 128 146 144 75 96 140 132
33 12 11 90 49 122 152 56 25 64 129 97 136 75 137 131
138 24 137 68 120 48 138 113 113 136 8 68 24 140 91 32
16 50 88 50 137 121 27 68 113 42 148 3 10 131 88 10
92 153 104 8 20 115 66 27 57 145 156 132 138 107 105 145
104 51 131 113 40 33 114 35 137 88 60 41 60 99 32 33
73 100 43 131 3 130 148 89 56 17 33 153 32 41 130 84
42 88 98 146 40 11 98 96 155 42 57 88 50 24 147 44
153 58 26 51 9 123 75 108 75 74 72 74 99 20 83 64
26 75 136 10 50 41 34 152 137 50 27 17 146 42 124 32
148 34 20 84 146 68 34 59 58 72 89 26 17 68 36 140
27 124 40 115 60 60 3 65 18 140 106 66 75 154 60 68
64 73 64 153 25 9 113 67 16 3 66 145 20 84 144 88
17 57 50 76 153 139 16 49 130 12 136 132 74 145 138 121
