1 0 1 0 0 1 1 0 1 1 0 1 0 0 0 1
0 0 1 0 1 0 0 1 1 1 1 1 1 1 0 0
0 1 1 1 1 0 1 1 1 1 0 0 0 1 1 0
0 1 1 1 0 0 1 1 0 1 0 1 0 1 1 0
1 0 1 0 1 1 1 1 1 0 0 1 0 1 1 0
0 0 1 1 1 1 1 1 0 1 0 0 1 1 0 1
1 0 1 0 1 0 1 1 1 1 1 1 0 1 0 0
1 0 1 0 1 0 0 1 0 1 1 0 0 0 1 1
0 0 0 1 1 0 1 0 0 1 1 0 0 1 0 1
0 0 1 0 1 0 0 1 0 1 1 0 1 1 1 1
1 0 0 1 0 0 1 0 1 1 1 1 0 0 1 0
1 0 0 1 1 0 0 0 0 1 1 0 0 0 1 0
0 0 1 1 0 0 1 1 0 1 1 1 0 1 0 0
0 1 1 0 1 0 0 0 1 0 1 1 1 1 0 1
1 1 1 0 0 0 1 1 1 0 1 1 1 1 0 1
0 1 1 0 0 0 1 1 0 1 0 0 1 1 1 1
152 42 106 42 75 114 156 43 92 104 3 99 24 52 68 108
68 49 84 8 112 60 67 130 83 114 147 137 155 91 36 32
57 97 136 148 154 11 106 100 131 147 4 28 9 155 145 67
42 89 140 83 72 59 84 98 33 145 52 146 75 131 154 24
89 67 96 67 108 156 153 91 146 32 59 99 9 106 138 49
35 32 147 146 92 146 148 112 44 107 27 57 145 91 20 131
130 33 84 12 107 56 108 120 108 156 114 116 28 90 12 60
88 28 129 60 99 11 50 104 50 138 148 67 64 27 146 140
52 57 25 146 90 75 88 43 32 153 138 66 9 105 33 130
44 40 90 3 100 28 19 92 72 97 123 25 106 120 123 144
105 49 57 115 34 68 156 66 100 146 147 89 24 9 108 3
136 24 48 104 152 27 44 11 19 129 107 51 36 11 155 27
32 74 130 137 51 52 132 97 34 99 130 84 4 128 9 56
58 145 100 8 132 8 11 52 83 41 156 153 112 100 60 104
105 91 90 19 10 25 112 145 105 24 108 146 104 114 43 130
48 138 99 52 66 67 137 154 40 148 34 56 89 124 146 152
