0 1 1 0 1 1 0 0 1 1 1 0 0 0 0 0
1 0 0 0 1 1 1 0 1 0 0 1 0 1 1 1
1 1 0 0 0 0 0 0 1 1 0 1 0 1 0 0
1 0 0 0 0 0 1 0 0 1 0 1 0 1 0 0
0 1 1 1 0 1 0 1 1 0 0 1 1 1 0 0
0 0 1 1 0 1 0 0 0 0 0 1 0 0 0 1
1 0 0 0 1 1 0 0 0 0 0 1 1 0 0 0
0 0 1 0 0 0 1 1 1 1 1 0 1 1 0 1
0 1 0 1 0 1 1 0 0 1 1 1 1 1 0 1
0 1 0 0 1 1 1 0 1 0 0 1 1 1 0 0
1 1 0 0 1 0 0 0 1 1 0 1 0 0 1 1
1 0 1 0 0 1 1 0 1 0 1 1 1 0 0 1
1 0 1 0 1 1 1 0 0 0 1 0 0 1 1 0
1 0 1 1 1 0 1 1 1 0 0 1 0 0 0 0
0 0 0 0 0 0 0 0 1 1 0 1 1 0 0 1
1 0 1 1 1 0 0 0 1 0 0 0 1 0 1 1
68 97 128 65 92 112 64 58 145 130 115 12 17 67 49 42
137 40 64 64 83 96 144 75 105 24 52 131 40 122 115 92
108 92 4 27 49 10 10 41 96 114 16 136 65 112 60 41
129 11 26 73 25 17 105 28 32 100 41 147 20 116 57 41
26 129 147 139 36 104 64 152 146 48 68 148 113 136 58 20
66 51 104 120 24 123 73 58 42 16 18 154 19 76 36 96
113 25 32 73 88 132 72 68 68 4 59 97 123 28 59 65
60 49 144 75 36 75 140 152 106 84 114 42 106 104 11 107
26 84 33 155 66 91 140 42 20 154 120 146 98 137 44 154
12 105 66 27 91 106 120 68 129 32 27 123 96 152 10 73
104 131 20 66 148 75 18 42 100 89 32 97 60 65 107 120
130 34 88 50 75 156 138 57 124 56 99 147 148 27 73 91
120 27 145 59 146 136 131 42 58 4 105 73 17 91 132 18
152 28 144 139 154 18 90 123 84 73 76 84 28 11 68 58
58 40 26 43 16 3 9 44 145 122 76 154 108 9 28 105
131 19 130 123 136 50 41 65 114 72 67 67 89 52 153 129
