0 1 1 1 1 1 0 0 1 0 0 0 1 1 0 1
1 1 1 0 1 1 1 0 1 0 1 0 1 0 0 1
1 0 1 0 0 0 0 1 1 1 0 1 1 0 0 0
1 0 1 0 0 0 0 0 1 1 1 0 1 0 1 1
0 1 0 0 0 1 0 1 0 1 1 0 0 0 1 0
0 1 0 1 1 0 1 0 1 1 1 1 1 0 1 1
0 1 0 1 0 1 0 1 1 1 0 1 0 1 1 1
1 1 1 1 0 0 1 0 0 0 1 1 1 1 0 0
0 0 0 1 1 0 1 0 1 0 1 0 0 0 1 1
0 1 1 1 1 0 0 0 0 1 0 1 1 0 1 1
0 1 1 0 1 0 0 1 1 1 1 1 0 1 0 0
0 0 1 0 1 1 1 1 0 0 0 0 1 0 0 0
0 1 1 1 1 0 1 1 0 0 0 1 0 1 1 1
1 1 1 1 0 0 1 0 1 1 1 1 1 1 0 0
1 0 1 1 0 0 0 0 0 0 1 0 1 1 0 0
0 0 0 0 1 0 1 0 1 0 1 1 1 0 1 1
73 88 116 98 144 113 68 59 105 19 48 24 112 106 20 112
96 106 137 73 97 132 114 43 96 32 156 50 98 35 43 132
104 19 97 50 26 68 72 114 124 104 36 120 90 12 20 26
154 24 153 28 9 76 41 67 136 91 91 76 129 49 98 112
40 130 8 43 35 144 9 116 28 91 83 25 26 57 129 50
40 139 52 155 120 56 156 56 155 153 137 115 112 51 130 89
42 131 68 139 68 153 52 122 90 112 35 108 44 122 106 128
107 154 97 114 76 35 148 11 76 76 100 106 131 97 34 52
74 28 36 105 113 17 115 52 114 73 132 64 60 19 104 132
20 91 96 136 100 40 4 67 32 132 34 100 136 58 154 129
36 139 122 35 114 17 68 83 84 144 154 130 50 156 32 59
67 73 115 3 129 136 99 96 40 48 36 9 115 65 48 28
48 155 123 132 107 57 104 144 11 51 58 83 26 153 89 114
107 122 97 104 42 48 83 68 131 105 114 90 108 153 34 51
105 74 124 104 36 43 58 67 16 32 154 67 90 145 27 16
72 76 44 67 140 3 129 56 96 26 137 113 83 59 108 99
