0 0 0 0 1 1 1 1 0 0 0 1 0 1 1 1
1 0 0 0 0 0 1 1 1 0 0 1 1 1 1 0
0 0 1 0 1 1 0 0 1 1 0 1 1 0 1 1
0 0 0 1 1 1 0 0 1 1 0 0 0 1 0 0
0 0 1 0 1 1 1 1 0 1 1 1 0 1 1 1
1 1 1 0 0 1 1 1 1 1 1 1 1 1 1 0
0 0 1 1 0 1 0 0 1 1 1 0 0 0 0 1
0 1 0 1 0 0 1 0 0 0 0 1 0 1 0 0
0 0 1 1 1 1 1 1 1 0 0 1 1 0 1 0
1 1 1 0 0 1 0 0 0 1 1 0 1 1 1 1
0 0 0 0 1 1 1 0 0 0 1 0 0 0 0 1
0 1 0 0 1 0 1 0 1 0 0 0 0 0 1 1
1 1 0 0 0 1 1 1 1 0 1 0 0 0 1 0
0 1 0 0 1 1 1 1 0 1 1 0 1 0 1 0
0 1 0 1 0 0 1 1 0 1 1 0 1 0 1 1
1 0 0 0 1 1 1 0 0 0 1 0 1 1 1 1
50 72 35 19 112 131 116 115 51 24 56 104 20 91 145 114
113 34 34 49 60 59 130 132 154 19 25 116 146 92 137 9
40 57 108 60 105 153 66 56 106 104 11 144 99 73 98 105
35 76 10 92 108 106 34 24 132 129 66 34 33 120 57 24
67 16 114 8 146 114 146 154 49 113 130 113 17 106 156 153
83 145 105 33 27 104 123 96 146 146 91 104 84 129 91 34
73 27 100 96 60 128 28 3 96 84 131 12 56 40 66 129
72 131 76 138 48 25 84 52 16 9 25 152 17 112 67 18
52 57 140 100 128 97 138 107 91 41 28 99 92 49 146 74
121 153 112 36 32 131 60 26 35 88 105 12 107 130 123 136
51 73 18 57 148 146 136 12 59 24 148 59 67 17 35 154
35 154 34 40 89 4 121 19 130 4 43 24 64 59 144 130
121 107 44 18 58 113 144 116 123 64 84 17 12 59 138 48
33 152 66 40 124 146 137 129 27 98 122 72 120 42 145 59
57 92 4 92 18 44 105 128 28 132 156 40 83 43 148 123
146 18 10 33 113 116 120 66 18 17 116 32 96 145 83 91
