0 1 1 0 0 0 1 1 1 1 0 0 1 1 1 1
0 0 1 1 0 0 0 0 0 0 1 1 0 0 1 1
0 1 1 0 1 0 1 0 0 1 1 1 0 0 0 0
0 0 1 1 1 0 1 1 0 0 1 0 0 0 1 0
0 0 1 1 1 0 0 1 1 0 1 0 1 0 1 1
0 0 0 1 0 1 0 0 0 1 1 0 0 1 1 0
0 0 0 1 0 1 1 0 1 0 1 1 1 0 0 1
1 0 1 1 0 1 1 1 1 1 1 1 0 1 0 0
1 1 1 0 1 1 0 0 1 1 1 0 1 1 1 0
1 1 0 0 0 1 1 0 0 0 1 0 1 0 0 1
1 0 1 0 1 0 0 0 0 1 1 1 1 1 1 1
1 1 0 1 0 1 1 1 0 0 0 0 0 0 1 1
0 0 1 1 0 0 1 0 1 1 1 1 0 1 1 1
0 0 0 1 0 1 1 1 0 0 0 1 0 0 0 0
1 1 1 1 1 0 1 0 1 1 0 0 0 0 0 0
1 1 1 1 1 0 0 0 0 1 0 0 1 0 1 1
50 113 138 27 24 76 115 139 116 138 12 36 115 137 106 96
44 12 131 98 25 65 67 4 57 65 123 108 56 60 105 106
48 131 99 59 116 74 92 40 76 108 108 114 67 10 60 19
74 25 129 98 152 67 105 96 3 24 98 19 43 59 148 12
9 42 83 137 152 34 48 129 138 26 128 33 121 44 98 105
12 66 3 155 18 120 42 35 12 89 138 16 50 120 129 48
49 68 20 121 16 138 146 19 131 25 88 84 107 9 60 120
84 3 112 152 19 153 116 147 83 148 137 105 66 112 18 59
154 108 105 27 105 155 67 59 88 123 154 52 90 121 130 74
114 137 9 33 32 154 107 60 4 9 147 41 122 73 67 136
105 28 91 59 145 25 75 68 10 89 123 154 128 88 139 154
116 115 9 148 3 114 130 136 64 66 4 59 24 40 129 107
67 50 124 156 33 64 147 27 98 140 120 104 12 122 99 147
48 66 74 146 49 108 154 91 16 36 25 115 60 43 34 43
113 139 89 129 155 75 113 58 115 108 57 41 68 19 50 16
122 83 131 107 89 51 34 19 43 139 57 11 152 59 92 108
