1 0 1 1 1 1 1 0 0 0 1 0 0 0 0 1
0 0 1 1 0 0 1 1 0 0 1 0 1 1 0 1
0 0 1 0 0 1 0 1 0 1 1 0 1 0 0 1
0 1 0 0 0 0 0 0 0 1 1 1 1 0 0 0
0 0 1 0 1 1 0 0 1 1 1 0 1 0 0 0
0 0 0 0 1 0 0 0 0 0 0 1 0 0 0 1
1 1 1 1 1 0 1 0 1 1 1 0 1 0 1 1
1 0 1 1 0 0 1 1 0 0 0 1 1 0 0 1
0 0 0 0 1 0 1 0 1 0 0 1 1 0 1 1
0 0 0 0 0 0 0 1 0 1 1 0 0 0 1 1
1 0 0 1 0 0 1 0 1 0 0 0 0 1 1 1
0 0 1 1 1 0 1 0 0 1 0 0 0 0 1 1
1 0 0 1 1 0 0 0 0 1 0 1 1 0 1 1
1 1 0 0 0 1 1 0 0 1 1 1 0 1 0 1
0 1 0 0 0 0 1 0 1 0 0 0 0 0 0 0
0 0 1 1 0 0 1 1 1 1 0 1 1 0 1 0
114 56 148 123 106 99 124 60 35 41 98 20 66 35 35 124
43 18 91 107 57 35 120 154 56 24 145 4 106 104 18 152
12 18 104 35 26 120 36 148 17 114 138 9 90 16 11 122
44 148 67 26 65 27 26 33 27 136 83 104 84 8 41 4
66 17 136 9 129 146 50 66 97 120 130 60 140 20 42 32
12 34 28 58 100 44 59 25 17 52 75 106 58 44 4 113
100 123 98 146 140 60 116 66 112 120 146 64 84 8 98 83
112 76 89 131 17 66 152 140 74 24 48 137 91 56 59 91
34 10 72 51 105 17 89 35 144 17 9 92 122 66 84 152
24 65 72 24 65 12 25 152 24 104 144 51 44 18 138 84
113 44 76 139 65 16 97 27 114 64 20 18 33 98 90 105
42 43 154 106 91 52 98 24 36 104 65 56 67 48 99 112
113 49 44 115 121 48 75 51 12 96 3 112 84 75 144 104
116 128 27 60 65 137 144 73 4 104 144 112 27 89 34 123
32 112 60 75 43 27 106 73 130 41 25 17 66 75 10 52
73 24 147 138 60 34 132 120 138 83 73 121 100 56 132 59
