1 1 1 1 1 0 1 1 1 1 1 1 1 1 0 1
1 0 1 1 0 1 1 0 0 1 0 1 0 1 1 1
0 0 1 1 0 0 1 1 0 1 1 1 0 1 1 1
0 0 1 1 1 1 1 1 0 1 0 1 1 1 0 0
0 0 1 0 0 0 0 1 0 0 1 0 1 1 1 0
1 1 1 1 0 1 0 0 0 0 1 1 0 1 1 0
1 1 0 1 0 1 1 1 0 1 0 1 0 1 0 0
1 0 1 0 0 0 0 0 0 1 1 1 1 0 0 0
1 0 1 1 1 1 0 1 1 1 0 1 1 0 0 0
0 1 1 0 0 1 1 1 0 0 1 1 1 0 1 0
0 1 0 0 0 0 0 1 1 1 0 0 0 0 1 0
1 1 0 0 0 0 1 0 0 1 1 0 0 0 1 1
1 0 0 1 0 0 0 1 1 1 0 0 1 0 1 0
0 1 1 0 1 1 1 0 0 0 0 0 0 1 0 0
1 1 1 0 1 0 1 0 0 1 0 0 1 0 0 1
0 1 0 0 1 0 1 1 1 1 1 0 0 0 0 0
121 120 104 115 145 66 129 105 105 92 100 154 98 108 35 155
140 20 132 140 49 108 152 32 27 122 72 97 52 139 140 156
65 50 113 112 50 56 92 140 44 113 107 104 52 145 137 89
74 41 120 139 155 120 124 113 67 100 11 123 123 105 34 18
43 28 116 76 40 49 32 152 48 48 91 67 100 113 83 25
91 153 120 146 76 154 18 60 17 44 100 124 18 153 148 52
144 112 9 120 59 105 120 145 4 146 44 104 25 92 75 76
122 26 138 58 76 34 10 66 16 153 147 107 123 76 3 16
123 44 116 91 153 107 4 124 147 107 4 100 144 19 56 60
3 100 88 34 40 112 99 147 36 51 90 92 90 72 92 60
26 153 41 58 51 40 59 154 115 88 52 32 26 11 90 36
132 122 64 68 44 17 124 36 36 147 113 16 66 66 105 116
115 42 67 131 32 27 42 148 100 108 12 65 115 4 124 27
74 115 96 33 104 105 136 25 72 76 40 24 72 124 44 36
136 105 131 19 83 72 137 65 9 132 43 4 144 67 64 106
18 105 60 19 152 36 114 108 137 114 147 16 8 75 42 12
