1 0 1 0 0 0 1 1 0 1 0 1 0 1 1 0
0 1 0 1 1 1 1 1 1 1 1 0 0 1 0 1
1 1 0 0 1 1 1 1 0 1 0 0 1 0 0 0
0 0 1 0 1 1 0 1 1 0 1 1 0 1 1 0
1 1 0 1 1 0 0 0 0 0 0 0 0 0 0 1
1 1 1 1 0 0 1 1 0 0 0 0 1 1 0 1
0 0 1 0 1 0 1 1 1 0 0 1 1 0 0 0
0 1 0 0 1 1 0 1 1 1 0 1 0 0 1 0
1 0 1 0 1 0 1 1 1 0 0 0 0 1 1 1
1 1 1 1 1 0 1 0 0 1 0 0 0 0 1 1
1 1 0 0 0 1 0 0 1 0 0 1 1 0 0 1
1 0 0 0 0 0 1 0 0 0 0 0 0 1 0 1
1 1 1 0 0 0 0 0 1 1 0 1 1 1 1 1
1 0 1 1 0 1 1 0 0 1 1 1 1 1 0 0
1 0 0 0 0 1 0 1 0 1 0 0 1 0 1 1
1 1 0 1 1 1 0 0 0 0 1 1 0 1 0 0
137 28 108 76 27 44 148 123 60 137 66 120 75 88 99 8
36 104 66 91 122 88 104 107 132 107 130 73 40 120 75 154
120 108 25 11 112 148 89 114 68 107 24 12 107 65 20 51
57 33 105 10 116 131 42 139 116 74 131 136 10 129 89 41
107 99 67 129 136 64 64 12 9 51 26 50 36 73 65 105
99 98 155 84 20 18 132 112 18 51 51 49 113 97 36 122
40 59 130 67 99 43 105 106 147 76 20 144 113 76 33 50
51 131 32 42 132 147 40 148 96 152 36 153 10 8 113 9
105 19 91 73 130 76 97 113 146 74 32 72 36 92 132 106
130 116 138 98 83 3 124 18 50 115 75 24 60 9 106 98
140 114 41 51 74 105 44 11 128 64 19 156 129 9 18 145
121 10 40 35 20 66 91 73 43 3 28 20 24 108 8 90
112 108 138 75 68 28 72 57 139 115 9 108 112 136 90 112
152 50 130 92 56 146 122 48 67 84 100 105 120 113 51 52
155 74 67 64 28 156 59 99 66 115 73 65 97 41 121 131
92 147 28 121 98 145 9 25 9 51 100 108 60 114 16 48
