0 0 0 0 1 0 1 1 1 0 1 1 1 0 0 1
0 0 0 0 1 1 1 0 0 0 1 0 0 1 1 1
0 0 1 1 1 1 0 0 0 1 1 0 1 0 1 1
0 1 1 1 1 1 1 1 1 0 1 0 0 0 0 1
1 1 0 1 1 0 1 0 0 0 1 1 0 0 1 1
1 0 1 1 0 1 0 1 0 1 1 0 1 1 0 1
0 0 1 0 0 1 1 1 1 0 0 1 0 0 1 1
0 1 1 0 1 1 1 1 0 0 0 0 0 0 0 0
1 1 0 0 1 1 0 0 1 1 0 1 0 1 0 0
1 1 1 0 0 1 0 0 0 1 0 1 1 1 1 0
1 0 0 0 1 0 0 0 0 0 0 0 0 1 1 1
1 0 1 0 0 0 1 0 1 1 1 0 0 1 0 0
1 1 1 1 1 1 1 0 1 1 1 0 0 0 0 0
0 0 0 0 0 1 1 0 0 1 1 1 1 0 1 1
0 0 1 1 1 0 0 0 0 1 0 1 0 1 1 0
1 1 0 1 0 0 1 1 0 0 0 0 1 0 0 1
18 44 8 56 145 76 99 121 137 60 129 105 83 12 9 153
34 50 57 68 130 92 124 33 67 17 120 28 35 145 144 114
4 76 89 132 152 121 76 74 59 104 90 16 130 60 116 138
9 155 106 114 83 112 120 92 145 75 116 26 18 49 33 137
88 96 9 123 130 34 112 73 9 16 146 83 65 75 120 108
137 51 105 132 10 112 27 96 32 147 83 58 147 148 68 123
73 76 105 16 57 106 132 105 144 8 32 114 19 28 121 147
18 116 138 25 106 116 104 113 9 44 50 10 33 24 60 64
90 108 68 67 145 124 59 72 92 106 52 104 76 88 50 11
113 113 121 50 68 89 26 17 49 152 57 129 153 90 84 65
140 42 28 24 138 58 17 75 42 10 36 11 50 84 114 132
132 33 152 3 11 18 100 11 89 131 120 75 60 129 20 50
92 137 91 136 128 114 114 11 132 138 97 52 48 50 74 26
36 25 18 20 8 132 105 74 52 153 89 146 146 76 89 116
25 27 153 137 84 9 35 9 11 106 50 148 4 114 112 73
147 98 12 121 17 36 154 138 65 67 26 72 121 66 75 152
