0 0 0 0 0 0 0 0 0 0 0 0 0 0 0 0
0 0 0 0 0 0 0 0 0 0 0 0 0 0 0 0
0 0 0 0 0 0 0 0 0 0 0 0 0 0 0 0
0 0 0 0 0 0 0 0 0 0 0 0 0 0 0 0
0 0 0 0 0 0 0 0 0 0 0 0 0 0 0 0
0 0 0 0 0 0 0 0 0 0 0 0 0 0 0 0
0 0 0 0 0 0 0 0 0 0 0 0 0 0 0 0
0 0 0 0 0 0 0 0 0 0 0 0 0 0 0 0
1 1 1 1 1 1 1 1 1 1 1 1 1 1 1 1
1 1 1 1 1 1 1 1 1 1 1 1 1 1 1 1
1 1 1 1 1 1 1 1 1 1 1 1 1 1 1 1
1 1 1 1 1 1 1 1 1 1 1 1 1 1 1 1
1 1 1 1 1 1 1 1 1 1 1 1 1 1 1 1
1 1 1 1 1 1 1 1 1 1 1 1 1 1 1 1
1 1 1 1 1 1 1 1 1 1 1 1 1 1 1 1
1 1 1 1 1 1 1 1 1 1 1 1 1 1 1 1
49 57 59 24 11 52 58 28 43 64 17 73 26 58 52 67
43 35 52 35 60 26 52 73 36 49 11 59 56 72 68 3
34 25 36 72 73 51 43 24 50 4 16 68 64 59 26 52
43 43 51 24 12 18 76 58 19 67 76 49 65 10 48 49
66 74 12 17 67 27 56 18 58 41 32 75 44 40 43 40
11 67 60 12 51 60 19 28 9 34 49 8 27 68 43 41
4 8 68 28 40 68 57 27 44 20 67 35 4 57 43 74
65 50 42 16 35 58 25 18 67 44 52 52 51 52 34 8
122 145 152 131 123 88 148 89 145 114 107 88 139 131 100 89
98 155 84 114 140 106 139 139 146 152 99 120 123 147 122 131
144 89 130 114 115 98 100 104 115 129 115 107 153 104 154 137
121 92 144 132 147 148 90 132 144 137 84 136 128 90 152 99
114 136 84 129 145 98 121 88 153 120 152 129 92 146 147 153
108 91 96 84 146 154 99 92 88 89 114 104 137 128 89 139
98 116 130 92 138 92 122 129 145 83 91 90 152 107 145 123
131 97 136 121 155 144 91 99 120 122 137 105 156 139 147 153
