0 0 0 0 0 0 0 0 0 0 0 0 0 0 0 0
0 0 0 0 0 0 0 0 0 0 0 0 0 0 0 0
0 0 0 0 0 0 0 0 0 0 0 0 0 0 0 0
0 0 0 0 0 0 0 0 0 0 0 0 0 0 0 0
0 0 0 0 0 0 0 0 0 0 0 0 0 0 0 0
0 0 0 0 0 0 0 0 0 0 0 0 0 0 0 0
0 0 0 0 0 0 0 0 0 0 0 0 0 0 0 0
0 0 0 0 0 0 0 0 0 0 0 0 0 0 0 0
1 1 1 1 1 1 1 1 1 1 1 1 1 1 1 1
1 1 1 1 1 1 1 1 1 1 1 1 1 1 1 1
1 1 1 1 1 1 1 1 1 1 1 1 1 1 1 1
1 1 1 1 1 1 1 1 1 1 1 1 1 1 1 1
1 1 1 1 1 1 1 1 1 1 1 1 1 1 1 1
1 1 1 1 1 1 1 1 1 1 1 1 1 1 1 1
1 1 1 1 1 1 1 1 1 1 1 1 1 1 1 1
1 1 1 1 1 1 1 1 1 1 1 1 1 1 1 1
42 18 28 64 12 41 18 24 19 35 51 19 52 50 35 8
4 58 12 11 42 12 36 16 72 12 74 35 67 33 65 34
26 8 72 32 12 25 42 10 3 65 56 40 57 73 56 56
58 28 56 41 50 4 41 28 16 44 59 75 60 49 10 16
74 28 11 67 8 20 19 68 9 72 52 59 68 60 35 25
73 65 20 68 8 32 12 34 41 76 28 40 41 20 43 35
28 56 48 74 18 8 76 26 34 20 10 65 56 18 66 11
43 34 50 32 76 17 20 32 3 58 36 32 18 76 76 4
113 107 153 108 90 146 108 155 131 154 124 132 99 120 147 155
144 136 129 124 147 147 91 155 138 145 139 91 107 131 83 152
99 113 120 145 156 89 155 115 139 153 115 145 107 113 96 132
83 132 108 138 91 156 100 106 84 138 148 84 106 139 147 83
99 90 105 156 140 129 121 124 88 115 137 130 137 138 147 97
113 96 99 88 83 108 138 145 139 154 112 120 156 90 129 96
106 97 88 144 139 100 89 89 146 146 132 155 114 147 105 99
120 106 99 97 100 132 138 147 156 83 92 83 153 128 106 137
