0 0 0 0 0 0 0 0 0 0 0 0 0 0 0 0
0 0 0 0 0 0 0 0 0 0 0 0 0 0 0 0
0 0 0 0 0 0 0 0 0 0 0 0 0 0 0 0
0 0 0 0 0 0 0 0 0 0 0 0 0 0 0 0
0 0 0 0 0 0 0 0 0 0 0 0 0 0 0 0
0 0 0 0 0 0 0 0 0 0 0 0 0 0 0 0
0 0 0 0 0 0 0 0 0 0 0 0 0 0 0 0
0 0 0 0 0 0 0 0 0 0 0 0 0 0 0 0
1 1 1 1 1 1 1 1 1 1 1 1 1 1 1 1
1 1 1 1 1 1 1 1 1 1 1 1 1 1 1 1
1 1 1 1 1 1 1 1 1 1 1 1 1 1 1 1
1 1 1 1 1 1 1 1 1 1 1 1 1 1 1 1
1 1 1 1 1 1 1 1 1 1 1 1 1 1 1 1
1 1 1 1 1 1 1 1 1 1 1 1 1 1 1 1
1 1 1 1 1 1 1 1 1 1 1 1 1 1 1 1
1 1 1 1 1 1 1 1 1 1 1 1 1 1 1 1
20 9 10 72 56 3 50 72 11 16 20 49 10 10 59 76
3 51 59 76 41 58 33 60 18 42 9 25 73 73 32 24
67 48 36 56 3 68 17 24 57 57 73 35 20 42 44 25
51 34 17 67 58 72 20 18 68 40 50 48 19 66 52 59
8 17 36 26 27 52 72 67 32 40 76 41 58 40 57 36
64 35 66 33 64 74 56 8 66 11 76 25 28 73 64 74
12 75 56 9 17 67 66 4 10 28 11 41 18 59 10 52
19 65 27 68 58 68 9 50 44 10 52 4 60 73 8 9
144 89 112 139 98 105 88 146 155 137 156 140 132 148 138 155
136 116 136 89 112 137 155 99 139 128 122 146 96 128 115 138
84 139 116 136 128 121 98 128 112 153 123 104 130 97 96 92
114 146 98 120 115 106 153 107 112 138 92 120 83 99 107 147
114 84 99 153 83 100 113 105 144 92 88 140 139 154 144 115
124 146 153 154 115 138 84 140 123 83 136 122 152 130 113 139
138 104 121 88 123 107 123 147 113 96 112 105 114 153 123 107
146 155 112 106 132 155 107 112 145 90 128 136 145 128 92 92
