0 0 0 0 0 0 0 0 0 0 0 0 0 0 0 0
0 0 0 0 0 0 0 0 0 0 0 0 0 0 0 0
0 0 0 0 0 0 0 0 0 0 0 0 0 0 0 0
0 0 0 0 0 0 0 0 0 0 0 0 0 0 0 0
0 0 0 0 0 0 0 0 0 0 0 0 0 0 0 0
0 0 0 0 0 0 0 0 0 0 0 0 0 0 0 0
0 0 0 0 0 0 0 0 0 0 0 0 0 0 0 0
0 0 0 0 0 0 0 0 0 0 0 0 0 0 0 0
1 1 1 1 1 1 1 1 1 1 1 1 1 1 1 1
1 1 1 1 1 1 1 1 1 1 1 1 1 1 1 1
1 1 1 1 1 1 1 1 1 1 1 1 1 1 1 1
1 1 1 1 1 1 1 1 1 1 1 1 1 1 1 1
1 1 1 1 1 1 1 1 1 1 1 1 1 1 1 1
1 1 1 1 1 1 1 1 1 1 1 1 1 1 1 1
1 1 1 1 1 1 1 1 1 1 1 1 1 1 1 1
1 1 1 1 1 1 1 1 1 1 1 1 1 1 1 1
67 18 17 68 44 8 35 34 27 42 73 49 49 17 44 36
18 26 25 33 26 19 8 52 41 66 41 41 20 65 27 50
58 20 20 72 58 57 3 74 74 52 34 68 26 36 51 50
73 27 35 34 10 72 75 68 33 56 9 17 9 64 72 44
75 43 52 76 18 27 66 43 75 18 73 56 36 65 11 42
52 57 64 68 41 58 41 50 35 73 76 65 68 48 35 44
28 76 17 24 36 56 27 26 65 57 32 10 18 43 33 43
12 73 76 41 35 20 4 59 8 35 25 35 60 72 65 33
84 116 137 132 153 145 97 84 113 107 107 116 113 120 123 108
136 90 91 99 144 107 88 129 155 113 108 140 116 114 152 145
89 146 112 144 140 84 99 153 89 97 107 114 115 121 83 90
138 108 121 132 121 139 145 155 138 120 104 155 100 112 92 123
99 128 99 106 136 154 123 139 123 122 121 91 131 113 104 122
146 108 145 156 84 152 147 107 139 123 146 145 112 104 84 91
156 89 146 152 113 136 122 99 115 104 106 83 116 113 152 84
122 136 147 147 139 146 98 116 153 91 106 145 148 129 83 99
