0 0 0 0 0 0 0 0 0 0 0 0 0 0 0 0
0 0 0 0 0 0 0 0 0 0 0 0 0 0 0 0
0 0 0 0 0 0 0 0 0 0 0 0 0 0 0 0
0 0 0 0 0 0 0 0 0 0 0 0 0 0 0 0
0 0 0 0 0 0 0 0 0 0 0 0 0 0 0 0
0 0 0 0 0 0 0 0 0 0 0 0 0 0 0 0
0 0 0 0 0 0 0 0 0 0 0 0 0 0 0 0
0 0 0 0 0 0 0 0 0 0 0 0 0 0 0 0
1 1 1 1 1 1 1 1 1 1 1 1 1 1 1 1
1 1 1 1 1 1 1 1 1 1 1 1 1 1 1 1
1 1 1 1 1 1 1 1 1 1 1 1 1 1 1 1
1 1 1 1 1 1 1 1 1 1 1 1 1 1 1 1
1 1 1 1 1 1 1 1 1 1 1 1 1 1 1 1
1 1 1 1 1 1 1 1 1 1 1 1 1 1 1 1
1 1 1 1 1 1 1 1 1 1 1 1 1 1 1 1
1 1 1 1 1 1 1 1 1 1 1 1 1 1 1 1
58 67 58 8 52 52 28 16 49 19 67 56 44 50 76 48
28 17 41 60 18 49 57 12 56 73 56 34 48 65 28 60
72 57 48 18 72 60 25 43 49 36 74 33 49 57 3 67
42 51 20 11 75 64 40 56 26 76 36 51 68 4 43 24
52 52 58 68 73 68 12 66 59 10 9 33 11 26 59 60
67 20 75 8 51 16 20 43 28 49 67 9 18 11 52 67
42 34 12 57 57 66 32 34 36 51 43 51 18 57 36 51
74 27 68 40 66 68 75 50 52 43 57 36 17 56 40 42
139 154 113 91 90 100 120 116 144 116 116 89 128 154 113 154
122 107 99 107 140 106 108 146 90 153 112 113 116 88 156 108
115 98 122 84 145 144 88 88 99 144 131 106 131 128 128 144
90 98 100 128 107 128 145 129 147 113 113 113 146 120 130 89
152 152 138 84 92 96 100 89 84 113 99 90 83 98 137 115
156 137 89 105 107 99 112 145 144 114 92 115 98 104 145 130
156 92 90 139 105 121 137 114 96 156 153 83 148 98 98 97
120 100 113 128 147 99 128 131 120 104 138 90 128 152 132 144
