0 0 0 0 0 0 0 0 0 0 0 0 0 0 0 0
0 0 0 0 0 0 0 0 0 0 0 0 0 0 0 0
0 0 0 0 0 0 0 0 0 0 0 0 0 0 0 0
0 0 0 0 0 0 0 0 0 0 0 0 0 0 0 0
0 0 0 0 0 0 0 0 0 0 0 0 0 0 0 0
0 0 0 0 0 0 0 0 0 0 0 0 0 0 0 0
0 0 0 0 0 0 0 0 0 0 0 0 0 0 0 0
0 0 0 0 0 0 0 0 0 0 0 0 0 0 0 0
1 1 1 1 1 1 1 1 1 1 1 1 1 1 1 1
1 1 1 1 1 1 1 1 1 1 1 1 1 1 1 1
1 1 1 1 1 1 1 1 1 1 1 1 1 1 1 1
1 1 1 1 1 1 1 1 1 1 1 1 1 1 1 1
1 1 1 1 1 1 1 1 1 1 1 1 1 1 1 1
1 1 1 1 1 1 1 1 1 1 1 1 1 1 1 1
1 1 1 1 1 1 1 1 1 1 1 1 1 1 1 1
1 1 1 1 1 1 1 1 1 1 1 1 1 1 1 1
75 76 10 67 60 27 64 68 51 24 11 35 28 25 33 18
26 16 56 34 27 57 59 28 10 52 32 33 56 12 28 12
16 51 58 34 4 73 49 49 4 40 59 75 34 19 67 59
56 32 59 17 28 18 60 28 64 26 58 64 57 19 76 41
4 18 65 28 26 43 57 25 76 56 44 51 59 73 28 12
40 51 19 72 73 18 12 24 72 25 43 9 16 42 4 48
41 56 56 72 50 60 49 57 26 65 52 4 28 67 33 65
58 44 40 56 65 60 72 73 20 18 60 41 16 60 52 9
148 90 139 89 123 84 153 84 116 112 136 139 89 146 123 106
154 99 98 105 155 89 92 140 146 104 130 114 99 97 91 114
89 136 146 88 114 88 120 130 131 91 131 146 96 114 92 99
121 90 146 112 100 146 155 155 152 99 155 96 106 88 98 97
148 123 156 128 99 89 99 130 132 121 152 131 116 140 147 100
114 130 155 104 152 137 140 90 147 107 153 155 100 120 155 132
138 88 131 140 114 114 112 144 139 84 139 136 100 108 105 90
129 97 140 113 116 130 89 84 88 116 136 104 112 137 96 104
