0 0 0 0 0 0 0 0 0 0 0 0 0 0 0 0
0 0 0 0 0 0 0 0 0 0 0 0 0 0 0 0
0 0 0 0 0 0 0 0 0 0 0 0 0 0 0 0
0 0 0 0 0 0 0 0 0 0 0 0 0 0 0 0
0 0 0 0 0 0 0 0 0 0 0 0 0 0 0 0
0 0 0 0 0 0 0 0 0 0 0 0 0 0 0 0
0 0 0 0 0 0 0 0 0 0 0 0 0 0 0 0
0 0 0 0 0 0 0 0 0 0 0 0 0 0 0 0
1 1 1 1 1 1 1 1 1 1 1 1 1 1 1 1
1 1 1 1 1 1 1 1 1 1 1 1 1 1 1 1
1 1 1 1 1 1 1 1 1 1 1 1 1 1 1 1
1 1 1 1 1 1 1 1 1 1 1 1 1 1 1 1
1 1 1 1 1 1 1 1 1 1 1 1 1 1 1 1
1 1 1 1 1 1 1 1 1 1 1 1 1 1 1 1
1 1 1 1 1 1 1 1 1 1 1 1 1 1 1 1
1 1 1 1 1 1 1 1 1 1 1 1 1 1 1 1
10 74 16 20 28 49 4 43 75 8 9 60 64 64 59 50
57 59 65 4 36 32 33 56 76 4 68 66 17 58 40 4
35 12 73 43 67 58 17 60 75 19 28 57 65 18 25 41
56 16 75 52 50 28 41 50 40 65 66 11 49 18 35 52
58 35 28 25 42 57 48 20 52 10 25 17 64 49 10 48
44 59 48 9 34 24 34 3 44 12 24 67 66 41 76 34
25 44 4 67 8 35 17 68 35 73 25 27 40 51 66 44
8 36 34 56 17 60 8 59 40 33 76 60 8 40 76 4
124 100 105 144 147 139 106 146 130 90 152 145 91 145 108 130
105 129 116 108 89 140 96 105 154 152 92 121 137 115 91 123
105 106 91 90 156 89 148 83 153 128 147 132 130 129 107 140
116 140 153 123 84 131 136 105 91 155 107 154 155 106 137 156
130 137 97 124 98 120 99 132 91 140 154 92 120 128 148 89
121 154 137 130 152 100 130 116 156 116 124 114 132 116 120 145
91 97 132 104 144 84 89 97 98 147 96 154 147 91 156 97
92 154 104 145 156 155 153 96 146 116 144 130 112 115 156 122
