0 0 0 0 0 0 0 0 0 0 0 0 0 0 0 0
0 0 0 0 0 0 0 0 0 0 0 0 0 0 0 0
0 0 0 0 0 0 0 0 0 0 0 0 0 0 0 0
0 0 0 0 0 0 0 0 0 0 0 0 0 0 0 0
0 0 0 0 0 0 0 0 0 0 0 0 0 0 0 0
0 0 0 0 0 0 0 0 0 0 0 0 0 0 0 0
0 0 0 0 0 0 0 0 0 0 0 0 0 0 0 0
0 0 0 0 0 0 0 0 0 0 0 0 0 0 0 0
1 1 1 1 1 1 1 1 1 1 1 1 1 1 1 1
1 1 1 1 1 1 1 1 1 1 1 1 1 1 1 1
1 1 1 1 1 1 1 1 1 1 1 1 1 1 1 1
1 1 1 1 1 1 1 1 1 1 1 1 1 1 1 1
1 1 1 1 1 1 1 1 1 1 1 1 1 1 1 1
1 1 1 1 1 1 1 1 1 1 1 1 1 1 1 1
1 1 1 1 1 1 1 1 1 1 1 1 1 1 1 1
1 1 1 1 1 1 1 1 1 1 1 1 1 1 1 1
56 66 64 11 35 40 67 66 51 19 41 20 48 67 11 10
27 59 52 48 27 49 68 17 67 3 34 65 50 3 32 18
10 40 25 34 76 67 68 12 72 11 58 51 27 24 18 9
40 74 76 43 51 51 8 72 64 66 20 56 50 19 24 9
27 65 17 64 44 8 65 51 41 10 44 50 74 68 60 19
59 17 52 11 34 68 59 51 9 43 34 59 41 35 48 65
32 65 11 28 48 51 35 50 20 65 43 50 75 26 50 26
42 64 57 17 65 18 3 73 11 52 51 74 56 58 17 60
124 153 105 121 155 108 96 107 122 115 104 140 122 147 139 112
115 91 144 92 136 132 123 92 98 96 106 116 123 106 140 112
83 153 97 122 154 138 148 112 122 129 83 83 137 147 120 156
146 91 83 112 155 154 131 114 147 92 83 138 137 89 84 146
154 148 112 113 91 112 130 155 129 145 100 83 145 137 99 121
132 152 136 106 107 155 106 90 100 123 114 130 84 121 156 113
96 148 113 128 89 116 100 112 108 91 92 153 89 91 90 107
140 123 114 120 131 105 88 88 88 96 147 148 156 89 130 123
