0 0 0 0 0 0 0 0 0 0 0 0 0 0 0 0
0 0 0 0 0 0 0 0 0 0 0 0 0 0 0 0
0 0 0 0 0 0 0 0 0 0 0 0 0 0 0 0
0 0 0 0 0 0 0 0 0 0 0 0 0 0 0 0
0 0 0 0 0 0 0 0 0 0 0 0 0 0 0 0
0 0 0 0 0 0 0 0 0 0 0 0 0 0 0 0
0 0 0 0 0 0 0 0 0 0 0 0 0 0 0 0
0 0 0 0 0 0 0 0 0 0 0 0 0 0 0 0
1 1 1 1 1 1 1 1 1 1 1 1 1 1 1 1
1 1 1 1 1 1 1 1 1 1 1 1 1 1 1 1
1 1 1 1 1 1 1 1 1 1 1 1 1 1 1 1
1 1 1 1 1 1 1 1 1 1 1 1 1 1 1 1
1 1 1 1 1 1 1 1 1 1 1 1 1 1 1 1
1 1 1 1 1 1 1 1 1 1 1 1 1 1 1 1
1 1 1 1 1 1 1 1 1 1 1 1 1 1 1 1
1 1 1 1 1 1 1 1 1 1 1 1 1 1 1 1
76 43 48 42 35 42 20 60 16 36 19 8 66 49 52 19
52 27 57 58 52 11 25 12 26 16 35 66 17 10 51 76
64 16 27 40 10 43 8 51 57 56 24 49 19 57 19 59
28 11 58 60 32 75 76 10 32 24 18 59 16 56 25 43
32 68 24 60 3 76 32 26 26 12 28 32 75 60 32 52
4 34 49 9 42 68 34 73 19 64 9 58 4 34 17 66
33 65 9 35 64 74 19 28 50 8 20 73 52 56 52 67
35 74 35 44 74 51 11 49 19 51 10 40 4 75 41 43
152 140 145 115 88 115 114 154 98 120 112 130 154 114 123 128
152 89 144 136 97 83 144 128 155 104 139 155 96 123 99 106
129 138 99 100 113 129 108 154 139 148 129 124 97 123 140 84
152 154 88 136 89 97 115 132 152 100 140 83 90 136 96 147
88 121 104 84 148 130 124 107 122 120 83 97 132 113 83 146
124 97 105 147 104 88 114 113 128 124 129 122 108 104 124 91
108 100 154 99 97 106 114 89 137 156 146 152 136 153 100 145
96 153 96 89 156 121 105 144 83 100 121 139 106 115 106 138
