0 0 0 0 0 0 0 0 0 0 0 0 0 0 0 0
0 0 0 0 0 0 0 0 0 0 0 0 0 0 0 0
0 0 0 0 0 0 0 0 0 0 0 0 0 0 0 0
0 0 0 0 0 0 0 0 0 0 0 0 0 0 0 0
0 0 0 0 0 0 0 0 0 0 0 0 0 0 0 0
0 0 0 0 0 0 0 0 0 0 0 0 0 0 0 0
0 0 0 0 0 0 0 0 0 0 0 0 0 0 0 0
0 0 0 0 0 0 0 0 0 0 0 0 0 0 0 0
1 1 1 1 1 1 1 1 1 1 1 1 1 1 1 1
1 1 1 1 1 1 1 1 1 1 1 1 1 1 1 1
1 1 1 1 1 1 1 1 1 1 1 1 1 1 1 1
1 1 1 1 1 1 1 1 1 1 1 1 1 1 1 1
1 1 1 1 1 1 1 1 1 1 1 1 1 1 1 1
1 1 1 1 1 1 1 1 1 1 1 1 1 1 1 1
1 1 1 1 1 1 1 1 1 1 1 1 1 1 1 1
1 1 1 1 1 1 1 1 1 1 1 1 1 1 1 1
65 65 51 27 68 52 33 20 11 57 10 65 67 25 16 66
40 68 36 50 59 32 10 49 76 20 66 16 17 25 74 4
44 3 11 35 59 64 49 51 18 19 8 32 49 52 64 16
75 49 65 8 26 51 19 72 27 51 26 33 52 35 67 20
17 72 66 66 65 59 51 72 28 27 67 41 16 19 67 8
4 64 19 40 32 68 52 67 35 52 18 27 9 51 56 57
35 11 64 18 49 43 68 19 74 48 49 40 42 16 34 3
8 3 49 16 9 44 20 72 18 65 32 49 73 64 75 58
130 84 144 147 112 105 121 137 120 105 98 148 129 96 145 148
132 96 155 115 113 131 91 129 154 138 140 131 90 113 84 154
90 120 97 112 106 120 145 153 100 146 98 112 92 96 97 124
89 88 112 99 156 113 140 128 136 115 131 154 106 89 116 152
107 96 153 153 156 116 104 108 90 116 144 131 105 84 115 113
99 155 89 107 114 98 121 83 104 84 96 98 124 152 153 132
132 105 156 145 114 114 97 83 120 146 136 99 104 122 129 112
90 132 84 152 132 147 136 137 148 97 92 140 96 83 136 98
