1 1 0 0 1 0 0 1 1 0 0 0 1 1 0 1
1 0 0 0 1 1 1 1 1 0 1 0 0 1 1 0
0 1 0 1 1 1 0 0 0 1 1 1 0 0 1 0
1 1 0 1 0 1 1 1 0 1 0 0 1 0 0 0
0 0 1 1 1 1 1 0 0 0 0 0 0 1 0 1
0 1 0 0 1 0 0 1 1 0 0 1 1 0 1 0
0 0 0 0 0 0 0 1 0 1 0 1 0 0 1 0
0 0 0 0 0 1 0 1 0 1 1 1 1 1 1 1
1 1 0 0 0 1 1 1 0 1 1 1 0 0 1 1
0 1 1 0 0 0 1 1 0 1 0 0 0 0 1 0
1 0 1 1 0 0 0 1 1 1 0 1 1 1 1 1
0 1 1 1 0 1 0 1 1 0 1 0 1 0 0 0
1 0 0 0 1 1 0 1 1 1 1 1 0 1 1 0
0 1 0 0 0 1 1 1 0 1 1 1 1 0 0 1
0 0 0 1 0 0 0 1 0 1 1 1 0 0 1 0
0 0 0 1 0 1 0 0 0 0 1 0 0 1 1 1
105 147 50 35 146 58 59 140 154 16 74 28 104 139 65 145
89 76 50 10 100 138 99 90 123 28 108 52 19 100 83 75
26 89 32 138 131 116 3 17 34 147 99 83 20 73 106 3
155 154 50 107 32 146 105 147 17 148 11 26 97 35 41 75
9 60 84 84 98 132 121 19 26 68 42 40 10 128 73 108
72 145 32 68 121 65 58 156 108 24 58 148 92 59 132 68
40 66 56 50 75 3 67 156 51 147 58 115 25 24 129 42
72 36 8 65 25 128 26 105 49 97 144 108 122 156 106 147
89 113 57 40 51 128 90 152 41 116 145 137 18 12 96 114
73 136 90 16 44 64 108 92 65 89 66 66 51 26 115 44
97 10 90 114 44 75 51 138 108 105 19 132 89 91 84 99
60 121 147 128 16 129 72 92 92 20 147 72 92 52 25 56
136 43 20 68 107 129 32 92 147 107 90 83 28 123 148 65
68 90 44 28 19 152 92 154 57 144 145 115 155 12 11 137
26 32 67 100 25 41 72 83 16 123 113 132 17 73 128 74
12 67 56 100 67 88 65 33 8 48 152 56 51 145 83 106
