0 0 0 0 0 0 0 0 0 0 0 0 0 0 0 0
1 1 1 1 1 1 1 1 1 1 1 1 1 1 1 1
0 0 0 0 0 0 0 0 0 0 0 0 0 0 0 0
1 1 1 1 1 1 1 1 1 1 1 1 1 1 1 1
0 0 0 0 0 0 0 0 0 0 0 0 0 0 0 0
1 1 1 1 1 1 1 1 1 1 1 1 1 1 1 1
0 0 0 0 0 0 0 0 0 0 0 0 0 0 0 0
1 1 1 1 1 1 1 1 1 1 1 1 1 1 1 1
0 0 0 0 0 0 0 0 0 0 0 0 0 0 0 0
1 1 1 1 1 1 1 1 1 1 1 1 1 1 1 1
0 0 0 0 0 0 0 0 0 0 0 0 0 0 0 0
1 1 1 1 1 1 1 1 1 1 1 1 1 1 1 1
0 0 0 0 0 0 0 0 0 0 0 0 0 0 0 0
1 1 1 1 1 1 1 1 1 1 1 1 1 1 1 1
0 0 0 0 0 0 0 0 0 0 0 0 0 0 0 0
1 1 1 1 1 1 1 1 1 1 1 1 1 1 1 1
16 25 17 41 60 51 51 3 68 32 32 67 17 52 52 60
90 97 132 152 112 144 96 138 148 139 92 139 153 121 100 83
18 4 19 76 11 27 75 18 9 43 50 4 66 9 52 51
88 136 97 90 98 146 138 131 115 132 107 90 128 112 136 153
65 40 67 34 18 3 68 3 28 35 4 12 8 36 9 3
136 129 100 156 155 92 90 113 100 146 106 96 104 128 122 132
11 48 20 10 52 25 32 19 74 67 17 8 36 51 40 11
97 144 88 113 140 114 100 138 113 105 153 92 129 106 112 106
57 18 34 18 42 49 76 66 10 44 8 51 72 17 18 11
147 147 96 108 153 123 97 92 89 88 113 116 88 155 156 90
3 68 17 49 12 27 27 9 72 58 76 16 9 51 35 33
152 100 132 154 123 100 129 137 152 123 152 99 124 99 90 124
73 34 10 24 59 58 11 68 10 8 49 66 33 64 59 4
131 121 123 104 91 120 115 99 112 97 108 144 116 137 89 115
18 41 40 8 32 3 75 57 33 43 42 64 73 33 48 36
115 89 136 112 112 139 116 145 147 114 156 147 100 137 114 129
