0 0 0 0 0 0 0 0 0 0 0 0 0 0 0 0
1 1 1 1 1 1 1 1 1 1 1 1 1 1 1 1
0 0 0 0 0 0 0 0 0 0 0 0 0 0 0 0
1 1 1 1 1 1 1 1 1 1 1 1 1 1 1 1
0 0 0 0 0 0 0 0 0 0 0 0 0 0 0 0
1 1 1 1 1 1 1 1 1 1 1 1 1 1 1 1
0 0 0 0 0 0 0 0 0 0 0 0 0 0 0 0
1 1 1 1 1 1 1 1 1 1 1 1 1 1 1 1
0 0 0 0 0 0 0 0 0 0 0 0 0 0 0 0
1 1 1 1 1 1 1 1 1 1 1 1 1 1 1 1
0 0 0 0 0 0 0 0 0 0 0 0 0 0 0 0
1 1 1 1 1 1 1 1 1 1 1 1 1 1 1 1
0 0 0 0 0 0 0 0 0 0 0 0 0 0 0 0
1 1 1 1 1 1 1 1 1 1 1 1 1 1 1 1
0 0 0 0 0 0 0 0 0 0 0 0 0 0 0 0
1 1 1 1 1 1 1 1 1 1 1 1 1 1 1 1
73 10 32 73 26 19 9 66 52 42 56 64 18 57 27 24
139 136 145 156 138 153 129 147 156 99 121 90 139 91 98 156
16 52 8 74 16 52 36 56 19 76 74 20 36 68 19 8
138 124 112 90 148 140 106 155 140 88 123 83 104 88 140 83
65 10 65 59 8 19 17 32 51 67 57 17 60 67 33 68
148 108 116 83 106 156 90 147 136 112 89 140 124 153 156 92
43 64 4 4 36 33 41 43 76 11 12 64 67 43 32 18
122 137 88 115 139 116 115 104 128 123 148 132 115 115 83 120
48 9 59 17 20 60 36 48 59 11 11 74 10 57 57 57
140 97 113 153 156 115 104 108 107 120 153 148 107 130 96 124
4 19 9 33 48 8 60 66 73 48 50 3 41 9 49 73
121 99 89 100 137 137 114 97 130 122 114 96 113 92 98 147
65 34 68 34 20 24 52 11 58 65 33 75 35 76 34 8
155 100 84 144 115 131 155 121 153 122 128 113 123 132 120 137
43 18 17 26 16 58 43 66 76 42 50 24 35 56 58 44
155 88 155 147 84 121 128 97 116 154 90 137 97 90 113 96
