0 0 0 0 0 0 0 0 0 0 0 0 0 0 0 0
1 1 1 1 1 1 1 1 1 1 1 1 1 1 1 1
0 0 0 0 0 0 0 0 0 0 0 0 0 0 0 0
1 1 1 1 1 1 1 1 1 1 1 1 1 1 1 1
0 0 0 0 0 0 0 0 0 0 0 0 0 0 0 0
1 1 1 1 1 1 1 1 1 1 1 1 1 1 1 1
0 0 0 0 0 0 0 0 0 0 0 0 0 0 0 0
1 1 1 1 1 1 1 1 1 1 1 1 1 1 1 1
0 0 0 0 0 0 0 0 0 0 0 0 0 0 0 0
1 1 1 1 1 1 1 1 1 1 1 1 1 1 1 1
0 0 0 0 0 0 0 0 0 0 0 0 0 0 0 0
1 1 1 1 1 1 1 1 1 1 1 1 1 1 1 1
0 0 0 0 0 0 0 0 0 0 0 0 0 0 0 0
1 1 1 1 1 1 1 1 1 1 1 1 1 1 1 1
0 0 0 0 0 0 0 0 0 0 0 0 0 0 0 0
1 1 1 1 1 1 1 1 1 1 1 1 1 1 1 1
67 28 49 56 27 10 66 41 19 4 17 59 68 65 19 34
108 92 112 122 155 91 123 83 115 113 108 152 130 128 123 89
65 58 65 8 49 72 65 74 76 52 36 24 66 34 60 11
113 83 144 155 139 129 148 115 156 136 124 121 131 121 107 140
67 26 32 58 17 26 19 49 20 40 42 57 74 48 10 36
112 148 104 122 105 136 106 121 99 123 114 108 123 104 120 155
20 16 51 34 43 19 74 44 66 74 56 36 50 73 12 60
89 98 138 120 114 92 96 124 84 128 136 128 124 92 122 121
66 50 25 24 4 32 41 20 3 58 16 44 50 73 60 18
139 112 153 122 152 123 88 84 140 131 99 147 98 130 130 121
74 40 75 16 27 25 58 19 19 33 28 52 73 65 72 9
104 136 131 115 153 116 83 120 137 120 89 121 99 144 156 107
59 66 3 49 17 34 19 20 74 12 9 60 51 19 65 27
124 140 115 130 88 128 128 123 113 120 91 124 104 116 113 107
33 26 34 41 76 75 76 49 51 10 65 42 33 40 35 73
114 138 89 116 121 107 106 147 89 130 113 89 92 116 137 153
