0 0 0 0 0 0 0 0 0 0 0 0 0 0 0 0
1 1 1 1 1 1 1 1 1 1 1 1 1 1 1 1
0 0 0 0 0 0 0 0 0 0 0 0 0 0 0 0
1 1 1 1 1 1 1 1 1 1 1 1 1 1 1 1
0 0 0 0 0 0 0 0 0 0 0 0 0 0 0 0
1 1 1 1 1 1 1 1 1 1 1 1 1 1 1 1
0 0 0 0 0 0 0 0 0 0 0 0 0 0 0 0
1 1 1 1 1 1 1 1 1 1 1 1 1 1 1 1
0 0 0 0 0 0 0 0 0 0 0 0 0 0 0 0
1 1 1 1 1 1 1 1 1 1 1 1 1 1 1 1
0 0 0 0 0 0 0 0 0 0 0 0 0 0 0 0
1 1 1 1 1 1 1 1 1 1 1 1 1 1 1 1
0 0 0 0 0 0 0 0 0 0 0 0 0 0 0 0
1 1 1 1 1 1 1 1 1 1 1 1 1 1 1 1
0 0 0 0 0 0 0 0 0 0 0 0 0 0 0 0
1 1 1 1 1 1 1 1 1 1 1 1 1 1 1 1
48 52 19 43 16 4 59 60 18 28 24 60 50 67 57 76
132 145 152 99 154 140 114 123 120 123 124 128 130 137 100 155
18 75 40 56 75 10 17 65 49 67 76 27 72 8 43 40
132 121 89 138 121 124 138 84 130 124 155 114 154 153 140 96
73 64 26 44 4 32 25 58 67 52 32 4 18 48 49 10
132 98 120 112 123 145 88 84 145 84 155 146 121 113 147 89
66 12 42 43 67 24 48 48 42 40 18 24 59 24 19 59
145 112 122 90 132 116 124 132 132 120 106 89 90 139 121 137
68 36 66 3 64 40 20 51 17 9 33 49 11 24 8 8
98 96 97 114 152 155 145 112 128 122 98 112 131 115 98 139
56 17 74 52 24 57 33 19 68 52 44 28 4 73 52 18
89 140 137 91 114 115 89 152 148 98 120 120 104 83 156 152
64 57 35 24 35 9 40 27 32 76 3 20 25 32 57 48
88 146 122 92 115 121 129 107 106 105 131 91 148 136 83 96
19 56 18 24 76 58 40 8 32 56 66 28 52 72 42 3
114 83 113 98 152 155 104 105 130 105 156 131 132 107 92 83
