0 0 0 0 0 0 0 0 0 0 0 0 0 0 0 0
1 1 1 1 1 1 1 1 1 1 1 1 1 1 1 1
0 0 0 0 0 0 0 0 0 0 0 0 0 0 0 0
1 1 1 1 1 1 1 1 1 1 1 1 1 1 1 1
0 0 0 0 0 0 0 0 0 0 0 0 0 0 0 0
1 1 1 1 1 1 1 1 1 1 1 1 1 1 1 1
0 0 0 0 0 0 0 0 0 0 0 0 0 0 0 0
1 1 1 1 1 1 1 1 1 1 1 1 1 1 1 1
0 0 0 0 0 0 0 0 0 0 0 0 0 0 0 0
1 1 1 1 1 1 1 1 1 1 1 1 1 1 1 1
0 0 0 0 0 0 0 0 0 0 0 0 0 0 0 0
1 1 1 1 1 1 1 1 1 1 1 1 1 1 1 1
0 0 0 0 0 0 0 0 0 0 0 0 0 0 0 0
1 1 1 1 1 1 1 1 1 1 1 1 1 1 1 1
0 0 0 0 0 0 0 0 0 0 0 0 0 0 0 0
1 1 1 1 1 1 1 1 1 1 1 1 1 1 1 1
64 35 36 17 36 17 27 51 26 51 58 16 64 57 34 51
148 106 100 148 105 132 144 91 84 132 116 145 98 146 130 139
28 48 25 48 76 44 17 3 12 25 28 20 66 72 16 26
114 108 108 105 112 92 124 146 97 105 83 154 106 116 156 112
10 57 34 12 44 74 50 24 41 64 34 20 12 20 26 18
105 120 131 136 123 156 140 124 123 137 105 154 148 156 122 155
51 41 48 43 65 28 43 52 24 8 59 68 18 75 33 36
129 132 128 91 152 139 138 100 132 99 131 116 147 137 83 131
66 34 18 65 40 72 64 64 65 68 25 4 65 72 25 32
83 155 128 152 112 113 140 92 144 107 145 83 128 136 145 115
59 25 66 32 51 49 3 59 26 18 33 42 48 52 10 60
88 98 131 112 147 123 136 83 97 155 89 132 131 91 97 88
56 16 65 51 17 25 60 10 8 34 50 16 25 60 28 17
105 138 144 88 152 153 146 156 122 88 145 91 130 136 136 91
11 66 40 52 4 34 50 60 64 65 25 65 76 26 32 33
147 88 91 116 115 154 155 112 121 104 104 131 155 137 137 99
