0 0 0 0 0 0 0 0 0 0 0 0 0 0 0 0
1 1 1 1 1 1 1 1 1 1 1 1 1 1 1 1
0 0 0 0 0 0 0 0 0 0 0 0 0 0 0 0
1 1 1 1 1 1 1 1 1 1 1 1 1 1 1 1
0 0 0 0 0 0 0 0 0 0 0 0 0 0 0 0
1 1 1 1 1 1 1 1 1 1 1 1 1 1 1 1
0 0 0 0 0 0 0 0 0 0 0 0 0 0 0 0
1 1 1 1 1 1 1 1 1 1 1 1 1 1 1 1
0 0 0 0 0 0 0 0 0 0 0 0 0 0 0 0
1 1 1 1 1 1 1 1 1 1 1 1 1 1 1 1
0 0 0 0 0 0 0 0 0 0 0 0 0 0 0 0
1 1 1 1 1 1 1 1 1 1 1 1 1 1 1 1
0 0 0 0 0 0 0 0 0 0 0 0 0 0 0 0
1 1 1 1 1 1 1 1 1 1 1 1 1 1 1 1
0 0 0 0 0 0 0 0 0 0 0 0 0 0 0 0
1 1 1 1 1 1 1 1 1 1 1 1 1 1 1 1
74 26 48 19 52 51 66 52 32 36 19 9 67 68 25 32
155 130 90 99 136 92 146 122 122 88 138 154 154 91 107 100
76 48 32 65 40 18 51 74 58 72 66 10 26 11 65 25
147 140 145 147 145 91 121 121 107 140 145 120 107 106 121 105
17 32 8 75 76 48 25 65 52 74 49 50 58 72 25 33
116 113 154 155 104 99 83 147 137 138 99 156 107 107 138 138
43 52 43 72 8 20 28 4 36 12 25 51 40 68 52 44
116 92 121 147 92 145 90 114 136 100 83 90 137 123 97 132
65 35 8 20 64 64 49 41 12 12 18 8 10 24 74 33
120 105 96 120 137 92 106 147 146 132 129 154 122 113 92 140
58 24 42 57 52 74 50 43 42 56 68 35 33 28 19 66
83 152 140 153 107 99 153 147 132 108 145 130 116 112 115 136
17 10 8 18 12 25 19 50 67 24 35 8 20 11 73 44
91 91 152 84 96 145 97 148 97 106 114 130 116 114 153 121
67 51 24 18 18 10 51 24 51 3 26 32 25 33 40 68
130 116 115 124 112 156 89 155 96 100 147 146 129 148 153 84
