0 0 0 0 0 0 0 0 0 0 0 0 0 0 0 0
1 1 1 1 1 1 1 1 1 1 1 1 1 1 1 1
0 0 0 0 0 0 0 0 0 0 0 0 0 0 0 0
1 1 1 1 1 1 1 1 1 1 1 1 1 1 1 1
0 0 0 0 0 0 0 0 0 0 0 0 0 0 0 0
1 1 1 1 1 1 1 1 1 1 1 1 1 1 1 1
0 0 0 0 0 0 0 0 0 0 0 0 0 0 0 0
1 1 1 1 1 1 1 1 1 1 1 1 1 1 1 1
0 0 0 0 0 0 0 0 0 0 0 0 0 0 0 0
1 1 1 1 1 1 1 1 1 1 1 1 1 1 1 1
0 0 0 0 0 0 0 0 0 0 0 0 0 0 0 0
1 1 1 1 1 1 1 1 1 1 1 1 1 1 1 1
0 0 0 0 0 0 0 0 0 0 0 0 0 0 0 0
1 1 1 1 1 1 1 1 1 1 1 1 1 1 1 1
0 0 0 0 0 0 0 0 0 0 0 0 0 0 0 0
1 1 1 1 1 1 1 1 1 1 1 1 1 1 1 1
49 57 11 4 51 27 12 34 49 8 44 58 33 74 34 58
100 148 106 155 144 153 153 138 91 144 124 112 100 114 136 106
66 64 3 48 50 72 42 52 76 33 59 48 3 68 27 34
156 130 152 145 108 92 116 100 140 88 124 156 113 104 153 156
75 73 16 4 10 42 40 4 16 58 11 24 76 28 19 41
124 152 123 139 84 121 113 108 113 148 106 146 96 148 106 124
49 56 4 68 44 3 43 32 18 24 3 28 3 59 44 35
140 140 131 88 137 139 131 145 92 136 83 100 122 140 105 121
10 24 26 20 18 36 26 60 73 66 65 43 66 4 72 25
152 112 148 140 123 84 138 96 114 113 147 114 97 138 116 114
44 60 76 10 73 49 59 36 65 28 76 28 19 33 56 74
114 152 154 116 116 137 89 132 84 120 120 123 84 97 89 114
67 76 25 64 67 4 18 51 11 40 36 40 19 11 32 24
92 114 92 104 116 128 148 148 145 113 107 107 136 144 96 120
57 42 58 60 3 11 73 36 12 65 49 65 17 49 44 40
131 116 124 89 132 107 107 99 128 91 99 120 122 140 153 106
