0 0 0 0 0 0 0 0 0 0 0 0 0 0 0 0
1 1 1 1 1 1 1 1 1 1 1 1 1 1 1 1
0 0 0 0 0 0 0 0 0 0 0 0 0 0 0 0
1 1 1 1 1 1 1 1 1 1 1 1 1 1 1 1
0 0 0 0 0 0 0 0 0 0 0 0 0 0 0 0
1 1 1 1 1 1 1 1 1 1 1 1 1 1 1 1
0 0 0 0 0 0 0 0 0 0 0 0 0 0 0 0
1 1 1 1 1 1 1 1 1 1 1 1 1 1 1 1
0 0 0 0 0 0 0 0 0 0 0 0 0 0 0 0
1 1 1 1 1 1 1 1 1 1 1 1 1 1 1 1
0 0 0 0 0 0 0 0 0 0 0 0 0 0 0 0
1 1 1 1 1 1 1 1 1 1 1 1 1 1 1 1
0 0 0 0 0 0 0 0 0 0 0 0 0 0 0 0
1 1 1 1 1 1 1 1 1 1 1 1 1 1 1 1
0 0 0 0 0 0 0 0 0 0 0 0 0 0 0 0
1 1 1 1 1 1 1 1 1 1 1 1 1 1 1 1
49 20 57 51 43 60 25 35 76 4 42 18 3 4 64 25
83 106 129 145 106 107 129 139 153 104 96 152 148 114 91 132
28 26 17 33 33 28 8 42 18 58 32 11 49 40 25 8
114 138 156 115 123 97 128 116 121 148 155 92 91 131 155 155
20 8 19 43 33 16 28 67 18 64 72 32 72 10 25 12
104 139 153 154 96 98 112 98 92 89 89 90 100 130 122 120
19 9 20 34 40 24 12 73 24 20 8 43 68 26 16 34
88 84 90 128 148 147 116 152 130 116 121 84 115 99 121 113
58 8 44 8 32 49 12 76 10 33 50 59 27 41 41 64
90 89 128 98 132 137 147 120 96 152 107 112 106 128 105 138
60 58 50 36 72 27 24 43 72 42 56 12 9 34 18 58
145 92 130 106 106 88 88 152 137 136 105 156 107 147 84 104
43 34 74 64 67 58 35 10 41 27 34 74 50 72 11 42
129 148 83 144 145 121 131 145 89 124 156 156 91 114 90 105
33 56 50 43 25 33 9 65 8 60 51 48 32 4 24 44
131 99 115 132 130 116 100 154 114 108 97 113 114 140 98 89
