0 0 0 0 0 0 0 0 0 0 0 0 0 0 0 0
1 1 1 1 1 1 1 1 1 1 1 1 1 1 1 1
0 0 0 0 0 0 0 0 0 0 0 0 0 0 0 0
1 1 1 1 1 1 1 1 1 1 1 1 1 1 1 1
0 0 0 0 0 0 0 0 0 0 0 0 0 0 0 0
1 1 1 1 1 1 1 1 1 1 1 1 1 1 1 1
0 0 0 0 0 0 0 0 0 0 0 0 0 0 0 0
1 1 1 1 1 1 1 1 1 1 1 1 1 1 1 1
0 0 0 0 0 0 0 0 0 0 0 0 0 0 0 0
1 1 1 1 1 1 1 1 1 1 1 1 1 1 1 1
0 0 0 0 0 0 0 0 0 0 0 0 0 0 0 0
1 1 1 1 1 1 1 1 1 1 1 1 1 1 1 1
0 0 0 0 0 0 0 0 0 0 0 0 0 0 0 0
1 1 1 1 1 1 1 1 1 1 1 1 1 1 1 1
0 0 0 0 0 0 0 0 0 0 0 0 0 0 0 0
1 1 1 1 1 1 1 1 1 1 1 1 1 1 1 1
41 9 34 67 24 57 19 65 67 20 75 10 43 43 50 18
88 155 144 144 136 90 130 88 91 88 132 116 92 137 90 136
76 74 65 28 36 72 34 57 40 8 26 73 27 76 58 60
97 112 152 99 136 129 84 90 154 121 115 130 154 90 130 112
35 60 9 27 42 26 8 12 73 64 16 3 44 65 4 51
148 146 140 91 128 123 121 83 92 147 104 92 156 114 154 105
17 40 58 28 18 43 34 40 35 25 18 64 40 42 33 11
123 128 90 145 88 152 128 144 152 120 156 105 144 139 91 156
35 26 73 25 51 17 3 76 76 73 8 42 24 56 24 56
129 131 154 136 146 131 147 138 132 124 107 97 128 140 90 139
76 27 10 43 32 43 68 66 52 17 36 68 32 35 40 56
129 105 90 146 120 121 107 146 153 107 144 123 137 90 105 128
19 40 50 68 49 60 74 35 60 27 75 27 4 57 59 43
98 105 121 104 156 128 136 92 83 128 145 129 138 88 100 108
42 50 76 74 65 76 20 9 42 24 26 42 26 16 42 33
120 145 96 100 84 107 138 96 136 132 145 156 144 114 120 100
