0 0 0 0 0 0 0 0 0 0 0 0 0 0 0 0
1 1 1 1 1 1 1 1 1 1 1 1 1 1 1 1
0 0 0 0 0 0 0 0 0 0 0 0 0 0 0 0
1 1 1 1 1 1 1 1 1 1 1 1 1 1 1 1
0 0 0 0 0 0 0 0 0 0 0 0 0 0 0 0
1 1 1 1 1 1 1 1 1 1 1 1 1 1 1 1
0 0 0 0 0 0 0 0 0 0 0 0 0 0 0 0
1 1 1 1 1 1 1 1 1 1 1 1 1 1 1 1
0 0 0 0 0 0 0 0 0 0 0 0 0 0 0 0
1 1 1 1 1 1 1 1 1 1 1 1 1 1 1 1
0 0 0 0 0 0 0 0 0 0 0 0 0 0 0 0
1 1 1 1 1 1 1 1 1 1 1 1 1 1 1 1
0 0 0 0 0 0 0 0 0 0 0 0 0 0 0 0
1 1 1 1 1 1 1 1 1 1 1 1 1 1 1 1
0 0 0 0 0 0 0 0 0 0 0 0 0 0 0 0
1 1 1 1 1 1 1 1 1 1 1 1 1 1 1 1
32 20 3 76 73 60 36 17 58 4 24 27 75 67 17 26
145 122 96 152 138 153 120 106 100 146 140 90 89 99 114 84
51 20 65 28 67 36 49 34 48 68 28 12 68 3 64 4
114 116 124 99 132 115 92 120 108 115 105 156 120 128 115 120
66 12 10 44 25 56 68 50 4 9 59 67 51 75 10 72
123 112 83 124 91 114 97 146 144 113 131 136 107 116 147 88
49 72 75 48 72 66 12 32 67 32 43 64 73 3 75 20
104 123 146 124 156 146 115 132 152 129 138 129 116 113 144 112
40 11 56 51 18 25 26 59 26 73 3 34 36 48 33 74
97 154 124 156 131 89 148 131 131 96 115 108 144 89 132 89
50 18 33 10 34 10 33 17 18 65 28 68 59 40 27 52
153 91 121 98 107 155 115 105 144 128 153 120 139 116 108 99
43 28 76 59 57 72 26 41 66 43 17 41 16 64 26 8
105 137 114 147 139 130 137 153 98 153 104 120 124 112 153 115
10 18 19 66 36 35 25 51 59 4 9 74 65 65 50 67
97 104 122 88 112 147 121 105 98 121 139 98 120 147 145 139
