0 1 1 0 0 0 1 1 1 1 0 1 1 1 1 0
1 1 0 0 1 0 0 1 0 1 0 0 1 1 1 0
0 1 1 1 1 1 0 0 1 0 1 1 1 1 1 1
0 0 0 0 1 1 0 0 1 1 1 1 1 0 0 0
1 0 0 0 1 0 0 0 0 0 1 1 0 1 0 1
0 1 1 1 1 1 1 0 1 1 0 0 0 0 1 0
1 1 1 1 1 0 0 0 0 1 1 1 1 0 0 0
1 1 1 0 1 1 0 0 0 1 0 0 1 0 1 1
0 0 1 0 1 0 0 0 1 1 1 0 1 1 0 1
0 0 0 1 0 0 1 0 1 0 1 1 1 1 1 0
0 0 0 1 0 0 1 1 1 0 0 1 1 1 1 1
0 1 1 0 1 1 1 0 0 0 1 1 1 1 0 0
0 1 0 0 1 0 0 1 1 0 1 0 1 0 0 1
1 1 0 0 1 1 1 1 1 1 1 0 0 1 1 1
0 1 1 1 1 0 0 1 1 1 0 1 1 1 0 1
0 0 1 0 1 1 0 0 0 0 1 1 0 1 0 0
76 129 146 67 24 48 154 91 97 98 20 108 132 129 100 8
112 91 40 4 129 11 16 99 28 115 4 51 124 153 92 19
49 153 83 89 145 153 11 11 138 27 88 114 128 139 120 99
8 25 68 34 114 148 19 75 128 156 128 131 122 8 48 56
121 34 49 10 155 48 3 74 58 41 108 147 24 136 12 90
72 100 116 107 146 146 138 72 100 90 34 32 72 57 115 17
98 99 98 122 116 3 68 26 18 97 140 144 144 3 3 68
154 92 144 51 156 139 72 9 56 128 76 9 100 8 140 104
10 44 128 35 100 40 34 41 124 115 137 40 123 136 57 153
52 48 24 128 16 73 83 27 83 75 155 138 148 152 116 65
58 43 52 120 40 8 114 90 113 32 56 124 98 88 139 153
58 147 84 32 152 97 99 18 3 64 107 83 97 156 20 8
32 136 56 16 90 25 72 136 147 24 156 34 112 24 64 128
148 104 3 73 114 98 88 123 107 122 138 51 20 108 96 88
40 132 147 106 96 43 41 98 100 131 8 105 156 139 48 96
26 24 130 73 152 140 27 33 67 10 107 129 11 137 36 67
