0 1 0 1 0 1 0 1 0 1 0 1 0 1 0 1
0 1 0 1 0 1 0 1 0 1 0 1 0 1 0 1
0 1 0 1 0 1 0 1 0 1 0 1 0 1 0 1
0 1 0 1 0 1 0 1 0 1 0 1 0 1 0 1
0 1 0 1 0 1 0 1 0 1 0 1 0 1 0 1
0 1 0 1 0 1 0 1 0 1 0 1 0 1 0 1
0 1 0 1 0 1 0 1 0 1 0 1 0 1 0 1
0 1 0 1 0 1 0 1 0 1 0 1 0 1 0 1
0 1 0 1 0 1 0 1 0 1 0 1 0 1 0 1
0 1 0 1 0 1 0 1 0 1 0 1 0 1 0 1
0 1 0 1 0 1 0 1 0 1 0 1 0 1 0 1
0 1 0 1 0 1 0 1 0 1 0 1 0 1 0 1
0 1 0 1 0 1 0 1 0 1 0 1 0 1 0 1
0 1 0 1 0 1 0 1 0 1 0 1 0 1 0 1
0 1 0 1 0 1 0 1 0 1 0 1 0 1 0 1
0 1 0 1 0 1 0 1 0 1 0 1 0 1 0 1
57 153 43 96 18 132 65 120 50 90 67 138 8 84 19 153
9 91 3 155 66 131 24 122 58 128 4 124 43 106 18 128
67 120 60 124 74 88 42 130 4 98 60 120 4 99 3 112
76 131 48 92 8 131 33 153 35 88 36 145 34 147 20 140
76 108 26 99 11 155 32 144 65 154 52 146 35 105 9 88
16 114 56 122 28 106 9 107 74 105 36 122 17 145 57 106
25 122 10 152 27 129 59 156 67 84 4 155 49 123 66 132
24 144 72 139 27 147 12 97 16 146 57 154 64 104 50 120
74 123 56 137 64 147 66 146 10 138 26 97 20 98 44 130
76 91 28 90 20 98 75 104 67 147 42 130 44 97 42 122
26 108 8 96 36 123 35 144 49 92 49 138 27 154 73 124
36 128 44 106 74 96 65 120 72 115 43 128 75 97 27 112
76 116 48 100 12 131 28 84 33 154 67 137 10 89 42 107
3 132 72 116 68 147 76 148 27 97 18 154 75 105 3 91
4 96 8 145 10 130 56 90 19 98 50 154 24 140 73 154
35 155 8 104 35 123 12 92 20 99 3 152 3 153 52 99
