0 1 0 1 0 1 0 1 0 1 0 1 0 1 0 1
0 1 0 1 0 1 0 1 0 1 0 1 0 1 0 1
0 1 0 1 0 1 0 1 0 1 0 1 0 1 0 1
0 1 0 1 0 1 0 1 0 1 0 1 0 1 0 1
0 1 0 1 0 1 0 1 0 1 0 1 0 1 0 1
0 1 0 1 0 1 0 1 0 1 0 1 0 1 0 1
0 1 0 1 0 1 0 1 0 1 0 1 0 1 0 1
0 1 0 1 0 1 0 1 0 1 0 1 0 1 0 1
0 1 0 1 0 1 0 1 0 1 0 1 0 1 0 1
0 1 0 1 0 1 0 1 0 1 0 1 0 1 0 1
0 1 0 1 0 1 0 1 0 1 0 1 0 1 0 1
0 1 0 1 0 1 0 1 0 1 0 1 0 1 0 1
0 1 0 1 0 1 0 1 0 1 0 1 0 1 0 1
0 1 0 1 0 1 0 1 0 1 0 1 0 1 0 1
0 1 0 1 0 1 0 1 0 1 0 1 0 1 0 1
0 1 0 1 0 1 0 1 0 1 0 1 0 1 0 1
56 154 67 114 32 88 10 92 10 84 48 106 20 128 41 121
75 96 27 154 9 132 25 148 64 132 24 148 49 129 49 98
60 96 8 121 40 113 52 155 60 113 9 153 40 96 65 100
51 140 72 123 65 122 59 88 68 156 72 115 76 124 16 97
52 114 34 123 68 106 41 140 28 115 16 92 18 122 34 113
64 144 57 138 65 154 50 106 72 100 18 104 35 89 16 153
76 115 72 130 41 138 51 105 42 129 41 147 12 129 73 83
33 96 9 156 74 136 59 129 75 146 66 123 60 136 20 148
52 121 66 88 59 147 59 116 33 83 17 91 9 152 32 83
75 107 17 132 20 138 3 113 8 97 34 105 41 129 68 148
34 91 57 121 57 121 44 83 67 128 42 139 66 122 52 138
60 97 20 123 51 88 56 88 49 100 36 104 26 96 26 96
59 96 25 100 50 113 34 83 52 129 76 97 67 148 8 155
52 115 66 83 28 154 34 107 36 104 56 145 32 97 33 107
8 152 19 136 9 120 12 114 42 131 68 107 18 131 50 128
67 83 9 121 40 116 9 148 20 131 40 105 51 154 32 137
