0 1 0 1 0 1 0 1 0 1 0 1 0 1 0 1
0 1 0 1 0 1 0 1 0 1 0 1 0 1 0 1
0 1 0 1 0 1 0 1 0 1 0 1 0 1 0 1
0 1 0 1 0 1 0 1 0 1 0 1 0 1 0 1
0 1 0 1 0 1 0 1 0 1 0 1 0 1 0 1
0 1 0 1 0 1 0 1 0 1 0 1 0 1 0 1
0 1 0 1 0 1 0 1 0 1 0 1 0 1 0 1
0 1 0 1 0 1 0 1 0 1 0 1 0 1 0 1
0 1 0 1 0 1 0 1 0 1 0 1 0 1 0 1
0 1 0 1 0 1 0 1 0 1 0 1 0 1 0 1
0 1 0 1 0 1 0 1 0 1 0 1 0 1 0 1
0 1 0 1 0 1 0 1 0 1 0 1 0 1 0 1
0 1 0 1 0 1 0 1 0 1 0 1 0 1 0 1
0 1 0 1 0 1 0 1 0 1 0 1 0 1 0 1
0 1 0 1 0 1 0 1 0 1 0 1 0 1 0 1
0 1 0 1 0 1 0 1 0 1 0 1 0 1 0 1
9 136 65 96 10 116 48 156 17 100 48 139 67 90 76 98
24 139 42 116 51 128 49 156 28 121 27 90 64 131 66 146
64 91 68 88 36 155 17 116 58 155 60 84 58 131 59 88
10 97 35 132 10 114 4 139 75 146 33 131 27 155 51 116
27 121 68 88 51 154 8 132 18 138 50 91 25 84 16 89
59 114 4 140 52 129 8 108 35 116 28 148 3 129 44 121
36 155 4 105 66 114 43 154 11 139 43 115 4 115 65 97
10 140 44 97 8 83 16 90 19 100 34 115 64 96 56 139
4 108 75 120 60 99 59 145 10 123 68 137 16 124 74 148
51 115 73 140 24 116 74 90 68 120 16 132 73 124 59 108
67 100 65 112 51 147 11 155 25 83 11 92 42 112 10 88
43 114 9 130 67 152 42 132 58 92 27 144 72 90 20 89
24 136 34 116 9 122 16 156 64 154 26 121 73 124 25 128
44 113 52 128 17 139 73 152 52 131 60 107 11 91 44 140
72 89 17 144 41 114 36 105 68 98 28 156 28 145 28 124
19 120 4 153 26 147 11 147 73 97 35 136 43 107 40 90
