0 1 0 1 0 1 0 1 0 1 0 1 0 1 0 1
0 1 0 1 0 1 0 1 0 1 0 1 0 1 0 1
0 1 0 1 0 1 0 1 0 1 0 1 0 1 0 1
0 1 0 1 0 1 0 1 0 1 0 1 0 1 0 1
0 1 0 1 0 1 0 1 0 1 0 1 0 1 0 1
0 1 0 1 0 1 0 1 0 1 0 1 0 1 0 1
0 1 0 1 0 1 0 1 0 1 0 1 0 1 0 1
0 1 0 1 0 1 0 1 0 1 0 1 0 1 0 1
0 1 0 1 0 1 0 1 0 1 0 1 0 1 0 1
0 1 0 1 0 1 0 1 0 1 0 1 0 1 0 1
0 1 0 1 0 1 0 1 0 1 0 1 0 1 0 1
0 1 0 1 0 1 0 1 0 1 0 1 0 1 0 1
0 1 0 1 0 1 0 1 0 1 0 1 0 1 0 1
0 1 0 1 0 1 0 1 0 1 0 1 0 1 0 1
0 1 0 1 0 1 0 1 0 1 0 1 0 1 0 1
0 1 0 1 0 1 0 1 0 1 0 1 0 1 0 1
65 120 67 128 28 155 56 115 27 140 10 97 8 115 9 89
19 83 9 120 75 112 51 132 64 153 42 104 40 124 42 152
12 113 57 83 74 114 74 122 33 89 26 132 50 97 67 128
72 138 10 153 73 83 35 154 51 100 50 152 41 145 12 153
76 92 28 121 18 146 18 84 17 152 58 140 27 124 16 124
4 121 3 115 28 105 56 88 73 100 73 112 36 84 25 97
50 144 41 89 27 104 49 83 3 156 3 138 52 148 58 124
9 114 25 113 57 138 17 145 64 136 75 123 74 115 57 116
74 155 51 147 32 144 10 90 67 140 56 84 68 97 24 112
28 121 52 137 60 123 64 148 68 156 26 156 50 84 8 136
33 100 52 122 68 130 16 122 68 104 24 156 50 89 74 99
74 132 19 91 57 146 76 106 9 140 11 107 51 96 24 113
68 99 56 115 10 112 64 90 26 144 36 145 11 105 43 115
8 89 32 155 49 137 60 84 49 96 34 100 20 84 56 136
72 120 60 96 74 89 60 154 74 84 68 153 42 129 76 136
24 132 50 156 73 83 65 89 74 121 11 123 59 128 25 105
