0 1 0 1 0 1 0 1 0 1 0 1 0 1 0 1
0 1 0 1 0 1 0 1 0 1 0 1 0 1 0 1
0 1 0 1 0 1 0 1 0 1 0 1 0 1 0 1
0 1 0 1 0 1 0 1 0 1 0 1 0 1 0 1
0 1 0 1 0 1 0 1 0 1 0 1 0 1 0 1
0 1 0 1 0 1 0 1 0 1 0 1 0 1 0 1
0 1 0 1 0 1 0 1 0 1 0 1 0 1 0 1
0 1 0 1 0 1 0 1 0 1 0 1 0 1 0 1
0 1 0 1 0 1 0 1 0 1 0 1 0 1 0 1
0 1 0 1 0 1 0 1 0 1 0 1 0 1 0 1
0 1 0 1 0 1 0 1 0 1 0 1 0 1 0 1
0 1 0 1 0 1 0 1 0 1 0 1 0 1 0 1
0 1 0 1 0 1 0 1 0 1 0 1 0 1 0 1
0 1 0 1 0 1 0 1 0 1 0 1 0 1 0 1
0 1 0 1 0 1 0 1 0 1 0 1 0 1 0 1
0 1 0 1 0 1 0 1 0 1 0 1 0 1 0 1
48 97 28 153 73 128 64 108 68 131 56 116 16 108 66 96
19 100 44 91 33 139 35 122 48 130 24 128 4 99 19 156
26 145 24 146 56 144 50 152 60 92 35 152 73 92 36 121
34 116 43 136 34 121 35 152 48 139 58 108 58 88 8 148
19 152 34 154 19 122 60 128 28 138 20 145 50 124 25 132
56 129 56 104 49 136 49 120 75 156 56 153 72 132 33 154
48 107 12 136 67 123 73 97 11 107 67 91 42 106 35 112
68 115 40 123 35 124 75 148 24 154 36 106 10 106 60 114
33 121 58 148 58 106 19 90 26 88 4 108 76 104 11 132
58 138 8 129 51 124 24 84 26 139 17 107 9 138 8 129
74 155 50 108 75 116 59 139 75 92 18 96 68 108 75 147
56 114 42 131 16 144 19 96 10 98 43 131 12 108 16 139
73 136 72 84 12 108 56 92 52 123 27 140 48 83 52 112
34 92 41 98 52 154 34 130 35 99 32 137 50 153 11 83
60 155 40 132 64 99 10 128 64 153 52 108 17 137 67 131
67 97 58 97 4 116 58 97 72 129 44 108 12 104 20 128
