0 1 0 1 0 1 0 1 0 1 0 1 0 1 0 1
0 1 0 1 0 1 0 1 0 1 0 1 0 1 0 1
0 1 0 1 0 1 0 1 0 1 0 1 0 1 0 1
0 1 0 1 0 1 0 1 0 1 0 1 0 1 0 1
0 1 0 1 0 1 0 1 0 1 0 1 0 1 0 1
0 1 0 1 0 1 0 1 0 1 0 1 0 1 0 1
0 1 0 1 0 1 0 1 0 1 0 1 0 1 0 1
0 1 0 1 0 1 0 1 0 1 0 1 0 1 0 1
0 1 0 1 0 1 0 1 0 1 0 1 0 1 0 1
0 1 0 1 0 1 0 1 0 1 0 1 0 1 0 1
0 1 0 1 0 1 0 1 0 1 0 1 0 1 0 1
0 1 0 1 0 1 0 1 0 1 0 1 0 1 0 1
0 1 0 1 0 1 0 1 0 1 0 1 0 1 0 1
0 1 0 1 0 1 0 1 0 1 0 1 0 1 0 1
0 1 0 1 0 1 0 1 0 1 0 1 0 1 0 1
0 1 0 1 0 1 0 1 0 1 0 1 0 1 0 1
32 120 18 154 73 131 16 89 58 107 65 90 4 152 57 88
43 139 18 122 11 123 74 83 3 144 67 97 48 90 27 155
12 104 50 145 34 153 73 129 50 154 42 115 24 89 44 148
27 100 33 106 49 106 44 96 17 130 43 106 4 124 17 122
18 154 24 107 74 108 66 105 52 129 74 91 76 132 57 96
40 144 34 105 41 83 9 92 8 90 36 106 17 153 26 121
32 92 48 153 25 99 68 131 60 96 26 96 18 113 67 83
43 108 66 98 16 121 52 88 11 106 8 120 52 84 44 114
10 88 57 84 74 146 41 98 48 130 75 144 43 139 25 136
34 105 10 129 51 96 26 124 33 90 66 130 34 145 33 83
42 148 40 104 50 115 27 100 35 156 58 98 56 156 68 146
43 115 41 108 58 123 33 113 44 138 68 120 32 114 26 100
68 107 8 113 4 129 11 90 4 104 75 146 74 108 66 98
74 98 50 108 17 139 36 84 35 104 32 120 18 91 34 100
26 145 58 124 66 99 57 130 64 129 65 154 57 115 20 144
18 84 73 122 68 107 18 156 11 136 58 97 12 89 20 144
