0 1 0 1 0 1 0 1 0 1 0 1 0 1 0 1
0 1 0 1 0 1 0 1 0 1 0 1 0 1 0 1
0 1 0 1 0 1 0 1 0 1 0 1 0 1 0 1
0 1 0 1 0 1 0 1 0 1 0 1 0 1 0 1
0 1 0 1 0 1 0 1 0 1 0 1 0 1 0 1
0 1 0 1 0 1 0 1 0 1 0 1 0 1 0 1
0 1 0 1 0 1 0 1 0 1 0 1 0 1 0 1
0 1 0 1 0 1 0 1 0 1 0 1 0 1 0 1
0 1 0 1 0 1 0 1 0 1 0 1 0 1 0 1
0 1 0 1 0 1 0 1 0 1 0 1 0 1 0 1
0 1 0 1 0 1 0 1 0 1 0 1 0 1 0 1
0 1 0 1 0 1 0 1 0 1 0 1 0 1 0 1
0 1 0 1 0 1 0 1 0 1 0 1 0 1 0 1
0 1 0 1 0 1 0 1 0 1 0 1 0 1 0 1
0 1 0 1 0 1 0 1 0 1 0 1 0 1 0 1
0 1 0 1 0 1 0 1 0 1 0 1 0 1 0 1
28 100 41 152 50 96 66 128 72 96 20 140 4 97 48 154
17 90 4 107 17 124 26 116 17 122 56 154 41 89 44 113
49 129 58 128 73 122 57 88 11 88 11 155 74 128 24 122
9 114 26 83 40 148 66 124 49 121 32 155 73 132 68 138
58 136 24 96 67 99 8 123 20 131 66 156 34 98 75 88
40 113 74 122 3 107 40 131 51 152 66 131 20 122 11 121
28 83 58 98 4 139 67 107 12 113 28 131 48 146 19 116
10 115 68 137 10 144 25 104 40 98 68 83 48 152 57 89
73 121 18 130 64 152 67 83 11 147 75 132 66 106 57 99
43 99 33 130 76 91 28 138 18 128 50 104 58 116 67 130
35 116 33 116 9 99 76 115 51 144 72 154 28 88 59 148
35 136 11 130 24 132 36 124 65 114 4 122 3 144 36 107
72 113 3 104 44 155 43 155 65 153 51 152 51 99 40 152
50 148 50 130 68 84 9 100 35 99 34 90 10 90 19 156
74 112 25 130 44 90 3 96 34 92 12 147 72 124 35 130
17 114 25 112 42 98 76 122 58 128 57 145 73 156 9 130
