0 1 0 1 0 1 0 1 0 1 0 1 0 1 0 1
0 1 0 1 0 1 0 1 0 1 0 1 0 1 0 1
0 1 0 1 0 1 0 1 0 1 0 1 0 1 0 1
0 1 0 1 0 1 0 1 0 1 0 1 0 1 0 1
0 1 0 1 0 1 0 1 0 1 0 1 0 1 0 1
0 1 0 1 0 1 0 1 0 1 0 1 0 1 0 1
0 1 0 1 0 1 0 1 0 1 0 1 0 1 0 1
0 1 0 1 0 1 0 1 0 1 0 1 0 1 0 1
0 1 0 1 0 1 0 1 0 1 0 1 0 1 0 1
0 1 0 1 0 1 0 1 0 1 0 1 0 1 0 1
0 1 0 1 0 1 0 1 0 1 0 1 0 1 0 1
0 1 0 1 0 1 0 1 0 1 0 1 0 1 0 1
0 1 0 1 0 1 0 1 0 1 0 1 0 1 0 1
0 1 0 1 0 1 0 1 0 1 0 1 0 1 0 1
0 1 0 1 0 1 0 1 0 1 0 1 0 1 0 1
0 1 0 1 0 1 0 1 0 1 0 1 0 1 0 1
57 89 8 152 35 107 28 91 49 112 50 145 8 128 4 128
60 92 10 145 4 105 74 152 24 96 34 96 51 155 10 99
73 129 3 144 76 108 3 139 41 83 17 132 18 114 19 96
34 83 67 137 68 104 25 148 18 152 48 114 48 96 8 152
8 113 66 99 44 112 44 130 59 91 18 91 67 89 25 113
28 91 48 152 24 90 11 146 52 114 66 108 50 98 27 147
48 99 16 84 28 152 68 90 60 96 27 145 49 92 9 153
58 83 66 128 28 122 19 99 51 138 58 128 8 138 20 144
28 132 68 156 4 84 56 129 16 98 73 114 17 148 50 154
74 105 65 130 43 116 10 106 60 152 52 139 76 147 8 88
64 84 68 97 16 84 73 139 20 108 16 116 19 84 35 91
26 120 4 105 28 139 40 90 50 107 58 116 27 147 58 129
36 155 20 128 16 146 25 130 44 136 49 112 76 122 18 97
12 90 42 96 58 123 59 105 76 106 68 96 49 84 49 137
60 108 32 123 9 98 73 140 4 136 18 107 16 96 74 112
27 121 56 99 64 89 16 128 34 96 48 100 17 98 58 99
