0 1 0 1 0 1 0 1 0 1 0 1 0 1 0 1
0 1 0 1 0 1 0 1 0 1 0 1 0 1 0 1
0 1 0 1 0 1 0 1 0 1 0 1 0 1 0 1
0 1 0 1 0 1 0 1 0 1 0 1 0 1 0 1
0 1 0 1 0 1 0 1 0 1 0 1 0 1 0 1
0 1 0 1 0 1 0 1 0 1 0 1 0 1 0 1
0 1 0 1 0 1 0 1 0 1 0 1 0 1 0 1
0 1 0 1 0 1 0 1 0 1 0 1 0 1 0 1
0 1 0 1 0 1 0 1 0 1 0 1 0 1 0 1
0 1 0 1 0 1 0 1 0 1 0 1 0 1 0 1
0 1 0 1 0 1 0 1 0 1 0 1 0 1 0 1
0 1 0 1 0 1 0 1 0 1 0 1 0 1 0 1
0 1 0 1 0 1 0 1 0 1 0 1 0 1 0 1
0 1 0 1 0 1 0 1 0 1 0 1 0 1 0 1
0 1 0 1 0 1 0 1 0 1 0 1 0 1 0 1
0 1 0 1 0 1 0 1 0 1 0 1 0 1 0 1
76 145 65 130 26 148 4 120 36 99 27 156 76 91 50 122
72 128 9 148 58 115 44 92 18 113 41 114 4 120 20 131
51 92 59 121 59 116 73 121 75 131 50 100 66 144 56 112
44 121 34 91 75 96 74 152 20 113 12 146 19 124 36 140
28 144 25 130 73 154 65 107 17 90 67 131 27 96 25 130
65 136 28 145 44 89 58 130 73 100 64 145 16 116 49 139
34 88 43 138 51 89 64 104 10 132 26 122 41 156 35 122
64 139 58 97 58 153 56 140 73 130 76 152 74 122 25 107
58 139 40 121 49 88 11 91 60 84 40 100 20 132 74 121
25 91 49 88 73 98 72 137 68 88 4 153 75 115 42 91
41 122 76 153 9 92 24 152 9 83 4 137 28 106 64 139
75 92 72 144 72 130 24 100 4 146 20 145 51 88 58 154
72 107 57 100 51 146 24 108 11 92 73 132 3 137 12 105
36 121 73 145 34 128 24 154 75 90 12 132 58 112 72 106
28 155 43 138 67 139 66 120 59 105 74 154 24 112 11 105
32 99 72 113 33 148 65 116 27 83 34 108 43 105 67 148
