1 0 1 0 1 1 0 1 1 0 1 1 0 1 1 1
0 0 1 1 0 0 0 1 1 1 0 1 1 1 0 1
0 1 0 1 1 1 1 0 0 0 0 1 0 0 1 1
0 0 1 1 0 0 1 1 1 1 0 1 1 1 1 1
1 0 0 0 0 0 1 0 1 0 1 0 1 0 1 0
1 1 1 1 1 1 1 1 0 0 1 1 0 0 0 1
1 1 0 0 1 1 1 0 1 1 1 0 0 0 1 0
1 1 1 0 1 0 0 0 1 0 1 0 0 1 1 0
1 0 1 1 0 0 1 1 1 1 0 1 1 1 1 0
0 1 1 1 1 1 0 1 0 1 1 0 0 0 0 1
0 1 1 1 0 0 1 0 1 1 0 1 0 1 1 0
1 1 0 1 0 0 0 1 0 0 0 1 0 0 0 0
0 1 0 0 0 0 1 0 1 1 0 0 0 0 1 1
0 1 1 1 1 0 1 0 1 0 1 1 1 0 0 1
1 1 0 0 1 1 0 1 1 1 0 0 1 0 0 0
0 0 0 0 1 1 1 1 1 1 1 0 1 0 0 1
146 59 105 51 108 129 51 123 99 4 132 106 16 114 154 115
57 50 132 83 73 10 52 99 154 121 34 89 120 106 76 120
73 153 57 96 129 116 116 65 49 49 12 120 12 49 156 84
4 50 115 139 48 59 139 91 136 84 68 121 147 148 105 132
148 19 41 59 33 58 131 8 114 11 153 18 113 28 107 40
129 107 90 122 115 115 92 105 72 9 91 112 76 68 11 120
152 98 60 57 155 105 153 68 132 129 107 57 57 16 156 59
156 128 139 27 88 74 60 59 108 59 148 4 52 83 145 58
140 43 154 114 33 35 144 145 105 128 42 120 129 120 115 74
24 139 136 100 148 152 32 147 72 128 106 11 19 60 48 114
59 129 107 98 41 17 90 9 98 136 41 84 76 138 156 57
120 145 66 105 26 24 48 89 74 41 27 147 44 26 44 43
19 112 27 28 48 34 116 19 105 136 76 66 50 33 83 152
24 97 132 89 84 68 122 8 139 41 120 99 147 58 67 120
106 115 16 67 137 108 59 128 98 120 17 48 132 19 28 73
60 19 67 40 83 121 124 104 139 153 89 59 148 41 11 146
