0 1 0 1 0 1 0 1 0 1 0 1 0 1 0 1
0 1 0 1 0 1 0 1 0 1 0 1 0 1 0 1
0 1 0 1 0 1 0 1 0 1 0 1 0 1 0 1
0 1 0 1 0 1 0 1 0 1 0 1 0 1 0 1
0 1 0 1 0 1 0 1 0 1 0 1 0 1 0 1
0 1 0 1 0 1 0 1 0 1 0 1 0 1 0 1
0 1 0 1 0 1 0 1 0 1 0 1 0 1 0 1
0 1 0 1 0 1 0 1 0 1 0 1 0 1 0 1
0 1 0 1 0 1 0 1 0 1 0 1 0 1 0 1
0 1 0 1 0 1 0 1 0 1 0 1 0 1 0 1
0 1 0 1 0 1 0 1 0 1 0 1 0 1 0 1
0 1 0 1 0 1 0 1 0 1 0 1 0 1 0 1
0 1 0 1 0 1 0 1 0 1 0 1 0 1 0 1
0 1 0 1 0 1 0 1 0 1 0 1 0 1 0 1
0 1 0 1 0 1 0 1 0 1 0 1 0 1 0 1
0 1 0 1 0 1 0 1 0 1 0 1 0 1 0 1
72 106 10 108 72 146 16 130 65 136 26 115 18 113 43 98
25 136 4 131 19 115 64 136 72 105 76 108 59 128 17 130
50 148 42 115 44 131 51 152 76 83 9 92 75 156 50 123
52 97 41 138 73 106 57 128 25 84 25 139 64 155 10 104
20 115 50 113 35 106 74 96 64 131 75 113 32 121 36 146
73 148 20 147 52 154 51 116 3 112 74 98 26 138 65 146
17 88 57 96 41 104 36 154 32 152 67 96 24 105 72 89
34 120 36 148 67 115 20 131 10 145 43 83 35 96 4 115
19 138 59 88 9 97 57 156 50 120 12 107 59 152 51 91
49 145 34 91 41 130 9 106 57 124 28 121 44 122 27 147
27 92 66 91 8 100 51 128 60 104 64 139 58 98 35 97
11 116 32 131 17 148 72 144 52 84 19 144 52 156 11 139
60 130 76 122 12 129 28 121 18 130 50 114 34 90 50 152
17 108 43 90 24 124 33 139 67 114 9 88 52 145 16 104
48 147 44 123 26 91 9 148 41 146 41 83 57 100 12 146
68 96 68 155 56 137 4 106 66 120 58 115 58 90 67 90
