0 1 1 1 0 1 0 0 1 0 1 1 1 1 0 1
0 1 1 0 0 0 0 1 1 1 1 1 1 0 0 1
1 1 0 0 1 0 1 0 1 1 0 1 0 1 0 1
0 1 0 0 0 1 0 1 1 0 0 1 0 0 0 0
1 0 0 1 0 1 0 1 1 0 1 1 0 1 0 1
0 1 1 1 0 0 1 1 1 0 0 1 0 0 1 1
1 0 1 0 0 1 1 0 0 0 1 0 1 0 0 0
1 0 1 0 1 1 1 1 0 0 1 1 1 0 1 0
1 0 1 0 0 1 1 0 0 1 1 0 1 0 1 1
0 0 0 1 1 1 1 0 1 1 1 1 1 0 1 0
1 1 1 0 0 0 0 0 0 1 1 1 1 1 0 1
0 0 1 1 0 1 1 1 1 1 0 1 0 1 0 1
0 0 0 0 0 1 0 1 1 0 0 1 1 0 1 0
1 1 0 1 1 1 0 1 1 1 0 0 0 1 1 0
1 0 1 1 0 0 0 0 0 0 1 0 1 1 1 1
1 1 1 1 0 1 1 1 0 1 0 0 1 0 0 0
27 107 145 132 66 130 51 34 100 26 153 137 116 130 76 131
75 108 96 59 50 56 58 92 132 107 120 124 90 48 50 97
132 130 64 20 146 43 92 73 154 97 18 130 43 105 76 129
59 112 33 32 3 139 36 147 153 24 49 132 44 11 28 57
129 19 42 130 44 154 58 148 137 52 92 97 60 147 3 112
66 92 91 136 17 25 89 145 104 17 8 132 8 75 124 96
138 41 124 25 17 99 89 56 32 48 96 24 122 36 65 68
105 18 92 72 97 129 98 104 44 40 147 147 116 49 96 27
123 28 128 68 4 152 123 75 42 154 112 9 115 73 132 83
56 44 76 154 131 83 138 28 156 90 116 92 97 18 138 18
100 136 112 36 49 3 26 32 25 148 146 98 131 107 56 144
74 33 147 129 51 88 98 100 92 108 16 112 35 132 24 114
56 25 51 66 49 136 59 90 91 48 75 156 83 24 123 36
155 154 35 148 108 152 32 106 124 98 72 41 19 121 139 48
96 40 91 147 35 60 51 12 68 60 115 66 105 116 96 83
120 155 96 154 72 130 120 140 66 89 52 52 156 10 59 59
