0 1 1 1 0 1 1 1 1 1 0 1 1 0 0 1
0 1 0 0 0 1 1 0 1 0 0 1 1 1 1 0
1 0 0 0 1 0 1 1 1 0 1 1 1 1 0 1
1 0 0 0 1 1 1 1 1 0 0 0 1 1 0 1
0 1 1 1 1 1 0 0 0 0 1 1 1 0 0 0
0 1 0 1 1 1 1 0 0 1 1 1 0 0 0 0
1 1 1 0 0 0 1 1 0 1 0 1 0 0 0 0
0 0 0 1 0 1 1 1 1 0 1 0 0 1 1 1
1 0 1 1 1 1 0 0 1 1 1 0 0 0 0 1
1 1 0 0 0 0 1 1 0 0 1 0 0 1 1 1
0 0 0 0 1 1 0 1 1 1 0 0 0 0 1 0
0 1 0 0 0 0 0 1 1 1 1 1 0 0 0 1
0 0 1 1 1 1 0 0 1 1 0 1 1 1 0 0
0 0 0 1 1 1 0 1 1 1 0 0 1 1 0 1
1 1 1 0 0 0 0 1 1 1 1 1 1 1 1 0
1 1 0 0 1 1 0 1 0 1 0 0 0 0 1 1
16 152 113 139 68 148 128 97 138 90 20 138 154 35 49 140
27 156 59 25 76 88 123 75 83 20 36 104 116 120 155 67
131 58 57 48 90 72 129 108 148 25 154 145 116 145 72 136
122 33 42 27 108 96 137 105 156 51 64 49 131 148 66 98
59 100 154 116 120 91 48 57 17 48 144 100 100 76 18 8
59 130 25 108 152 91 129 59 43 98 122 154 76 44 32 76
121 115 100 68 65 41 116 152 41 147 75 89 18 32 48 72
35 3 36 147 52 120 140 148 147 9 89 57 12 83 124 90
88 68 128 114 116 121 68 74 122 113 104 50 3 42 18 89
114 140 48 40 43 17 104 152 20 17 108 18 73 137 96 99
11 52 43 35 123 136 49 132 120 136 74 16 74 66 114 72
36 148 9 34 9 41 20 114 131 100 123 121 67 60 74 131
10 8 105 124 112 89 58 68 148 148 72 152 122 112 41 9
10 26 72 145 122 132 51 115 147 99 4 50 136 139 40 128
83 90 104 25 12 48 20 91 122 96 89 147 116 99 112 17
90 89 41 3 91 89 50 108 26 107 58 42 60 60 152 122
