0 1 1 0 1 1 0 0 0 1 0 1 0 0 0 0
1 1 1 1 1 1 1 0 1 0 1 0 0 1 1 1
0 1 0 0 1 1 1 1 1 0 0 1 1 0 1 1
1 1 1 1 1 1 1 1 0 1 1 1 1 0 1 1
0 0 1 1 1 1 1 1 0 0 0 0 0 1 1 1
1 1 0 1 0 0 0 1 0 0 1 1 1 0 0 0
0 0 0 1 1 1 0 0 1 0 1 0 0 1 1 1
0 0 0 1 0 0 1 0 0 0 1 1 0 0 0 0
0 1 0 0 1 1 0 0 1 1 1 1 0 1 1 1
0 1 0 0 1 0 0 1 1 1 1 0 1 0 0 0
1 0 0 0 0 0 0 0 1 1 0 0 1 0 1 1
1 0 0 1 0 0 1 1 0 0 1 1 0 1 0 1
0 0 1 0 0 1 1 0 0 0 1 1 0 1 0 1
0 0 1 1 0 0 0 0 0 0 1 0 0 0 1 0
1 1 0 0 0 1 1 0 1 1 1 1 1 1 0 0
1 0 0 0 0 1 0 1 0 1 0 0 1 0 1 0
25 92 84 28 112 116 36 33 43 91 33 140 28 58 17 8
137 89 99 156 139 140 107 40 132 20 138 28 58 92 90 136
68 91 50 41 156 91 84 99 96 18 18 128 100 41 152 104
88 147 128 84 116 156 131 144 27 97 100 89 124 73 99 155
64 56 104 99 97 140 115 132 4 43 8 35 27 130 91 138
113 90 56 88 59 32 58 83 59 34 152 100 124 25 26 48
8 8 49 124 131 116 49 76 145 50 83 10 20 121 152 124
76 65 10 152 48 19 152 58 33 42 138 131 12 27 16 25
20 140 27 24 104 137 26 3 88 144 136 145 42 88 130 123
34 146 9 24 89 41 75 121 84 88 83 19 96 27 26 73
124 67 18 34 9 58 72 65 122 123 42 4 91 25 153 128
139 57 19 146 59 4 83 108 41 49 88 144 41 153 51 156
42 66 156 26 52 99 156 52 68 60 83 122 68 130 33 120
59 58 98 107 73 10 32 66 51 68 97 66 33 67 124 52
122 114 32 74 58 152 99 74 107 148 144 84 144 88 8 67
132 19 60 9 17 136 28 153 66 108 64 28 155 58 89 60
