0 1 0 0 1 0 1 0 1 0 0 1 1 1 1 0
1 1 1 0 1 1 1 0 1 1 1 0 1 1 0 0
1 0 1 0 0 0 0 0 1 0 0 1 0 1 1 1
1 1 1 0 0 1 0 0 0 1 1 1 0 0 0 1
0 1 1 1 1 1 1 1 1 0 1 0 0 0 0 1
0 0 0 0 0 1 1 0 1 0 1 0 0 0 1 0
1 0 0 1 1 0 0 1 1 0 0 0 0 0 0 0
1 0 0 1 1 1 0 0 0 1 1 0 1 1 1 0
0 1 1 0 1 0 0 1 0 1 0 1 0 1 0 0
1 1 0 1 1 1 0 0 1 1 0 1 0 0 1 0
1 1 1 0 0 0 1 1 0 1 0 0 1 0 0 1
0 1 1 1 1 1 1 0 0 0 0 1 1 0 0 1
0 1 0 1 0 1 1 1 0 0 1 1 0 1 0 1
0 0 0 0 0 0 0 1 1 1 1 1 0 0 1 1
0 0 0 0 1 0 1 0 1 0 0 1 0 0 1 0
0 1 1 1 0 0 1 1 1 0 0 0 1 0 1 1
27 97 68 40 105 41 91 10 97 28 32 140 122 83 89 51
140 97 155 64 99 97 132 10 99 128 89 75 89 99 18 75
124 34 91 48 25 42 33 26 105 49 17 90 4 115 131 115
104 152 131 3 42 97 11 44 4 92 116 84 56 35 52 114
64 138 130 120 146 154 105 108 152 11 90 60 73 43 51 112
68 44 59 3 68 153 154 48 136 72 145 4 34 16 138 40
96 34 57 120 104 42 28 100 137 75 56 26 3 44 26 49
121 27 60 88 84 124 12 44 59 128 107 3 146 153 98 42
20 104 139 60 147 76 50 131 59 154 43 153 60 106 58 28
96 100 42 130 100 146 11 48 88 99 64 88 12 12 112 49
113 154 106 75 59 17 96 91 27 96 4 34 145 3 52 88
65 155 113 89 136 84 97 64 19 57 49 156 99 66 73 116
34 122 24 100 49 116 137 155 40 42 115 146 43 84 26 107
3 60 50 19 52 51 34 120 88 105 83 153 41 49 148 144
11 3 43 40 155 58 152 8 96 56 52 137 68 18 155 72
24 120 153 145 10 66 92 104 100 25 36 16 99 67 144 106
