0 1 0 1 0 1 0 1 0 1 0 1 0 1 0 1
0 1 0 1 0 1 0 1 0 1 0 1 0 1 0 1
0 1 0 1 0 1 0 1 0 1 0 1 0 1 0 1
0 1 0 1 0 1 0 1 0 1 0 1 0 1 0 1
0 1 0 1 0 1 0 1 0 1 0 1 0 1 0 1
0 1 0 1 0 1 0 1 0 1 0 1 0 1 0 1
0 1 0 1 0 1 0 1 0 1 0 1 0 1 0 1
0 1 0 1 0 1 0 1 0 1 0 1 0 1 0 1
0 1 0 1 0 1 0 1 0 1 0 1 0 1 0 1
0 1 0 1 0 1 0 1 0 1 0 1 0 1 0 1
0 1 0 1 0 1 0 1 0 1 0 1 0 1 0 1
0 1 0 1 0 1 0 1 0 1 0 1 0 1 0 1
0 1 0 1 0 1 0 1 0 1 0 1 0 1 0 1
0 1 0 1 0 1 0 1 0 1 0 1 0 1 0 1
0 1 0 1 0 1 0 1 0 1 0 1 0 1 0 1
0 1 0 1 0 1 0 1 0 1 0 1 0 1 0 1
3 36 5 38 7 40 9 42 11 44 13 46 15 48 17 50
19 52 21 54 23 56 25 58 27 60 29 62 31 35 4 37
6 39 8 41 10 43 12 45 14 47 16 49 18 51 20 53
22 55 24 57 26 59 28 61 30 63 3 36 5 38 7 40
9 42 11 44 13 46 15 48 17 50 19 52 21 54 23 56
25 58 27 60 29 62 31 35 4 37 6 39 8 41 10 43
12 45 14 47 16 49 18 51 20 53 22 55 24 57 26 59
28 61 30 63 3 36 5 38 7 40 9 42 11 44 13 46
15 48 17 50 19 52 21 54 23 56 25 58 27 60 29 62
31 35 4 37 6 39 8 41 10 43 12 45 14 47 16 49
18 51 20 53 22 55 24 57 26 59 28 61 30 63 3 36
5 38 7 40 9 42 11 44 13 46 15 48 17 50 19 52
21 54 23 56 25 58 27 60 29 62 31 35 4 37 6 39
8 41 10 43 12 45 14 47 16 49 18 51 20 53 22 55
24 57 26 59 28 61 30 63 3 36 5 38 7 40 9 42
11 44 13 46 15 48 17 50 19 52 21 54 23 56 25 58
