0 0 0 0 1 0 0 1 0 0 1 1 1 0 1 0
0 0 1 0 0 1 0 0 1 1 1 1 1 0 1 0
0 1 1 0 1 1 1 0 0 1 0 0 1 1 0 1
1 1 0 1 0 0 0 1 1 1 0 1 1 0 1 1
0 1 0 1 1 0 1 0 0 0 1 1 1 1 1 1
0 0 0 0 1 0 1 1 1 1 1 0 1 1 1 0
0 0 1 1 1 1 0 1 1 1 0 1 0 0 1 0
1 1 1 1 1 1 1 1 1 0 0 1 0 1 0 0
1 1 0 1 1 0 0 0 0 0 1 1 1 0 0 1
0 1 0 0 0 1 1 0 1 0 0 0 0 1 0 1
0 1 1 0 0 1 1 0 0 0 1 0 1 0 0 0
1 1 1 0 1 0 1 0 0 0 0 0 1 1 1 0
0 1 0 0 0 0 0 0 1 1 0 1 1 0 0 0
0 1 1 1 1 1 0 1 0 1 0 0 1 1 0 1
0 1 0 0 1 1 1 1 0 1 1 1 1 0 0 0
1 1 1 1 0 1 0 1 0 0 0 1 0 1 0 1
13 30 26 23 46 28 16 39 26 14 44 42 49 13 58 14
13 24 57 26 15 63 25 22 36 61 58 37 59 25 38 24
4 41 61 20 40 38 44 16 9 63 20 25 46 47 14 54
61 42 28 42 12 13 21 55 41 61 17 52 37 14 52 41
4 35 30 58 56 21 39 26 28 24 45 48 58 38 40 43
25 7 30 24 45 6 57 41 42 36 55 27 59 35 41 3
23 15 47 58 47 61 6 61 58 57 5 48 5 31 44 3
55 35 44 56 40 40 49 39 48 9 15 56 3 35 19 3
53 35 27 42 38 10 23 29 19 26 56 61 59 14 30 37
14 47 29 19 17 51 46 7 57 24 14 15 25 39 18 58
6 43 42 5 21 37 62 17 19 28 51 22 56 27 27 29
59 54 53 16 63 27 44 10 9 6 4 25 35 35 55 26
20 42 10 29 17 11 25 20 46 51 19 52 48 3 5 17
15 45 45 63 54 46 18 62 20 48 18 19 58 42 6 60
12 40 10 5 40 51 41 55 25 60 57 46 36 16 25 7
54 53 49 50 17 61 28 43 26 6 28 40 18 58 3 40
