0 1 1 0 0 1 0 0 1 1 1 0 1 0 1 0
0 0 0 1 0 0 0 1 1 0 1 0 1 1 1 0
1 1 1 0 0 0 0 0 1 1 0 1 1 0 0 1
0 0 0 1 0 1 0 0 0 0 0 1 0 0 0 0
0 1 1 1 0 0 1 0 1 0 0 1 0 1 0 1
1 0 1 0 0 1 1 1 1 1 1 1 0 0 1 1
0 0 1 1 0 1 0 1 1 1 0 1 0 1 1 1
0 0 0 1 1 1 0 1 0 1 1 1 0 1 1 1
0 0 1 1 0 0 1 1 1 0 1 0 0 0 0 1
1 1 1 1 0 0 1 0 0 1 0 1 0 1 0 1
1 1 1 0 0 0 0 1 1 0 0 1 1 0 1 0
1 0 1 1 0 1 1 0 1 0 0 1 0 0 1 1
0 0 1 1 1 0 1 0 1 0 1 0 0 0 0 1
1 0 0 0 1 1 1 0 1 1 0 1 0 1 0 0
1 0 1 1 1 0 1 1 1 0 1 0 1 0 0 0
0 0 1 1 1 0 0 1 1 0 0 1 1 0 1 0
22 35 35 20 3 44 28 11 59 57 38 24 36 24 47 25
12 6 7 56 20 29 14 57 60 10 51 6 45 62 63 27
55 55 35 17 17 31 19 27 57 44 23 55 47 17 3 42
8 24 5 48 31 47 30 29 26 22 17 44 3 25 31 13
7 42 41 41 10 13 53 13 54 24 5 49 4 38 31 58
43 30 58 10 22 36 52 41 61 44 63 61 8 3 44 38
16 10 40 38 18 58 20 36 50 55 19 41 3 41 62 47
7 25 21 58 53 36 26 49 9 51 43 62 20 47 44 40
11 23 42 53 16 8 39 38 40 18 61 14 12 27 14 54
50 55 62 38 8 30 57 14 3 43 6 60 24 36 20 59
43 62 62 14 14 25 21 63 44 17 18 39 40 12 55 27
35 10 57 61 3 35 36 30 41 15 7 50 23 6 58 48
25 8 41 46 55 6 58 22 50 9 35 29 29 23 21 48
48 31 23 18 44 38 42 6 52 55 25 51 21 61 7 22
40 27 35 38 38 16 55 44 53 7 56 24 51 11 5 3
4 31 63 45 46 24 14 47 56 17 9 38 41 15 47 10
