1 1 1 1 1 0 0 0 1 1 0 1 1 0 1 1
0 0 1 0 0 0 0 1 1 1 0 0 0 0 0 1
0 1 1 0 1 0 0 1 1 0 0 0 0 0 1 0
1 1 0 1 1 1 0 1 0 0 0 0 0 0 0 1
0 0 0 0 0 1 1 0 0 1 1 0 0 1 0 0
1 1 1 0 0 1 0 0 1 0 0 1 0 0 1 1
1 1 0 0 0 0 0 1 0 1 0 0 1 0 0 0
1 0 0 1 0 0 0 0 0 0 1 1 0 1 0 1
0 1 0 0 1 0 0 1 1 1 0 0 1 0 1 1
1 1 0 0 1 1 1 1 1 0 0 1 0 1 0 0
1 0 0 1 1 1 0 1 1 1 1 1 1 0 0 0
0 1 0 0 0 0 1 0 0 0 1 1 0 1 0 0
1 0 0 1 1 0 1 1 1 1 1 1 1 1 1 1
1 1 0 1 1 0 0 0 0 1 0 1 0 0 1 1
0 1 0 1 1 0 1 0 1 1 1 1 1 0 0 0
0 0 0 0 1 1 1 0 1 0 0 1 0 0 1 1
52 59 53 46 37 26 12 27 47 51 30 62 46 16 47 56
12 17 56 20 18 25 17 44 36 37 10 23 22 19 15 50
27 56 54 25 58 7 23 44 59 18 25 22 18 28 35 18
58 57 17 45 57 45 3 58 24 30 10 9 19 12 29 57
3 11 22 31 10 58 38 14 7 57 60 7 8 43 10 16
62 37 53 21 18 43 11 31 42 31 15 59 22 13 57 36
45 45 16 31 7 9 31 61 29 39 21 22 50 7 21 20
48 14 12 39 18 27 18 18 25 5 45 39 6 38 10 53
31 41 28 11 39 13 10 48 36 42 17 25 60 6 57 39
49 38 15 28 48 49 39 44 57 5 3 43 28 55 5 18
49 11 3 57 47 51 7 46 55 50 43 62 36 7 18 11
9 36 12 22 6 26 60 28 12 30 63 63 12 46 20 25
37 15 23 43 35 27 51 37 50 58 59 59 55 48 57 37
36 47 7 36 36 20 5 16 22 61 7 62 15 23 56 62
8 54 26 55 49 11 53 15 36 48 48 50 35 21 22 10
6 23 6 24 39 55 58 9 41 20 14 39 31 7 45 60
