0 1 0 0 0 0 1 0 0 1 1 1 1 0 1 0
0 0 1 1 0 0 0 0 1 0 1 1 1 0 0 0
0 0 0 0 0 0 0 1 0 1 1 1 1 0 1 0
1 0 0 0 1 1 1 0 1 1 0 0 0 0 1 1
1 0 1 1 0 0 0 1 0 0 1 0 0 0 1 0
1 0 0 0 1 0 1 0 1 0 1 1 1 1 1 1
0 0 1 1 0 1 1 0 1 1 0 0 1 0 0 1
1 1 0 0 1 1 0 0 0 0 1 1 1 1 0 0
1 0 0 1 1 0 0 1 0 0 1 1 1 1 0 1
0 1 0 0 0 0 1 1 1 1 0 0 0 0 1 0
1 1 0 1 1 1 0 1 0 1 0 1 0 0 1 1
1 1 0 0 1 1 1 1 1 1 0 1 0 1 0 0
0 1 0 1 0 1 1 0 1 1 1 0 1 1 1 0
0 1 0 1 1 0 1 1 0 1 0 0 1 0 1 0
1 0 0 0 1 1 0 1 0 0 1 1 1 1 1 0
0 1 1 0 0 0 1 0 1 1 1 1 0 1 1 1
7 39 24 6 18 31 39 22 12 60 50 51 59 10 54 14
30 4 60 53 24 7 20 10 36 7 60 53 49 30 5 20
14 16 26 15 5 24 8 35 16 39 38 55 61 31 54 7
59 20 31 31 40 40 57 18 35 46 19 21 14 22 48 48
41 28 52 47 17 17 16 38 10 8 41 23 23 27 52 31
35 10 24 20 61 10 46 10 49 16 46 49 37 56 59 51
9 20 50 43 31 42 58 20 56 47 31 18 59 31 16 50
49 45 11 5 62 50 20 14 9 17 40 41 61 54 24 7
63 29 23 53 38 29 4 60 23 23 45 39 36 40 6 46
29 52 28 3 17 7 51 56 38 62 19 14 21 13 55 30
37 56 28 48 48 54 9 41 8 46 27 41 13 31 38 60
58 37 15 31 46 42 63 50 39 61 20 53 12 40 30 11
25 44 23 44 30 46 59 28 43 48 36 7 57 38 63 24
31 43 6 53 57 6 39 43 27 47 12 15 58 11 46 5
51 18 11 18 46 56 31 48 10 22 45 56 57 38 52 7
29 46 38 11 14 5 41 6 43 58 50 49 28 46 38 63
