0 0 0 0 1 1 1 0 1 0 1 1 1 1 1 1
1 1 1 0 0 0 0 1 0 1 1 1 0 0 0 1
0 1 0 1 1 1 0 0 0 1 0 0 0 0 0 1
0 0 1 0 1 0 1 0 0 1 0 0 1 0 1 1
0 1 1 0 0 1 1 1 0 0 1 0 0 0 0 1
0 0 1 1 0 0 0 1 1 1 0 1 0 0 1 1
0 1 0 1 1 0 0 1 0 1 0 1 0 1 0 0
1 0 1 0 0 1 1 1 1 0 1 1 0 1 0 0
1 0 0 0 1 1 0 0 1 1 0 1 1 0 0 1
1 1 1 1 0 1 0 0 1 0 0 1 0 0 0 1
1 1 0 1 0 0 1 0 1 1 0 0 1 0 1 1
0 0 1 0 0 1 0 1 0 1 0 1 1 1 0 1
0 0 0 0 0 1 0 1 0 0 0 1 1 0 1 0
1 0 0 1 0 0 0 1 1 0 0 0 1 1 1 0
1 1 0 0 0 1 1 1 1 0 1 0 1 0 1 0
1 0 1 0 0 0 1 1 1 0 1 1 0 0 1 1
23 25 16 15 50 48 38 30 58 6 48 61 53 36 47 47
62 41 47 23 3 21 12 46 18 38 37 40 23 10 3 44
28 49 9 53 36 35 29 13 21 48 11 20 6 31 25 56
12 21 40 24 59 22 35 21 7 48 27 28 62 19 60 53
26 45 40 18 31 54 38 56 12 26 52 25 30 16 7 52
7 20 42 61 27 4 6 48 59 59 30 62 31 28 53 49
21 48 6 47 56 24 14 35 5 60 19 44 16 43 13 12
55 30 59 25 3 55 41 60 62 16 43 53 11 50 18 4
40 19 19 24 59 54 22 14 60 58 11 63 44 27 14 62
49 35 46 62 25 39 25 26 46 31 27 54 14 24 12 46
45 43 15 57 6 19 58 30 40 36 26 24 53 21 43 39
27 5 38 14 16 57 4 41 6 43 9 54 55 57 7 61
30 23 11 28 8 52 18 52 6 3 4 48 50 5 54 4
50 19 27 59 22 14 12 35 39 30 29 20 55 62 48 23
59 48 20 22 16 39 55 50 38 7 37 7 36 23 44 5
53 13 39 5 10 8 43 61 55 16 45 35 29 17 58 61
