1 0 0 1 1 1 0 1 0 0 0 1 0 1 1 1
0 1 1 1 0 1 0 1 1 1 0 1 1 0 1 0
0 0 0 1 1 0 0 1 1 0 0 1 0 0 1 1
0 1 1 0 0 1 0 0 1 1 0 1 1 1 1 0
1 0 1 0 0 1 1 0 1 1 0 0 0 1 1 1
0 1 0 1 1 0 1 0 1 1 0 1 0 1 1 0
1 0 1 1 0 1 0 0 1 1 0 1 0 1 0 0
0 0 1 0 1 1 1 1 0 1 0 0 0 0 0 0
0 0 1 1 0 1 1 0 0 0 0 1 1 0 1 0
0 1 0 1 1 1 1 1 0 0 0 0 0 0 0 1
1 1 1 0 1 0 0 0 0 1 1 0 0 0 0 0
1 0 0 1 1 0 1 1 1 0 1 0 0 1 0 1
1 0 1 0 1 1 0 1 1 0 1 1 1 1 0 0
1 0 1 0 0 1 0 1 1 0 0 0 0 0 1 0
0 0 1 0 1 1 0 1 1 1 0 1 1 1 0 1
1 0 1 1 1 1 0 0 1 0 0 0 0 1 1 1
59 27 18 52 35 61 10 58 20 17 17 37 24 55 63 52
16 49 60 43 15 39 15 58 54 46 9 56 39 30 61 11
30 13 3 35 50 8 24 36 59 17 21 37 23 27 45 63
14 58 49 27 26 45 10 12 40 47 9 40 40 40 46 29
57 11 59 28 11 63 42 17 49 57 16 12 15 50 52 42
24 59 25 50 58 17 52 4 37 48 25 43 5 58 54 19
45 30 38 52 27 60 27 26 54 62 26 57 11 46 23 20
16 5 62 9 47 53 47 37 31 44 20 29 13 15 19 23
12 19 62 60 30 57 63 16 14 9 28 45 46 21 41 27
20 47 27 41 48 58 61 49 14 15 22 9 12 13 15 50
39 61 36 13 59 20 23 27 29 54 56 19 27 18 31 6
62 6 9 54 42 23 43 57 42 30 44 29 26 37 4 39
42 6 41 25 36 39 27 48 37 28 49 47 55 56 5 25
47 11 56 3 29 61 11 62 41 5 4 31 4 20 51 20
20 21 48 14 46 55 14 37 46 51 20 62 35 35 17 53
55 14 41 58 48 59 3 27 59 26 28 21 18 49 45 62
