0 1 1 1 0 0 0 0 0 1 1 1 1 0 1 0
1 1 0 1 0 1 0 0 0 0 1 0 0 0 0 1
1 0 1 1 1 0 1 0 0 1 1 1 1 0 1 1
1 0 0 1 1 1 1 0 0 1 0 1 0 1 1 0
1 1 1 1 1 0 1 1 0 0 1 1 0 0 0 0
1 1 1 1 1 0 0 1 1 0 0 1 0 0 1 0
0 1 0 1 0 1 1 0 0 1 1 1 0 1 1 0
1 0 1 0 0 0 1 1 0 0 0 1 1 1 1 0
0 0 0 1 0 1 0 1 0 1 0 0 0 0 0 0
1 1 0 1 0 1 1 0 1 1 0 1 1 0 0 0
0 0 1 0 0 0 1 0 1 0 0 0 1 0 1 1
1 0 0 0 1 1 0 0 0 0 0 0 1 1 1 1
0 0 0 0 1 0 1 0 1 1 1 1 1 1 0 0
1 0 0 0 1 1 0 0 0 1 0 0 1 0 0 1
0 0 1 1 0 1 0 0 1 0 0 1 1 1 0 0
0 0 1 1 0 1 1 1 1 1 0 0 1 0 0 1
3 35 38 36 6 23 4 31 7 37 63 40 37 4 40 28
58 50 26 58 14 39 19 23 11 22 59 11 6 28 31 44
60 17 37 63 43 28 38 12 27 42 53 62 63 14 50 56
42 20 10 35 35 55 43 27 22 41 21 61 13 47 38 10
38 59 56 52 40 11 53 43 11 9 46 36 3 22 30 23
61 38 39 53 36 15 18 48 36 26 19 40 4 4 39 25
19 44 12 61 25 48 55 3 6 49 38 61 15 40 52 8
61 7 48 4 7 8 44 48 30 5 30 45 55 55 35 18
8 6 21 47 9 57 24 57 30 60 25 20 26 28 25 16
60 63 16 45 7 44 39 26 35 54 19 62 51 6 4 19
3 14 50 4 25 25 58 17 49 29 7 30 56 17 55 39
51 10 5 4 40 35 26 22 18 24 9 30 57 53 47 49
10 5 22 4 36 20 39 22 53 46 35 36 55 46 29 31
40 13 13 25 35 62 25 21 6 63 31 30 63 18 27 41
19 25 55 52 10 63 9 9 63 23 19 52 44 47 23 5
26 13 56 57 7 51 56 57 62 35 4 31 37 31 10 49
