0 1 0 0 0 1 1 0 0 0 1 1 0 0 0 0
0 0 0 1 0 0 0 1 1 1 0 1 1 1 1 1
0 1 1 0 0 0 1 0 1 0 0 1 0 0 0 1
0 0 0 0 1 1 0 1 0 0 0 1 0 1 1 0
0 1 0 1 1 0 1 1 0 0 0 0 0 1 0 1
0 1 0 1 0 0 1 0 0 1 0 0 0 0 1 1
1 1 1 1 1 1 0 0 0 1 1 0 0 1 0 1
0 0 1 1 1 1 1 1 0 0 1 1 0 0 0 0
1 1 0 0 0 1 0 1 1 0 0 1 1 1 1 1
0 1 0 0 1 1 1 1 0 0 1 0 0 1 0 1
0 0 1 1 1 1 1 0 0 1 0 0 1 1 1 0
1 0 0 0 0 1 1 0 1 1 1 0 1 0 0 1
1 1 0 1 0 0 0 0 1 0 1 1 1 1 1 1
0 1 0 1 1 0 0 0 0 1 0 0 0 1 0 0
0 1 1 0 0 1 0 0 0 1 1 0 1 1 1 0
1 1 1 1 0 1 0 1 0 1 1 1 0 1 1 0
15 46 27 25 27 37 44 18 15 14 37 62 14 11 5 23
16 21 21 39 31 27 18 43 53 60 3 49 60 58 45 55
21 61 51 31 5 12 55 29 48 24 22 50 5 21 16 35
22 18 13 9 48 54 15 42 8 28 11 52 3 37 38 24
18 36 22 39 62 23 53 39 6 20 22 19 15 48 25 57
30 53 15 63 23 8 59 30 23 60 21 5 13 23 62 46
54 37 63 53 41 62 16 25 28 62 48 8 13 46 20 41
16 5 39 60 38 35 53 49 3 15 36 59 7 30 15 21
45 40 23 10 15 36 26 52 35 19 4 37 54 61 57 59
25 63 30 18 43 63 60 41 31 15 37 12 16 55 27 59
26 11 36 59 46 59 48 12 14 45 26 30 41 57 48 11
38 9 7 21 22 60 44 24 36 47 44 8 46 23 3 53
45 42 7 41 28 11 12 3 38 22 39 61 46 36 63 55
22 51 4 60 45 20 14 11 16 59 14 12 14 46 21 29
19 55 48 24 19 37 18 31 16 37 61 18 53 45 59 30
38 45 46 36 23 49 16 55 29 41 45 53 27 50 43 30
