0 1 0 1 1 0 1 1 0 0 0 1 1 1 1 1
0 1 1 1 1 1 1 0 1 0 0 1 0 1 0 1
0 0 0 0 1 0 1 0 0 1 1 0 0 0 1 1
1 1 1 1 1 0 0 1 1 0 1 1 1 0 0 0
0 0 1 0 1 1 1 0 1 1 0 0 0 0 1 0
1 1 1 1 1 1 0 0 1 0 0 0 0 1 0 1
0 0 1 0 1 1 0 0 1 1 1 1 0 0 1 1
0 1 1 0 0 0 0 0 1 1 0 1 1 1 0 0
0 1 1 0 0 0 1 1 1 0 0 1 1 1 0 0
0 0 1 1 0 1 0 0 0 1 1 0 1 1 0 0
1 0 0 1 0 0 0 0 0 1 1 1 1 1 0 1
0 1 0 1 0 1 0 0 1 0 0 1 1 1 0 0
0 0 1 1 0 1 0 0 0 1 1 0 1 0 0 1
1 1 1 1 1 0 0 0 1 1 1 1 1 1 1 1
0 0 1 0 0 0 0 1 1 1 1 1 0 0 0 1
0 0 1 1 0 1 1 0 1 1 0 1 0 0 0 1
15 50 23 53 36 5 40 35 13 17 10 43 47 56 55 61
21 57 37 44 57 49 44 22 37 16 29 63 26 44 18 52
21 16 8 10 63 28 53 18 31 55 35 22 18 4 62 50
59 38 45 60 51 30 14 59 50 30 48 52 57 6 16 27
7 7 49 25 57 40 48 8 40 51 9 8 30 26 45 21
36 43 42 42 57 53 8 29 42 15 8 22 7 63 4 59
31 21 54 7 49 44 26 20 57 39 61 59 4 5 63 49
15 53 56 17 6 27 5 26 49 50 15 60 35 51 30 28
12 36 59 14 15 16 56 36 53 21 19 59 63 52 15 21
21 16 52 56 30 37 26 15 7 58 53 4 49 58 25 24
44 14 14 38 8 12 8 12 28 50 43 51 38 57 13 40
20 53 28 62 22 51 18 8 54 22 7 57 40 57 22 21
18 14 56 48 8 52 25 5 6 63 60 4 41 18 22 55
36 50 61 52 59 7 27 23 63 57 45 41 57 58 38 61
25 5 42 26 24 7 3 50 41 57 38 39 14 14 18 59
24 11 57 42 19 52 52 12 37 48 12 45 5 24 22 46
