1 1 0 0 0 0 1 1 1 1 1 0 0 1 0 0
0 0 0 0 1 0 1 1 1 0 1 1 0 0 0 1
0 1 0 1 0 0 1 1 0 1 1 0 0 0 1 1
1 0 0 0 1 0 0 1 0 0 1 1 0 1 1 1
0 0 1 0 0 0 1 1 1 1 0 0 0 0 0 1
1 1 1 0 1 0 0 0 0 0 1 1 1 0 0 0
0 1 1 1 1 0 1 1 1 1 1 0 0 1 0 1
0 0 1 0 1 0 0 0 0 1 1 1 0 0 1 0
0 0 0 1 0 0 0 0 1 1 0 1 0 1 0 0
1 1 1 1 1 0 1 0 1 1 0 0 1 0 1 1
1 1 1 1 0 1 0 1 0 1 1 0 0 0 1 1
0 1 1 0 1 1 1 1 0 0 0 0 1 1 1 1
0 0 1 0 0 1 0 0 0 0 1 0 0 1 1 1
1 1 1 0 0 0 0 1 1 1 1 0 1 0 1 0
0 1 1 1 0 1 1 1 0 0 1 1 0 0 1 1
0 1 1 1 1 1 1 1 0 1 0 1 1 1 1 0
61 39 25 21 28 27 38 47 35 44 43 31 18 56 10 16
7 28 25 22 62 16 51 60 41 24 43 52 5 26 17 51
24 52 30 60 13 30 39 47 8 46 50 13 8 5 43 51
52 13 16 27 49 9 4 37 22 25 45 58 25 53 40 61
24 18 52 23 17 13 36 37 48 38 8 16 21 27 6 60
37 50 53 9 41 27 22 17 3 26 47 55 38 24 30 8
10 43 48 38 50 24 36 44 41 38 62 25 13 49 12 56
15 25 57 6 47 11 25 19 19 57 40 48 30 19 57 4
26 11 28 44 10 4 16 21 51 40 12 50 13 49 25 11
44 47 36 42 62 24 61 19 40 36 24 19 56 26 56 36
42 39 52 52 18 46 26 59 19 50 52 9 5 29 42 54
8 61 55 9 56 47 38 59 21 16 23 29 43 52 58 55
28 7 41 6 5 40 6 3 29 27 40 6 24 43 62 36
60 60 45 27 8 27 25 49 51 62 52 30 46 20 45 8
4 51 53 45 8 35 48 46 27 17 53 57 3 14 55 55
3 36 50 54 56 46 42 37 13 50 16 58 51 56 61 29
