0 1 1 0 1 0 0 0 1 0 0 0 0 1 1 0
1 1 0 1 0 1 1 0 0 0 0 0 0 1 1 1
0 1 1 0 1 1 0 1 1 1 1 1 1 1 1 0
0 0 0 1 1 1 1 0 0 0 0 1 1 0 0 0
1 0 1 0 1 0 1 1 0 0 1 1 1 0 1 1
1 1 1 1 0 1 0 0 0 1 0 0 1 1 0 1
0 1 0 1 1 0 1 1 0 1 0 0 0 0 0 0
1 1 1 1 0 0 0 1 0 0 1 0 1 0 0 0
0 0 0 0 0 1 1 1 1 1 0 0 1 1 0 1
1 1 1 1 1 0 0 0 1 0 1 0 1 1 0 1
1 1 1 0 0 1 1 1 0 0 0 0 1 0 1 0
0 0 0 1 0 1 0 0 0 1 1 0 0 0 1 1
1 0 0 1 1 1 0 1 0 1 0 0 1 0 0 0
0 0 1 0 0 0 1 1 0 0 1 1 0 1 1 1
0 0 1 1 1 1 1 1 1 0 0 1 0 0 0 1
1 1 0 1 1 0 1 0 0 1 1 0 0 0 0 1
24 60 38 23 59 17 16 5 51 11 16 23 19 42 45 24
48 37 4 42 16 44 35 4 4 20 21 21 28 40 45 47
4 43 53 26 38 55 8 46 59 62 41 38 58 36 48 13
8 10 24 40 59 53 50 25 25 22 30 63 58 3 23 19
38 15 49 15 42 13 46 57 8 29 44 49 48 21 44 60
61 44 58 63 14 56 23 28 14 46 25 17 40 40 28 54
28 44 23 60 44 12 59 47 24 51 8 22 9 25 27 11
58 54 38 56 7 22 29 62 7 3 41 24 61 3 13 19
21 3 30 8 9 56 42 44 58 39 13 17 63 58 14 41
61 54 44 55 63 23 29 25 56 31 38 17 45 56 12 39
35 50 59 30 8 63 37 63 20 3 7 10 59 24 54 27
20 20 31 49 6 40 24 24 22 41 44 12 13 3 58 57
37 28 26 46 53 62 8 63 15 39 5 9 44 19 24 23
13 14 54 24 27 8 58 58 27 4 51 45 17 39 63 57
31 25 38 49 62 44 56 47 43 31 27 38 17 13 12 39
56 56 27 36 48 31 60 5 8 60 39 17 16 20 5 36
