0 0 0 0 1 1 1 0 1 0 0 0 1 0 1 1
1 1 0 1 1 0 1 0 1 0 1 0 0 1 0 1
0 0 1 1 0 0 0 0 1 0 0 1 0 0 0 1
0 1 1 0 1 1 1 1 1 0 0 1 0 1 0 0
1 0 0 0 1 0 0 1 1 1 1 1 1 0 0 0
1 0 0 0 0 1 0 1 1 0 1 0 0 1 1 1
1 0 0 1 0 1 0 0 0 0 0 1 1 0 1 1
1 1 0 1 0 0 0 0 1 0 1 0 1 0 0 1
1 0 1 1 1 0 1 1 1 1 1 0 0 1 0 1
0 1 0 1 1 0 1 0 0 1 1 0 1 0 1 0
1 1 1 1 0 1 1 1 0 1 1 0 0 0 0 1
1 0 0 0 0 1 0 0 1 1 0 0 0 0 1 0
1 0 0 1 0 1 0 0 1 0 0 1 1 0 0 0
1 1 0 1 1 1 1 1 0 1 0 0 0 1 0 0
1 0 0 0 1 1 1 1 0 0 1 0 1 1 1 0
0 1 1 1 0 0 1 0 1 0 1 0 1 0 0 0
24 10 16 13 45 54 39 27 50 5 25 15 42 13 61 54
47 39 25 48 50 31 45 13 63 3 58 25 6 45 12 61
23 28 46 49 17 11 25 5 61 25 15 36 3 20 28 54
17 63 52 28 38 53 46 55 39 8 24 56 14 40 16 24
59 11 24 19 59 23 9 42 40 53 44 35 56 20 21 23
48 4 5 16 6 54 28 37 36 15 50 27 15 60 63 39
47 22 14 58 7 57 14 24 21 20 31 45 62 15 58 50
58 43 10 54 8 21 25 16 62 9 39 25 61 6 14 59
54 16 62 42 51 13 37 39 57 54 39 6 6 62 31 40
11 59 11 51 61 30 44 30 24 39 35 11 62 31 52 26
51 43 40 52 24 47 35 53 24 45 41 19 14 15 31 50
43 13 26 28 3 36 28 30 49 42 12 12 27 23 37 17
55 16 21 43 13 39 30 19 55 18 18 51 37 16 21 21
51 46 13 54 61 51 47 62 21 45 20 27 14 35 19 19
36 12 12 31 52 54 51 62 25 22 35 7 57 56 43 7
7 57 49 38 7 28 43 25 48 7 45 8 54 8 12 13
