0 0 1 0 0 1 0 0 1 1 1 1 1 0 0 0
0 0 1 1 0 0 1 0 1 1 0 1 0 0 1 0
0 0 1 0 1 1 0 0 0 0 1 0 1 1 1 0
1 1 1 1 1 1 1 0 1 1 1 0 0 1 0 1
1 0 0 1 1 1 0 0 1 1 0 0 0 1 0 1
0 0 1 1 0 0 0 1 0 1 0 1 1 0 1 1
0 0 0 0 0 1 1 0 0 1 0 0 0 0 1 1
0 1 0 1 0 0 0 0 1 0 0 1 1 0 0 1
0 0 0 1 1 0 0 0 0 0 0 1 1 0 0 0
0 1 1 1 1 0 0 1 0 0 1 0 1 1 0 0
0 1 1 1 1 0 1 0 0 0 0 1 1 1 1 1
1 1 1 0 0 1 1 0 1 0 1 1 1 1 1 1
1 0 1 0 1 1 0 1 1 0 1 0 0 1 0 1
1 0 1 1 0 1 1 1 1 1 0 0 0 1 0 0
1 1 0 0 0 1 0 1 0 0 1 1 1 0 0 0
1 0 1 0 0 1 0 0 0 0 0 1 1 1 1 0
16 15 38 28 15 36 3 19 38 56 58 54 47 18 30 9
30 14 38 48 10 20 40 7 58 35 29 54 6 26 56 31
16 11 47 15 51 35 24 3 14 14 44 25 43 63 42 12
49 37 58 61 52 43 44 10 60 38 56 9 27 43 30 46
58 11 26 35 48 52 21 29 48 36 7 8 11 60 27 43
12 24 53 57 22 3 14 39 18 48 26 41 36 26 43 41
10 6 22 18 23 53 62 25 23 48 17 13 15 17 40 52
12 37 16 42 4 23 28 14 39 27 31 47 41 19 13 60
13 16 11 41 47 8 6 19 9 16 24 52 59 31 21 21
3 46 37 45 56 8 25 60 17 22 60 30 37 51 4 12
25 38 61 48 52 11 57 8 6 19 30 62 50 42 55 44
58 47 61 31 22 47 36 24 47 17 62 60 59 62 36 37
48 19 43 5 46 50 28 38 55 24 54 25 7 49 13 51
35 27 39 43 9 43 53 42 39 50 26 19 24 62 21 12
52 54 9 10 18 39 30 35 13 22 61 61 43 11 9 18
57 17 40 12 5 52 26 3 27 10 29 51 58 47 61 4
