1 1 0 0 1 1 0 0 1 0 0 1 0 0 1 1
1 0 0 0 0 1 0 1 0 0 0 0 0 0 1 1
0 0 0 0 1 1 1 1 1 0 0 1 0 1 1 0
0 0 1 1 1 1 0 0 0 1 1 1 0 1 0 0
1 1 1 1 1 0 1 1 0 1 1 1 1 0 0 0
1 0 1 1 0 1 1 0 1 0 0 0 0 0 0 1
1 1 0 1 1 1 0 0 0 1 1 1 0 0 0 0
0 1 1 1 0 0 1 1 1 0 0 1 1 1 0 1
1 1 0 0 1 0 1 1 1 1 1 0 1 1 1 0
1 1 1 0 0 0 0 1 0 1 1 1 1 1 0 0
1 1 1 0 0 1 0 0 1 1 1 0 0 0 0 1
0 1 1 1 1 1 0 0 1 0 0 0 1 1 1 0
1 0 0 0 0 0 0 0 1 0 1 1 1 1 0 0
1 1 1 1 0 1 1 1 1 0 1 0 1 0 0 1
1 1 1 1 0 0 0 0 1 1 0 0 0 1 0 1
1 1 0 0 0 0 0 0 1 0 1 1 1 0 0 0
60 48 21 7 55 51 19 12 39 19 9 42 11 5 37 46
44 10 26 30 22 53 11 58 14 5 13 24 27 13 35 45
5 25 30 27 38 50 39 63 36 20 15 59 27 56 37 24
19 23 40 45 63 57 11 7 14 58 47 41 18 61 4 14
38 41 52 41 55 13 44 39 5 63 53 61 48 25 3 13
63 14 43 49 8 56 51 13 59 22 30 31 18 28 23 57
40 42 17 60 59 36 7 11 6 36 63 36 27 5 31 14
20 39 55 38 9 19 47 40 59 12 8 46 60 41 15 57
42 35 19 25 54 30 57 47 56 54 63 16 57 35 58 17
60 59 56 29 8 19 25 56 5 36 45 52 49 37 7 13
52 53 39 16 27 40 23 24 36 44 42 12 7 6 13 56
3 63 45 47 52 52 13 19 47 28 16 15 52 47 37 9
47 11 26 12 12 14 21 5 36 31 38 44 41 47 19 9
53 58 57 55 11 52 39 61 52 14 50 30 49 4 10 43
63 62 43 50 15 12 17 20 46 49 19 8 4 57 10 48
41 49 9 23 9 14 22 24 42 19 45 49 39 14 6 7
