1 0 0 0 1 1 1 1 0 0 0 1 0 0 0 0
0 0 0 0 0 1 1 1 1 0 1 0 0 1 1 1
1 1 1 0 1 0 0 0 0 0 0 0 0 0 1 1
0 1 0 0 1 0 1 1 1 0 1 1 1 0 0 0
1 0 0 1 0 0 1 1 0 1 0 1 1 1 0 0
0 0 0 1 1 0 0 1 1 0 1 0 1 1 1 0
1 0 1 1 0 0 1 0 1 1 1 0 0 0 1 0
0 0 1 1 0 1 0 0 1 0 1 1 0 0 0 1
0 0 0 1 0 0 1 0 0 0 0 0 0 1 1 1
0 1 1 1 0 0 1 0 1 0 0 1 0 0 0 1
0 1 1 1 0 0 1 0 0 0 0 0 0 0 1 1
1 1 1 0 1 1 0 1 0 0 1 0 0 1 0 0
0 0 0 0 0 1 1 0 1 1 1 0 0 0 0 0
0 1 0 0 1 0 0 1 1 0 1 1 1 0 1 0
1 0 1 1 0 0 1 0 1 1 0 0 0 1 0 1
1 0 1 1 1 1 1 1 1 0 1 1 1 0 1 1
46 28 7 16 37 36 51 52 14 23 10 39 17 22 3 26
13 9 10 13 16 57 53 41 53 25 47 29 28 62 35 55
50 48 48 18 56 3 26 15 14 26 22 30 28 18 35 45
12 62 11 22 54 3 57 63 44 8 48 50 38 24 25 23
39 22 3 47 25 10 49 42 30 59 21 35 61 58 21 6
21 9 24 57 40 20 17 42 35 6 53 21 56 40 54 20
45 12 55 46 18 28 41 19 62 37 35 7 8 16 38 9
27 20 46 40 29 47 28 12 38 14 50 45 16 10 16 56
22 20 16 39 10 17 56 5 15 24 10 12 30 61 50 38
14 57 61 36 13 8 56 14 56 28 6 63 15 7 28 40
27 46 51 46 25 18 52 30 16 10 20 20 26 16 45 60
39 53 63 26 51 59 4 44 18 4 61 26 22 38 8 29
14 19 9 26 18 46 35 6 60 56 58 25 25 25 15 15
30 41 18 10 54 30 7 57 39 18 55 36 61 27 62 10
35 22 51 50 11 16 53 16 37 36 21 26 17 37 28 42
59 23 41 57 42 48 40 50 57 29 60 47 62 23 41 45
