0 1 0 0 1 0 1 0 1 1 0 0 0 0 0 1
1 1 0 0 1 0 0 0 1 0 1 1 0 1 0 1
1 1 0 0 1 1 1 1 1 1 0 1 0 0 0 1
1 1 0 1 0 0 1 1 1 0 0 0 0 0 1 0
0 1 1 0 0 1 1 1 1 1 1 1 1 0 1 0
1 0 0 1 1 0 0 0 1 0 0 0 1 1 0 1
1 0 0 0 1 1 0 0 1 1 0 0 1 0 1 1
0 0 1 0 0 1 1 1 1 0 1 0 0 1 0 1
0 0 0 1 1 1 1 0 0 0 1 0 1 1 0 1
1 0 1 0 1 0 0 1 1 1 1 1 0 0 0 1
1 1 1 0 0 1 1 0 1 0 1 1 0 1 1 1
1 1 1 0 1 1 0 1 1 0 0 1 0 1 1 1
0 0 0 0 1 1 1 1 1 0 1 0 0 0 1 0
1 1 1 1 0 1 1 0 0 1 1 1 1 0 0 0
1 1 1 1 1 0 0 0 1 0 1 1 1 0 1 0
1 1 0 0 1 1 0 1 1 1 0 1 1 0 0 1
19 49 31 11 54 14 41 11 40 46 30 22 5 29 26 42
59 52 17 24 52 7 16 13 38 19 63 37 20 57 19 38
51 50 24 15 58 62 44 59 47 61 3 60 27 16 26 45
51 36 20 59 20 12 48 41 38 15 12 13 28 4 45 21
12 47 51 17 12 52 44 61 44 46 38 46 40 6 37 6
63 12 26 52 52 15 12 27 50 18 10 15 39 38 19 52
49 13 18 25 59 44 25 27 48 51 11 3 35 4 55 53
24 5 40 24 17 54 37 61 36 25 58 11 17 37 3 37
22 7 24 59 43 47 51 13 5 26 44 20 53 47 12 46
47 22 57 5 44 8 24 39 55 42 61 45 14 11 20 41
52 63 60 13 8 58 48 11 57 14 40 38 7 56 45 50
37 63 63 4 55 62 4 47 43 17 28 62 17 58 43 59
6 8 7 5 48 53 60 40 35 24 55 7 11 18 62 31
46 59 43 57 11 61 35 10 8 60 40 36 43 28 20 8
52 43 60 42 58 6 13 16 41 8 57 62 48 18 50 29
47 62 10 5 37 62 4 50 50 51 24 63 46 11 22 42
