0 1 1 0 0 1 1 1 1 1 0 1 0 1 1 0
1 0 0 0 0 0 0 1 1 0 1 0 1 0 0 1
1 1 1 0 0 1 1 0 0 1 1 0 0 1 0 0
0 0 1 0 1 1 0 1 0 0 0 0 1 1 0 1
1 1 0 0 0 0 1 1 1 0 0 0 1 1 0 0
1 0 1 1 1 1 0 0 1 1 0 0 0 1 0 1
1 1 0 1 1 0 0 1 0 0 0 1 1 1 0 1
0 1 1 1 1 1 1 0 0 1 0 0 0 1 1 1
1 0 1 0 1 0 1 0 0 0 1 1 0 0 1 0
0 0 1 1 1 1 1 0 1 0 1 1 1 1 0 1
1 0 0 1 0 0 0 0 0 0 0 0 1 0 0 0
0 1 0 1 1 1 0 1 0 0 0 1 0 1 0 0
1 1 0 1 0 1 1 1 1 0 1 1 0 1 1 0
0 1 0 1 0 0 1 0 1 0 0 1 0 1 0 1
1 1 1 0 1 1 1 0 1 0 1 0 0 0 0 1
1 0 0 1 1 1 1 0 0 0 1 0 0 0 1 1
11 60 53 8 17 39 45 63 36 43 5 59 28 37 50 17
46 26 25 22 16 3 11 52 50 14 61 23 52 26 18 45
59 43 47 21 18 57 37 26 14 37 49 13 8 56 27 15
8 5 36 7 63 48 27 42 22 25 13 22 42 47 16 41
37 44 23 10 19 16 45 48 41 17 9 28 49 53 7 20
52 3 63 60 47 53 19 29 36 63 17 9 18 58 3 63
55 42 14 38 52 11 19 50 6 31 25 36 59 60 16 45
23 52 41 48 50 42 38 10 29 48 9 8 26 40 57 38
60 18 35 31 41 27 62 3 12 11 41 49 5 30 54 19
26 14 56 55 54 58 63 28 52 10 61 43 56 47 14 44
36 20 30 63 16 18 18 16 17 19 14 5 37 13 30 28
13 49 24 51 37 54 12 41 15 7 7 35 29 63 11 25
38 39 5 37 6 58 35 53 48 5 55 56 31 35 55 4
17 40 13 60 17 5 60 28 63 12 19 56 24 53 14 61
41 58 59 14 39 38 47 23 44 5 36 9 24 11 24 47
59 12 11 62 48 42 53 4 30 31 44 28 21 21 51 37
