1 0 1 1 0 0 0 1 0 1 1 1 1 0 1 1
0 0 0 0 0 1 0 0 1 1 1 1 1 1 1 1
1 1 1 1 0 0 1 1 1 0 0 1 0 0 0 1
1 1 1 1 1 1 0 0 0 1 0 1 0 1 0 0
1 0 1 1 1 1 0 1 0 1 0 1 1 0 1 0
1 1 1 0 1 1 1 0 1 0 0 1 0 0 1 1
1 1 1 1 0 1 0 0 0 1 0 1 1 1 1 0
1 1 0 0 0 1 1 0 1 1 0 1 0 0 0 1
0 0 1 0 1 1 0 0 0 0 0 0 1 0 0 1
0 0 0 1 0 0 0 0 1 1 1 0 1 0 0 1
1 1 0 1 1 0 1 1 0 1 0 1 0 1 0 1
0 1 0 1 1 1 0 1 1 1 1 0 0 0 0 0
0 1 1 1 0 0 1 1 0 1 1 0 1 0 0 0
1 1 0 1 1 0 0 1 1 0 0 1 1 1 0 1
1 0 0 1 0 1 1 0 1 1 1 0 0 0 0 1
0 0 0 1 0 1 1 0 1 1 0 1 1 0 1 1
59 20 61 35 16 11 25 44 7 42 55 46 63 31 52 63
31 14 31 11 27 58 27 11 50 44 61 58 56 46 53 54
45 53 46 51 7 30 38 61 49 16 26 36 11 12 29 52
45 42 52 50 47 57 7 28 30 41 14 62 16 56 23 7
41 21 38 38 43 62 6 61 3 36 7 56 62 28 40 11
61 52 52 31 49 63 47 11 50 8 27 43 29 20 57 38
62 51 62 48 15 55 5 15 20 58 4 47 62 59 41 26
39 56 30 26 7 47 51 26 63 46 21 46 15 27 26 61
17 20 47 28 54 39 9 27 8 11 24 11 59 27 17 39
22 20 26 40 18 25 19 6 58 45 46 23 40 15 24 59
49 39 10 54 52 17 60 42 15 53 23 41 16 53 19 39
22 42 15 45 49 54 25 59 54 41 43 13 20 31 23 27
14 54 56 61 6 17 51 48 21 45 55 3 44 24 19 14
55 57 18 53 54 28 17 35 53 10 5 58 47 61 3 50
62 9 14 41 21 55 50 18 61 41 37 22 20 23 21 55
12 31 15 49 25 53 53 8 38 44 12 45 35 20 42 36
