0 1 1 1 1 0 0 1 0 0 1 0 0 0 1 0
1 0 1 0 1 1 1 1 0 1 0 1 1 0 0 0
0 0 0 1 1 1 1 1 0 0 1 1 0 0 1 1
0 1 1 0 0 0 1 1 1 0 0 0 1 0 1 0
0 1 1 0 0 1 0 0 1 1 0 0 0 0 1 0
0 1 1 0 0 0 0 0 1 1 1 0 1 0 0 0
1 0 0 1 0 1 1 1 1 1 0 1 0 1 0 0
0 0 0 0 0 0 1 1 1 1 0 1 0 0 0 0
1 1 1 0 0 1 0 0 1 0 0 1 0 1 1 1
0 1 1 0 1 1 0 0 0 0 0 1 1 1 1 0
0 0 1 0 1 0 0 0 0 1 1 1 1 1 1 0
0 0 1 0 0 1 0 0 0 1 1 1 0 0 1 1
1 1 1 0 1 1 0 1 1 0 0 1 0 0 1 1
1 1 0 0 1 0 1 1 0 1 0 0 0 0 1 0
1 0 0 0 1 0 1 1 0 1 1 0 0 1 0 0
1 1 1 1 0 1 1 1 1 0 1 1 0 1 0 0
5 37 51 42 50 28 9 35 6 16 57 5 24 5 39 22
57 21 47 16 45 36 39 59 24 37 25 42 46 31 27 6
8 8 30 45 40 46 45 59 26 27 40 63 13 19 55 37
8 54 63 28 27 19 46 55 40 18 31 6 38 16 56 27
25 47 62 13 30 35 23 26 41 46 3 26 19 7 50 9
30 36 42 11 17 12 10 13 44 55 56 5 57 27 19 10
44 12 11 61 29 44 45 46 60 51 24 37 12 37 20 28
15 16 15 27 22 30 39 51 61 59 17 42 24 15 8 23
62 43 62 26 25 38 29 27 41 9 8 54 26 54 59 40
16 63 43 31 50 35 30 7 21 6 11 53 55 49 63 31
31 14 54 20 57 25 21 9 23 63 51 61 42 48 48 15
18 6 46 22 25 46 12 20 27 58 40 41 20 22 39 36
42 50 58 7 43 41 8 41 56 10 26 44 12 11 35 40
47 61 17 25 58 6 51 47 11 59 11 12 22 10 40 19
45 4 12 10 54 3 44 37 18 36 41 18 21 46 28 28
35 60 35 53 21 38 61 60 57 10 47 40 24 60 4 3
