1 1 1 0 1 0 0 0 1 0 1 0 0 0 0 0
0 0 0 0 1 0 0 1 0 1 1 0 1 1 0 1
1 1 1 1 1 1 0 0 0 1 0 1 0 0 0 1
0 1 1 0 1 1 1 0 0 0 1 0 1 1 0 1
0 1 1 1 1 1 1 0 0 0 0 1 0 1 1 0
1 1 1 0 0 0 0 0 1 1 1 1 0 1 0 0
0 0 1 1 1 1 1 0 0 0 1 1 0 0 1 1
0 1 0 0 1 1 0 1 0 1 1 0 1 0 0 1
0 0 1 1 1 0 1 1 1 0 0 0 1 0 0 1
1 1 1 0 1 0 1 0 1 0 0 1 0 0 0 0
1 0 1 0 0 0 1 1 0 0 1 0 0 1 0 0
1 1 1 1 0 1 1 0 0 0 0 0 1 0 1 1
0 1 1 0 0 1 1 1 1 1 0 1 1 0 1 0
1 0 0 0 1 0 1 1 1 0 0 1 0 1 0 1
0 0 0 1 0 0 1 1 1 1 1 1 1 0 1 0
0 1 0 1 0 0 0 1 1 1 0 1 0 1 0 0
39 50 58 24 56 27 29 19 52 27 46 13 22 17 11 20
29 24 28 17 38 3 7 57 11 40 61 12 55 46 4 40
36 37 63 54 62 36 14 15 9 55 31 55 14 28 27 38
25 45 59 21 52 58 58 22 3 4 45 10 51 60 10 42
7 36 55 37 55 52 43 31 5 7 18 40 6 41 43 12
56 59 50 30 6 26 23 21 62 61 38 50 16 39 23 30
20 31 44 49 60 57 42 5 29 3 63 37 31 21 38 38
21 49 30 25 52 50 14 49 24 47 40 26 37 8 19 48
22 25 63 50 45 23 59 48 61 14 20 15 54 6 21 63
46 45 58 11 45 19 44 21 41 19 13 35 24 27 20 16
37 10 50 13 20 28 60 54 27 13 44 15 22 36 9 6
42 58 62 35 26 38 58 19 20 21 10 18 45 11 37 45
3 41 40 22 13 47 39 41 40 45 4 47 59 18 46 12
41 11 15 16 52 18 43 54 41 8 12 50 7 49 29 35
13 9 22 62 29 13 52 51 57 51 41 40 40 22 52 26
11 36 7 50 15 25 28 42 42 61 23 52 21 63 14 27
