1 1 0 1 0 0 1 1 1 0 0 1 0 1 1 1
0 0 0 0 0 1 0 0 1 1 1 0 1 1 0 0
0 1 0 0 1 0 0 1 1 0 1 1 0 1 1 1
0 0 0 0 0 1 1 1 0 1 1 1 0 0 1 0
0 0 0 0 1 1 0 0 1 1 1 0 0 0 1 0
0 0 0 0 1 1 1 0 1 1 1 0 0 1 1 1
1 0 1 0 1 0 0 1 1 0 1 1 1 1 0 0
1 0 1 0 1 0 0 0 0 1 1 0 1 0 1 0
0 0 1 1 0 1 1 0 0 1 1 0 1 0 1 1
0 1 1 1 0 0 0 1 0 0 0 1 0 1 1 1
0 1 1 0 1 1 1 1 0 0 1 1 0 1 0 1
0 1 1 0 0 0 0 1 1 1 0 1 1 1 0 1
0 0 0 0 1 0 1 1 1 1 1 0 1 1 1 1
0 1 1 0 0 0 1 1 1 0 1 0 1 1 1 0
0 1 0 0 0 0 1 0 1 0 0 1 0 0 0 1
1 0 0 1 0 1 0 1 0 0 1 0 1 0 0 1
63 46 16 55 18 16 50 53 61 24 8 54 8 46 41 42
31 9 31 6 29 58 11 9 63 57 56 18 42 57 16 16
10 60 31 14 58 30 21 51 50 6 54 59 10 62 50 39
8 21 11 6 15 35 61 57 25 49 60 57 16 3 60 28
29 29 16 20 41 51 18 24 48 52 37 3 23 10 48 4
16 18 29 31 40 46 36 29 50 38 54 24 27 36 54 45
57 27 48 11 63 27 13 51 35 31 61 46 54 38 23 9
52 24 50 21 40 25 25 11 13 58 44 27 51 16 55 9
28 27 42 60 19 61 63 6 19 46 50 26 58 13 49 60
17 51 54 45 22 28 13 45 17 18 20 42 30 55 63 61
9 54 58 15 41 41 57 60 29 5 35 56 26 44 19 62
21 55 47 15 3 11 14 47 46 55 15 43 49 52 18 54
15 6 21 22 39 25 51 54 57 50 51 19 47 47 60 43
28 42 35 13 10 22 36 35 35 16 37 13 59 47 41 31
3 62 25 22 6 24 53 18 61 19 27 56 28 29 10 51
43 12 5 46 11 59 17 37 6 16 41 30 36 18 14 35
