1 1 0 0 0 0 0 0 1 1 0 0 0 1 1 0
0 1 1 1 0 1 1 0 1 0 0 1 0 0 0 1
0 1 0 1 0 0 0 1 1 0 1 1 1 0 1 1
0 1 1 0 1 1 0 1 1 0 1 1 1 0 0 0
1 0 0 0 1 1 0 1 0 0 0 1 0 1 1 0
0 1 1 1 1 0 0 0 1 1 0 0 0 1 0 0
0 1 1 1 1 1 0 0 0 1 0 1 1 0 1 1
0 0 1 1 0 0 1 0 0 0 1 1 1 0 1 1
0 0 0 0 1 0 1 0 1 1 1 1 0 1 1 0
1 0 0 1 1 0 1 0 1 1 0 0 1 0 1 1
1 0 0 0 0 1 1 1 1 0 0 1 0 0 0 1
1 1 1 1 1 0 0 1 0 1 0 1 0 1 0 0
1 0 1 1 0 0 0 0 0 0 1 1 1 1 0 0
1 0 0 0 1 1 1 1 1 0 1 0 0 1 0 0
1 1 1 1 1 0 1 0 1 0 0 0 1 1 1 0
1 0 0 1 1 0 0 1 1 0 0 1 1 0 1 1
42 53 4 7 25 13 8 8 55 48 15 13 15 57 59 5
29 59 36 58 16 47 37 16 45 7 29 45 14 5 3 51
25 51 18 58 11 7 5 55 50 14 43 55 36 20 38 52
15 38 63 30 54 56 3 61 47 6 35 35 36 31 17 23
45 7 22 18 53 50 9 62 21 22 7 55 27 62 36 20
6 42 42 35 61 8 4 25 45 62 5 17 9 39 30 24
31 45 49 54 40 44 3 8 20 54 27 61 60 11 49 53
23 27 46 50 5 5 52 8 22 3 57 47 58 6 45 54
31 5 26 21 52 9 35 25 48 46 52 43 28 49 41 22
44 20 30 38 52 14 41 30 35 62 8 23 50 12 55 48
63 22 4 14 6 43 35 49 59 4 24 63 31 14 10 44
38 45 49 47 39 8 29 42 10 58 29 58 21 63 29 28
57 7 57 46 10 18 15 7 5 3 52 52 51 48 15 4
61 26 22 21 40 55 40 52 61 10 46 11 6 55 28 18
54 58 40 57 59 24 39 10 46 12 30 25 52 45 40 3
36 25 21 43 58 28 17 43 37 20 21 49 46 10 45 40
