0 0 0 0 0 0 0 0 0 0 0 0 0 0 0 0
0 0 0 0 0 0 0 0 0 0 0 0 0 0 0 0
0 0 0 0 0 0 0 0 0 0 0 0 0 0 0 0
0 0 0 0 0 0 0 0 0 0 0 0 0 0 0 0
0 0 0 0 0 0 0 0 0 0 0 0 0 0 0 0
0 0 0 0 0 0 0 0 0 0 0 0 0 0 0 0
0 0 0 0 0 0 0 0 0 0 0 0 0 0 0 0
0 0 0 0 0 0 0 0 0 0 0 0 0 0 0 0
1 1 1 1 1 1 1 1 1 1 1 1 1 1 1 1
1 1 1 1 1 1 1 1 1 1 1 1 1 1 1 1
1 1 1 1 1 1 1 1 1 1 1 1 1 1 1 1
1 1 1 1 1 1 1 1 1 1 1 1 1 1 1 1
1 1 1 1 1 1 1 1 1 1 1 1 1 1 1 1
1 1 1 1 1 1 1 1 1 1 1 1 1 1 1 1
1 1 1 1 1 1 1 1 1 1 1 1 1 1 1 1
1 1 1 1 1 1 1 1 1 1 1 1 1 1 1 1
31 23 12 15 25 19 29 7 14 27 16 5 4 23 24 21
15 12 11 8 22 5 9 17 29 9 5 19 29 28 11 4
21 10 16 23 21 8 13 8 26 31 15 3 19 11 25 22
6 28 13 18 6 11 17 19 17 16 23 29 14 19 23 31
23 22 23 9 14 31 20 28 24 24 19 28 11 7 29 28
7 17 17 26 13 21 6 24 6 25 7 15 25 29 5 17
8 20 10 14 26 28 3 6 10 18 3 25 12 15 22 31
5 12 27 9 25 28 12 26 11 25 24 6 26 21 27 11
40 54 52 36 62 37 59 38 52 54 63 38 40 43 52 41
50 53 51 49 53 46 43 55 60 49 59 49 50 53 53 45
53 49 36 36 49 60 51 48 56 58 59 50 35 35 53 63
62 61 42 47 51 62 53 53 53 45 45 35 62 58 40 51
61 38 63 49 49 37 59 59 48 59 47 40 39 39 55 49
45 46 56 51 47 49 53 44 50 58 61 62 36 62 53 41
41 41 45 35 43 57 45 49 38 41 39 57 61 37 41 60
57 57 59 55 59 46 60 60 59 53 42 49 55 47 40 39
