0 0 0 0 0 0 0 0 0 0 0 0 0 0 0 0
0 0 0 0 0 0 0 0 0 0 0 0 0 0 0 0
0 0 0 0 0 0 0 0 0 0 0 0 0 0 0 0
0 0 0 0 0 0 0 0 0 0 0 0 0 0 0 0
0 0 0 0 0 0 0 0 0 0 0 0 0 0 0 0
0 0 0 0 0 0 0 0 0 0 0 0 0 0 0 0
0 0 0 0 0 0 0 0 0 0 0 0 0 0 0 0
0 0 0 0 0 0 0 0 0 0 0 0 0 0 0 0
1 1 1 1 1 1 1 1 1 1 1 1 1 1 1 1
1 1 1 1 1 1 1 1 1 1 1 1 1 1 1 1
1 1 1 1 1 1 1 1 1 1 1 1 1 1 1 1
1 1 1 1 1 1 1 1 1 1 1 1 1 1 1 1
1 1 1 1 1 1 1 1 1 1 1 1 1 1 1 1
1 1 1 1 1 1 1 1 1 1 1 1 1 1 1 1
1 1 1 1 1 1 1 1 1 1 1 1 1 1 1 1
1 1 1 1 1 1 1 1 1 1 1 1 1 1 1 1
11 15 28 23 21 12 21 28 7 24 26 28 11 10 30 24
7 19 4 3 8 30 16 20 18 18 24 21 31 27 30 6
20 17 6 20 14 19 10 25 19 29 14 7 9 14 20 7
16 22 7 4 10 26 18 4 26 21 30 30 13 14 4 16
20 10 21 14 21 20 14 19 24 22 21 16 5 28 15 29
5 20 29 5 11 4 31 10 14 25 30 19 23 3 9 23
3 10 3 27 16 12 11 20 16 12 24 10 4 5 31 28
13 17 3 25 15 6 23 30 27 18 11 7 29 10 13 12
52 51 36 50 41 60 59 36 62 56 37 59 47 49 58 45
49 54 46 45 37 43 55 48 49 44 48 37 37 50 54 37
63 40 39 56 38 56 56 52 39 35 35 48 46 45 36 54
58 49 43 62 54 58 42 41 40 62 47 41 42 35 52 62
54 50 62 39 59 49 62 38 57 44 50 41 60 61 49 37
45 61 47 36 48 58 63 56 47 40 36 44 59 47 50 43
39 55 35 51 63 54 56 61 37 63 37 52 41 43 58 55
37 40 40 42 43 43 53 40 41 45 50 42 62 43 59 61
