0 0 0 0 0 0 0 0 0 0 0 0 0 0 0 0
0 0 0 0 0 0 0 0 0 0 0 0 0 0 0 0
0 0 0 0 0 0 0 0 0 0 0 0 0 0 0 0
0 0 0 0 0 0 0 0 0 0 0 0 0 0 0 0
0 0 0 0 0 0 0 0 0 0 0 0 0 0 0 0
0 0 0 0 0 0 0 0 0 0 0 0 0 0 0 0
0 0 0 0 0 0 0 0 0 0 0 0 0 0 0 0
0 0 0 0 0 0 0 0 0 0 0 0 0 0 0 0
1 1 1 1 1 1 1 1 1 1 1 1 1 1 1 1
1 1 1 1 1 1 1 1 1 1 1 1 1 1 1 1
1 1 1 1 1 1 1 1 1 1 1 1 1 1 1 1
1 1 1 1 1 1 1 1 1 1 1 1 1 1 1 1
1 1 1 1 1 1 1 1 1 1 1 1 1 1 1 1
1 1 1 1 1 1 1 1 1 1 1 1 1 1 1 1
1 1 1 1 1 1 1 1 1 1 1 1 1 1 1 1
1 1 1 1 1 1 1 1 1 1 1 1 1 1 1 1
16 24 16 4 11 11 21 21 15 19 28 27 17 31 17 18
11 14 7 22 12 3 26 27 16 21 8 26 11 29 4 8
6 24 22 28 22 17 30 3 8 14 6 22 13 30 23 17
19 25 11 11 22 14 18 17 29 11 27 22 14 12 27 10
3 21 27 4 8 18 25 29 5 8 15 29 10 18 4 5
4 11 6 25 22 5 8 10 11 30 27 6 29 25 19 9
14 3 24 12 29 18 12 6 3 3 23 7 21 4 6 19
30 15 25 14 22 30 30 27 13 4 20 8 3 26 11 7
58 62 38 47 53 56 54 42 49 63 39 53 49 57 36 63
54 40 47 60 54 48 63 48 35 58 52 61 55 62 43 52
59 48 58 42 58 40 49 39 60 39 51 39 52 36 56 40
49 42 53 60 60 37 56 35 45 36 42 44 39 58 54 46
58 46 54 40 53 36 60 40 51 54 37 44 44 54 60 48
62 46 46 44 62 44 55 51 44 59 47 39 39 35 56 44
57 63 49 61 56 38 51 37 51 54 50 47 38 51 49 57
40 46 60 38 57 59 50 41 60 59 61 53 61 38 59 41
