0 0 0 0 0 0 0 0 0 0 0 0 0 0 0 0
0 0 0 0 0 0 0 0 0 0 0 0 0 0 0 0
0 0 0 0 0 0 0 0 0 0 0 0 0 0 0 0
0 0 0 0 0 0 0 0 0 0 0 0 0 0 0 0
0 0 0 0 0 0 0 0 0 0 0 0 0 0 0 0
0 0 0 0 0 0 0 0 0 0 0 0 0 0 0 0
0 0 0 0 0 0 0 0 0 0 0 0 0 0 0 0
0 0 0 0 0 0 0 0 0 0 0 0 0 0 0 0
1 1 1 1 1 1 1 1 1 1 1 1 1 1 1 1
1 1 1 1 1 1 1 1 1 1 1 1 1 1 1 1
1 1 1 1 1 1 1 1 1 1 1 1 1 1 1 1
1 1 1 1 1 1 1 1 1 1 1 1 1 1 1 1
1 1 1 1 1 1 1 1 1 1 1 1 1 1 1 1
1 1 1 1 1 1 1 1 1 1 1 1 1 1 1 1
1 1 1 1 1 1 1 1 1 1 1 1 1 1 1 1
1 1 1 1 1 1 1 1 1 1 1 1 1 1 1 1
17 15 28 20 31 5 3 29 18 26 7 25 12 26 6 6
17 10 8 3 9 8 13 9 7 12 29 30 8 7 11 31
21 15 11 20 23 28 8 13 13 27 25 30 30 13 23 17
26 26 24 7 11 21 31 9 27 5 29 13 18 29 14 14
10 28 7 24 24 26 28 13 21 26 5 24 26 17 13 17
9 5 31 30 7 15 3 9 12 31 21 30 10 20 22 8
8 17 22 24 23 9 20 8 31 29 7 20 10 12 14 17
15 15 31 4 23 12 21 16 4 16 23 28 16 4 19 31
62 55 58 36 62 53 35 40 55 35 49 56 47 40 46 61
38 63 46 62 62 36 63 45 42 61 54 46 54 47 38 36
47 52 60 51 54 40 48 63 48 56 37 48 43 49 63 63
36 63 62 45 43 61 49 45 62 37 50 50 57 61 57 57
43 48 50 50 60 56 61 47 50 50 52 36 62 36 60 51
54 35 52 44 47 55 53 41 44 36 56 38 60 37 36 39
44 35 63 44 43 59 53 43 55 52 42 50 47 36 42 63
42 37 50 49 37 57 49 49 49 40 59 49 46 46 38 43
