0 0 0 0 0 0 0 0 0 0 0 0 0 0 0 0
0 0 0 0 0 0 0 0 0 0 0 0 0 0 0 0
0 0 0 0 0 0 0 0 0 0 0 0 0 0 0 0
0 0 0 0 0 0 0 0 0 0 0 0 0 0 0 0
0 0 0 0 0 0 0 0 0 0 0 0 0 0 0 0
0 0 0 0 0 0 0 0 0 0 0 0 0 0 0 0
0 0 0 0 0 0 0 0 0 0 0 0 0 0 0 0
0 0 0 0 0 0 0 0 0 0 0 0 0 0 0 0
1 1 1 1 1 1 1 1 1 1 1 1 1 1 1 1
1 1 1 1 1 1 1 1 1 1 1 1 1 1 1 1
1 1 1 1 1 1 1 1 1 1 1 1 1 1 1 1
1 1 1 1 1 1 1 1 1 1 1 1 1 1 1 1
1 1 1 1 1 1 1 1 1 1 1 1 1 1 1 1
1 1 1 1 1 1 1 1 1 1 1 1 1 1 1 1
1 1 1 1 1 1 1 1 1 1 1 1 1 1 1 1
1 1 1 1 1 1 1 1 1 1 1 1 1 1 1 1
26 18 28 5 28 10 28 7 15 8 19 22 26 5 9 8
24 26 18 24 4 23 6 12 25 29 24 21 14 17 16 24
8 30 19 25 3 8 21 23 12 23 14 11 27 29 26 28
14 6 13 10 15 29 15 17 30 30 16 20 28 13 23 22
16 10 19 30 22 30 4 25 29 31 14 3 8 5 7 24
9 27 6 21 30 29 21 10 23 11 29 22 23 5 10 13
12 29 8 31 20 19 29 21 17 30 29 30 18 17 11 5
23 14 17 8 28 29 5 30 15 14 4 23 18 31 18 18
42 46 62 36 49 57 56 62 49 54 41 56 48 62 37 40
55 49 62 47 39 45 54 37 56 40 51 58 62 54 50 40
50 54 57 59 51 37 57 40 45 57 53 35 40 49 38 42
57 51 41 36 48 54 52 55 54 36 57 54 48 63 55 53
37 36 40 51 38 62 57 53 42 53 58 50 61 53 51 59
37 59 38 59 56 59 62 53 52 53 38 47 58 44 38 56
39 38 37 57 63 36 63 51 59 39 62 53 55 38 55 58
43 57 60 40 52 48 40 63 47 59 38 57 42 45 37 39
