0 0 0 0 0 0 0 0 0 0 0 0 0 0 0 0
0 0 0 0 0 0 0 0 0 0 0 0 0 0 0 0
0 0 0 0 0 0 0 0 0 0 0 0 0 0 0 0
0 0 0 0 0 0 0 0 0 0 0 0 0 0 0 0
0 0 0 0 0 0 0 0 0 0 0 0 0 0 0 0
0 0 0 0 0 0 0 0 0 0 0 0 0 0 0 0
0 0 0 0 0 0 0 0 0 0 0 0 0 0 0 0
0 0 0 0 0 0 0 0 0 0 0 0 0 0 0 0
1 1 1 1 1 1 1 1 1 1 1 1 1 1 1 1
1 1 1 1 1 1 1 1 1 1 1 1 1 1 1 1
1 1 1 1 1 1 1 1 1 1 1 1 1 1 1 1
1 1 1 1 1 1 1 1 1 1 1 1 1 1 1 1
1 1 1 1 1 1 1 1 1 1 1 1 1 1 1 1
1 1 1 1 1 1 1 1 1 1 1 1 1 1 1 1
1 1 1 1 1 1 1 1 1 1 1 1 1 1 1 1
1 1 1 1 1 1 1 1 1 1 1 1 1 1 1 1
20 18 27 8 21 21 6 17 13 11 28 21 4 22 11 13
27 21 18 11 5 10 19 6 23 30 11 6 21 15 15 20
30 22 4 5 25 29 27 24 4 28 9 18 7 17 14 16
29 9 24 31 7 29 26 9 14 30 7 23 19 31 28 10
14 31 16 9 8 6 11 17 28 6 4 25 22 6 16 5
9 28 5 13 23 25 7 20 19 9 26 14 15 26 22 3
11 23 12 17 11 31 18 19 4 26 7 7 19 9 6 16
7 14 29 10 21 24 15 8 13 12 4 23 7 27 18 28
49 57 44 35 49 62 42 47 42 46 38 36 35 50 54 57
46 55 53 49 46 53 45 57 54 61 45 56 54 63 55 44
54 61 53 53 63 41 49 63 47 61 42 35 40 62 50 52
46 37 53 44 45 49 56 60 36 56 56 49 43 58 45 36
53 42 53 38 35 59 37 54 56 40 44 39 38 48 37 35
63 46 36 54 58 54 45 44 51 45 44 57 45 41 37 43
47 49 53 47 57 49 43 38 63 37 47 53 60 41 37 39
55 42 49 56 53 48 56 42 42 54 48 42 58 55 46 57
