0 0 0 0 0 0 0 0 0 0 0 0 0 0 0 0
0 0 0 0 0 0 0 0 0 0 0 0 0 0 0 0
0 0 0 0 0 0 0 0 0 0 0 0 0 0 0 0
0 0 0 0 0 0 0 0 0 0 0 0 0 0 0 0
0 0 0 0 0 0 0 0 0 0 0 0 0 0 0 0
0 0 0 0 0 0 0 0 0 0 0 0 0 0 0 0
0 0 0 0 0 0 0 0 0 0 0 0 0 0 0 0
0 0 0 0 0 0 0 0 0 0 0 0 0 0 0 0
1 1 1 1 1 1 1 1 1 1 1 1 1 1 1 1
1 1 1 1 1 1 1 1 1 1 1 1 1 1 1 1
1 1 1 1 1 1 1 1 1 1 1 1 1 1 1 1
1 1 1 1 1 1 1 1 1 1 1 1 1 1 1 1
1 1 1 1 1 1 1 1 1 1 1 1 1 1 1 1
1 1 1 1 1 1 1 1 1 1 1 1 1 1 1 1
1 1 1 1 1 1 1 1 1 1 1 1 1 1 1 1
1 1 1 1 1 1 1 1 1 1 1 1 1 1 1 1
15 4 5 22 8 25 17 14 28 14 4 27 5 18 4 6
9 26 4 6 31 21 31 22 31 12 16 30 11 28 18 26
23 8 8 30 30 18 18 24 8 29 25 4 17 20 12 25
19 22 7 30 9 29 28 7 4 19 16 11 26 25 16 31
20 16 30 26 5 24 3 30 11 21 4 12 13 11 3 12
7 16 16 25 12 7 17 26 15 15 24 24 4 28 6 3
21 27 21 19 25 18 21 13 24 18 14 25 8 24 24 8
8 16 23 8 9 14 29 23 8 3 14 23 21 29 13 11
53 46 44 42 62 40 40 51 56 57 41 44 60 61 57 47
48 37 60 40 52 41 58 50 41 50 46 40 50 39 40 36
55 51 63 47 40 39 56 37 36 51 42 41 48 61 44 55
48 37 53 41 41 35 47 42 39 41 51 37 58 56 54 45
63 35 55 58 58 61 44 47 35 57 39 35 62 48 36 40
38 38 52 45 61 51 59 35 41 35 43 38 56 48 40 55
63 38 60 42 46 55 48 58 42 50 62 35 42 39 38 41
45 51 49 58 63 61 61 49 46 48 47 57 40 40 46 40
