0 0 0 0 0 0 0 0 0 0 0 0 0 0 0 0
0 0 0 0 0 0 0 0 0 0 0 0 0 0 0 0
0 0 0 0 0 0 0 0 0 0 0 0 0 0 0 0
0 0 0 0 0 0 0 0 0 0 0 0 0 0 0 0
0 0 0 0 0 0 0 0 0 0 0 0 0 0 0 0
0 0 0 0 0 0 0 0 0 0 0 0 0 0 0 0
0 0 0 0 0 0 0 0 0 0 0 0 0 0 0 0
0 0 0 0 0 0 0 0 0 0 0 0 0 0 0 0
1 1 1 1 1 1 1 1 1 1 1 1 1 1 1 1
1 1 1 1 1 1 1 1 1 1 1 1 1 1 1 1
1 1 1 1 1 1 1 1 1 1 1 1 1 1 1 1
1 1 1 1 1 1 1 1 1 1 1 1 1 1 1 1
1 1 1 1 1 1 1 1 1 1 1 1 1 1 1 1
1 1 1 1 1 1 1 1 1 1 1 1 1 1 1 1
1 1 1 1 1 1 1 1 1 1 1 1 1 1 1 1
1 1 1 1 1 1 1 1 1 1 1 1 1 1 1 1
6 27 7 23 21 22 27 7 27 5 16 17 13 15 13 21
16 8 31 3 10 15 17 15 3 3 23 9 30 9 16 9
11 31 3 31 28 6 29 6 30 13 23 23 4 31 6 31
19 6 10 11 8 18 26 26 6 11 16 30 29 12 14 13
9 15 10 10 26 11 10 22 19 30 9 27 3 21 20 16
10 20 25 13 30 5 12 8 17 3 5 8 10 26 8 30
20 23 16 17 29 12 29 27 7 6 17 9 9 13 17 12
12 12 27 12 26 31 5 18 13 16 15 12 25 21 4 3
40 51 59 39 53 47 42 56 59 50 56 59 40 35 62 57
36 43 52 59 57 36 43 57 51 47 49 62 63 36 52 45
45 54 54 59 35 36 39 59 53 35 54 47 53 56 57 35
63 43 45 62 56 46 63 62 37 39 54 40 58 36 56 53
61 46 56 62 49 59 62 39 53 45 56 48 58 49 59 57
40 43 57 59 41 60 51 40 51 51 36 55 53 46 52 59
57 49 45 54 47 36 54 38 41 47 45 44 60 50 43 56
54 43 54 37 49 57 54 46 46 37 60 62 38 55 56 46
