0 0 0 0 0 0 0 0 0 0 0 0 0 0 0 0
0 0 0 0 0 0 0 0 0 0 0 0 0 0 0 0
0 0 0 0 0 0 0 0 0 0 0 0 0 0 0 0
0 0 0 0 0 0 0 0 0 0 0 0 0 0 0 0
0 0 0 0 0 0 0 0 0 0 0 0 0 0 0 0
0 0 0 0 0 0 0 0 0 0 0 0 0 0 0 0
0 0 0 0 0 0 0 0 0 0 0 0 0 0 0 0
0 0 0 0 0 0 0 0 0 0 0 0 0 0 0 0
1 1 1 1 1 1 1 1 1 1 1 1 1 1 1 1
1 1 1 1 1 1 1 1 1 1 1 1 1 1 1 1
1 1 1 1 1 1 1 1 1 1 1 1 1 1 1 1
1 1 1 1 1 1 1 1 1 1 1 1 1 1 1 1
1 1 1 1 1 1 1 1 1 1 1 1 1 1 1 1
1 1 1 1 1 1 1 1 1 1 1 1 1 1 1 1
1 1 1 1 1 1 1 1 1 1 1 1 1 1 1 1
1 1 1 1 1 1 1 1 1 1 1 1 1 1 1 1
5 30 6 15 25 26 31 27 18 14 12 15 17 16 5 19
13 29 10 28 9 8 31 9 23 27 14 28 18 28 3 25
27 25 22 11 25 7 17 27 8 15 28 22 20 10 6 18
13 14 18 10 13 29 19 20 14 8 8 18 4 7 27 10
25 12 13 30 20 13 6 30 11 31 28 6 18 14 31 18
4 23 9 8 5 23 30 28 13 5 15 11 7 31 22 5
19 31 7 4 19 31 9 7 22 18 28 15 18 18 21 7
12 6 15 15 25 10 6 19 11 27 25 8 16 11 31 4
48 36 47 51 63 59 39 58 43 36 53 61 37 53 53 43
40 51 43 38 54 49 50 44 41 60 62 61 51 56 45 51
36 54 47 60 60 38 43 55 60 61 37 59 48 54 52 52
36 45 62 39 45 39 50 43 50 50 57 37 57 51 36 39
43 59 39 50 40 61 57 37 45 61 40 49 45 36 48 55
48 46 60 60 57 57 52 49 49 50 44 57 55 62 41 44
43 44 60 43 56 48 54 58 61 61 48 59 59 41 60 45
62 58 56 61 35 48 52 59 44 53 53 59 55 48 49 39
