0 0 0 0 0 0 0 0 0 0 0 0 0 0 0 0
0 0 0 0 0 0 0 0 0 0 0 0 0 0 0 0
0 0 0 0 0 0 0 0 0 0 0 0 0 0 0 0
0 0 0 0 0 0 0 0 0 0 0 0 0 0 0 0
0 0 0 0 0 0 0 0 0 0 0 0 0 0 0 0
0 0 0 0 0 0 0 0 0 0 0 0 0 0 0 0
0 0 0 0 0 0 0 0 0 0 0 0 0 0 0 0
0 0 0 0 0 0 0 0 0 0 0 0 0 0 0 0
1 1 1 1 1 1 1 1 1 1 1 1 1 1 1 1
1 1 1 1 1 1 1 1 1 1 1 1 1 1 1 1
1 1 1 1 1 1 1 1 1 1 1 1 1 1 1 1
1 1 1 1 1 1 1 1 1 1 1 1 1 1 1 1
1 1 1 1 1 1 1 1 1 1 1 1 1 1 1 1
1 1 1 1 1 1 1 1 1 1 1 1 1 1 1 1
1 1 1 1 1 1 1 1 1 1 1 1 1 1 1 1
1 1 1 1 1 1 1 1 1 1 1 1 1 1 1 1
14 25 21 29 6 28 10 14 18 25 24 7 15 6 4 5
21 14 17 21 5 20 16 6 9 4 6 28 19 10 14 7
24 4 14 24 5 9 28 4 26 23 22 5 20 3 20 28
12 15 8 25 15 21 6 24 8 9 30 25 17 21 17 23
19 16 8 26 23 11 22 30 27 24 15 15 13 7 11 20
11 25 14 10 19 10 24 18 9 19 31 11 4 27 12 13
10 26 25 18 28 29 5 5 13 21 7 24 31 20 11 16
19 19 18 4 5 6 11 22 15 21 7 4 4 5 20 15
46 53 37 60 45 51 41 47 48 61 60 37 36 57 47 45
53 61 38 57 51 46 40 55 37 47 51 39 35 58 57 45
38 45 43 41 45 36 61 44 43 50 59 47 46 47 37 61
60 35 38 54 63 62 53 40 42 47 40 48 46 36 53 62
59 46 49 50 44 50 49 40 58 46 61 40 43 51 37 38
55 49 41 50 60 41 54 36 44 57 41 59 38 44 41 51
59 63 39 54 51 63 49 36 36 56 40 48 42 35 35 58
51 47 36 51 52 53 60 63 51 54 60 37 54 58 55 38
