1 1 1 1 1 1 0 0 1 0 0 1 1 1 1 1
1 0 1 1 0 1 1 0 1 1 1 1 1 1 1 0
0 0 1 0 0 1 0 1 0 1 0 1 1 1 0 0
0 0 0 0 1 0 0 0 0 1 0 0 0 0 0 1
0 1 1 0 1 1 1 1 0 1 0 0 1 1 0 0
1 0 1 1 0 0 0 0 1 0 1 0 0 1 0 0
1 1 0 0 0 1 1 1 1 0 1 0 1 0 1 0
0 0 0 1 0 0 0 0 1 1 1 1 0 0 0 0
0 0 1 1 0 1 0 0 0 1 1 0 0 1 1 1
0 0 0 1 1 0 0 1 1 0 1 1 1 1 1 0
0 1 0 1 1 1 1 0 1 1 1 0 0 1 1 1
1 0 1 1 1 0 1 0 1 0 1 0 1 0 1 0
1 0 0 1 1 1 1 0 0 0 1 1 0 1 0 1
1 1 0 1 1 0 0 0 0 1 0 0 0 1 1 0
0 1 0 0 0 1 0 0 0 1 0 0 0 0 0 1
0 1 1 1 1 1 0 1 1 1 1 0 1 1 1 0
60 40 39 57 35 40 11 13 51 21 9 36 59 46 36 40
39 6 35 46 23 60 49 20 42 40 51 63 43 35 42 8
27 31 62 27 7 54 26 40 10 43 6 49 40 61 22 19
3 23 16 12 57 28 15 5 16 63 13 6 5 3 12 58
8 55 42 13 50 63 35 61 14 53 19 6 54 39 6 23
57 5 46 47 16 20 5 11 58 24 35 16 28 43 7 19
37 48 27 30 21 55 45 48 49 5 41 19 63 28 60 30
7 18 24 62 30 29 28 20 52 46 37 37 12 21 15 23
3 28 56 47 21 57 8 20 3 35 57 4 7 47 35 56
30 20 15 51 46 8 6 63 46 11 42 42 39 40 42 24
4 57 26 62 38 50 43 30 60 49 54 31 3 43 58 58
42 22 37 36 60 31 50 25 42 18 55 23 37 15 37 23
38 29 30 39 41 58 46 20 17 16 46 38 15 56 13 41
56 50 26 58 56 31 6 16 30 44 10 18 26 56 52 26
27 40 29 23 28 38 31 15 26 45 26 17 24 17 25 57
26 35 54 35 37 37 19 37 57 36 42 20 37 63 60 21
