0 0 0 0 0 0 0 0 0 0 0 0 0 0 0 0
1 1 1 1 1 1 1 1 1 1 1 1 1 1 1 1
0 0 0 0 0 0 0 0 0 0 0 0 0 0 0 0
1 1 1 1 1 1 1 1 1 1 1 1 1 1 1 1
0 0 0 0 0 0 0 0 0 0 0 0 0 0 0 0
1 1 1 1 1 1 1 1 1 1 1 1 1 1 1 1
0 0 0 0 0 0 0 0 0 0 0 0 0 0 0 0
1 1 1 1 1 1 1 1 1 1 1 1 1 1 1 1
0 0 0 0 0 0 0 0 0 0 0 0 0 0 0 0
1 1 1 1 1 1 1 1 1 1 1 1 1 1 1 1
0 0 0 0 0 0 0 0 0 0 0 0 0 0 0 0
1 1 1 1 1 1 1 1 1 1 1 1 1 1 1 1
0 0 0 0 0 0 0 0 0 0 0 0 0 0 0 0
1 1 1 1 1 1 1 1 1 1 1 1 1 1 1 1
0 0 0 0 0 0 0 0 0 0 0 0 0 0 0 0
1 1 1 1 1 1 1 1 1 1 1 1 1 1 1 1
30 18 11 15 25 31 16 12 26 29 16 3 14 27 25 22
60 62 61 53 53 52 36 58 53 43 48 42 54 56 61 61
5 5 15 3 18 29 4 6 22 9 7 18 9 28 20 29
44 41 62 52 59 40 38 42 51 44 61 58 47 47 41 50
17 18 13 27 3 28 30 26 18 31 19 21 4 3 20 20
36 48 48 50 42 37 52 48 59 57 57 54 60 35 42 59
6 23 12 18 31 31 5 18 31 17 3 14 29 24 17 20
47 56 57 42 36 40 36 60 38 37 35 48 44 57 58 37
19 29 15 4 30 4 8 25 15 11 31 26 29 18 10 29
53 49 39 47 55 41 53 63 43 46 43 47 38 42 56 41
13 29 10 15 22 17 19 21 15 8 21 6 4 17 30 14
43 60 43 50 63 38 59 59 60 50 41 45 54 59 47 42
5 28 9 11 14 26 25 16 8 27 7 20 22 3 23 7
49 60 50 54 48 53 62 61 39 57 57 61 58 54 57 58
7 28 8 28 6 15 30 5 8 29 17 19 14 23 15 7
48 42 40 51 46 62 58 62 36 36 41 46 46 44 58 50
