0 0 0 0 0 0 0 0 0 0 0 0 0 0 0 0
1 1 1 1 1 1 1 1 1 1 1 1 1 1 1 1
0 0 0 0 0 0 0 0 0 0 0 0 0 0 0 0
1 1 1 1 1 1 1 1 1 1 1 1 1 1 1 1
0 0 0 0 0 0 0 0 0 0 0 0 0 0 0 0
1 1 1 1 1 1 1 1 1 1 1 1 1 1 1 1
0 0 0 0 0 0 0 0 0 0 0 0 0 0 0 0
1 1 1 1 1 1 1 1 1 1 1 1 1 1 1 1
0 0 0 0 0 0 0 0 0 0 0 0 0 0 0 0
1 1 1 1 1 1 1 1 1 1 1 1 1 1 1 1
0 0 0 0 0 0 0 0 0 0 0 0 0 0 0 0
1 1 1 1 1 1 1 1 1 1 1 1 1 1 1 1
0 0 0 0 0 0 0 0 0 0 0 0 0 0 0 0
1 1 1 1 1 1 1 1 1 1 1 1 1 1 1 1
0 0 0 0 0 0 0 0 0 0 0 0 0 0 0 0
1 1 1 1 1 1 1 1 1 1 1 1 1 1 1 1
29 17 21 7 22 14 23 30 6 23 20 8 29 12 20 30
40 36 48 62 39 46 56 42 47 52 52 43 63 63 47 45
15 3 13 17 21 23 4 7 20 18 15 24 10 13 3 20
53 60 43 51 58 35 50 50 40 46 44 38 57 61 49 61
16 15 21 28 5 24 15 8 17 11 24 4 8 17 6 16
56 38 44 51 61 44 39 47 35 55 52 54 53 46 59 59
8 7 4 23 9 28 31 12 19 18 5 13 5 27 30 27
59 36 50 36 54 47 61 51 46 42 58 51 61 36 36 46
19 4 16 16 21 19 6 8 17 13 18 26 22 11 17 30
46 57 61 62 44 41 42 54 45 54 35 59 56 62 50 39
31 22 13 4 21 8 11 13 16 13 22 21 20 31 19 23
62 37 40 38 61 42 44 44 57 58 62 53 49 41 50 54
19 20 12 14 13 12 26 25 17 6 10 28 17 23 22 29
59 37 47 48 54 54 58 47 58 37 59 35 42 44 59 37
27 8 20 26 26 21 13 28 4 19 15 18 6 8 8 16
56 62 47 55 49 61 62 58 57 50 41 44 36 43 60 58
