0 0 0 0 0 0 0 0 0 0 0 0 0 0 0 0
1 1 1 1 1 1 1 1 1 1 1 1 1 1 1 1
0 0 0 0 0 0 0 0 0 0 0 0 0 0 0 0
1 1 1 1 1 1 1 1 1 1 1 1 1 1 1 1
0 0 0 0 0 0 0 0 0 0 0 0 0 0 0 0
1 1 1 1 1 1 1 1 1 1 1 1 1 1 1 1
0 0 0 0 0 0 0 0 0 0 0 0 0 0 0 0
1 1 1 1 1 1 1 1 1 1 1 1 1 1 1 1
0 0 0 0 0 0 0 0 0 0 0 0 0 0 0 0
1 1 1 1 1 1 1 1 1 1 1 1 1 1 1 1
0 0 0 0 0 0 0 0 0 0 0 0 0 0 0 0
1 1 1 1 1 1 1 1 1 1 1 1 1 1 1 1
0 0 0 0 0 0 0 0 0 0 0 0 0 0 0 0
1 1 1 1 1 1 1 1 1 1 1 1 1 1 1 1
0 0 0 0 0 0 0 0 0 0 0 0 0 0 0 0
1 1 1 1 1 1 1 1 1 1 1 1 1 1 1 1
25 12 31 13 22 8 10 26 28 27 13 4 28 21 14 8
62 42 35 36 45 37 59 59 47 50 50 63 57 38 41 39
22 13 12 13 31 9 8 15 11 22 26 25 3 17 25 22
54 62 60 46 35 55 39 57 59 40 62 49 41 56 35 55
5 30 3 20 11 12 5 25 11 18 9 6 9 21 20 17
54 48 40 41 48 42 49 57 57 51 51 40 60 49 40 45
19 20 10 28 12 13 28 8 7 29 15 16 29 19 3 9
61 53 43 42 56 53 41 49 56 44 49 53 51 52 39 57
29 13 28 12 30 25 16 4 19 27 30 23 22 17 20 31
39 50 36 43 59 60 42 59 43 61 39 55 61 56 45 37
31 10 24 10 24 11 8 17 24 20 3 22 5 12 30 14
61 55 45 60 46 42 40 52 60 48 51 38 56 56 46 56
29 21 3 15 25 10 25 12 19 18 14 22 30 29 7 8
39 62 61 42 62 42 57 45 45 61 37 44 39 52 58 59
28 4 11 7 24 19 24 25 30 18 4 29 30 12 6 15
49 52 50 51 48 56 55 38 36 45 63 61 58 57 47 38
