0 0 0 0 0 0 0 0 0 0 0 0 0 0 0 0
1 1 1 1 1 1 1 1 1 1 1 1 1 1 1 1
0 0 0 0 0 0 0 0 0 0 0 0 0 0 0 0
1 1 1 1 1 1 1 1 1 1 1 1 1 1 1 1
0 0 0 0 0 0 0 0 0 0 0 0 0 0 0 0
1 1 1 1 1 1 1 1 1 1 1 1 1 1 1 1
0 0 0 0 0 0 0 0 0 0 0 0 0 0 0 0
1 1 1 1 1 1 1 1 1 1 1 1 1 1 1 1
0 0 0 0 0 0 0 0 0 0 0 0 0 0 0 0
1 1 1 1 1 1 1 1 1 1 1 1 1 1 1 1
0 0 0 0 0 0 0 0 0 0 0 0 0 0 0 0
1 1 1 1 1 1 1 1 1 1 1 1 1 1 1 1
0 0 0 0 0 0 0 0 0 0 0 0 0 0 0 0
1 1 1 1 1 1 1 1 1 1 1 1 1 1 1 1
0 0 0 0 0 0 0 0 0 0 0 0 0 0 0 0
1 1 1 1 1 1 1 1 1 1 1 1 1 1 1 1
5 22 3 8 9 27 3 16 31 7 28 19 11 11 23 22
35 41 56 57 40 50 51 37 38 43 59 40 52 42 61 37
3 16 8 28 20 7 17 17 29 31 27 5 10 4 12 23
36 44 60 57 38 60 52 45 52 39 38 46 51 54 42 47
19 24 7 30 27 16 14 29 14 16 15 13 28 21 4 30
60 50 42 53 61 39 56 59 63 50 62 50 38 36 50 58
12 21 8 15 24 25 21 18 19 20 23 3 9 9 16 24
59 55 52 60 63 46 63 38 38 57 55 38 37 59 38 52
6 27 10 25 16 19 15 31 28 11 27 31 30 10 6 10
62 39 41 35 49 45 44 62 36 42 44 63 37 51 57 49
4 22 23 14 3 26 6 5 20 23 30 11 13 29 4 21
59 40 47 45 60 49 44 46 41 46 61 46 45 53 52 55
27 16 10 20 20 18 25 3 14 15 26 9 11 29 5 17
57 46 54 43 45 44 56 51 53 50 47 36 47 40 43 40
20 8 21 22 25 27 20 20 31 7 23 24 27 4 6 14
55 53 56 44 59 61 36 53 40 39 58 55 52 37 43 46
