0 0 0 0 0 0 0 0 0 0 0 0 0 0 0 0
1 1 1 1 1 1 1 1 1 1 1 1 1 1 1 1
0 0 0 0 0 0 0 0 0 0 0 0 0 0 0 0
1 1 1 1 1 1 1 1 1 1 1 1 1 1 1 1
0 0 0 0 0 0 0 0 0 0 0 0 0 0 0 0
1 1 1 1 1 1 1 1 1 1 1 1 1 1 1 1
0 0 0 0 0 0 0 0 0 0 0 0 0 0 0 0
1 1 1 1 1 1 1 1 1 1 1 1 1 1 1 1
0 0 0 0 0 0 0 0 0 0 0 0 0 0 0 0
1 1 1 1 1 1 1 1 1 1 1 1 1 1 1 1
0 0 0 0 0 0 0 0 0 0 0 0 0 0 0 0
1 1 1 1 1 1 1 1 1 1 1 1 1 1 1 1
0 0 0 0 0 0 0 0 0 0 0 0 0 0 0 0
1 1 1 1 1 1 1 1 1 1 1 1 1 1 1 1
0 0 0 0 0 0 0 0 0 0 0 0 0 0 0 0
1 1 1 1 1 1 1 1 1 1 1 1 1 1 1 1
26 24 7 21 14 18 28 27 25 15 29 3 6 5 7 5
60 55 47 36 36 45 40 59 39 39 42 60 45 43 37 60
5 31 17 5 25 18 22 4 18 26 19 10 16 10 15 19
61 63 50 50 57 52 55 54 37 39 62 40 50 53 59 36
13 21 10 19 27 18 8 8 17 12 13 25 24 8 5 27
45 36 59 43 57 63 40 55 50 35 41 35 42 63 47 60
28 6 13 23 3 11 4 4 8 7 27 22 22 3 31 14
45 37 62 39 61 62 39 55 46 50 49 38 40 53 35 49
17 14 22 3 14 16 25 6 11 27 8 4 22 8 31 6
56 47 39 57 48 56 44 56 60 36 45 37 36 49 36 63
12 3 7 28 29 17 19 14 25 14 7 30 25 30 8 18
50 53 53 49 45 40 36 63 36 51 58 51 43 44 62 40
31 22 26 7 6 3 6 21 29 11 31 25 22 24 22 28
40 42 42 40 62 51 57 36 45 60 55 48 42 52 54 39
10 26 30 5 30 30 17 7 16 22 29 16 26 22 14 10
41 60 57 37 36 61 57 41 40 60 36 45 53 35 50 48
