0 0 0 0 0 0 0 0 0 0 0 0 0 0 0 0
1 1 1 1 1 1 1 1 1 1 1 1 1 1 1 1
0 0 0 0 0 0 0 0 0 0 0 0 0 0 0 0
1 1 1 1 1 1 1 1 1 1 1 1 1 1 1 1
0 0 0 0 0 0 0 0 0 0 0 0 0 0 0 0
1 1 1 1 1 1 1 1 1 1 1 1 1 1 1 1
0 0 0 0 0 0 0 0 0 0 0 0 0 0 0 0
1 1 1 1 1 1 1 1 1 1 1 1 1 1 1 1
0 0 0 0 0 0 0 0 0 0 0 0 0 0 0 0
1 1 1 1 1 1 1 1 1 1 1 1 1 1 1 1
0 0 0 0 0 0 0 0 0 0 0 0 0 0 0 0
1 1 1 1 1 1 1 1 1 1 1 1 1 1 1 1
0 0 0 0 0 0 0 0 0 0 0 0 0 0 0 0
1 1 1 1 1 1 1 1 1 1 1 1 1 1 1 1
0 0 0 0 0 0 0 0 0 0 0 0 0 0 0 0
1 1 1 1 1 1 1 1 1 1 1 1 1 1 1 1
29 20 6 6 24 25 16 17 26 24 19 13 15 26 24 21
56 35 40 49 54 43 47 45 55 61 57 42 52 35 35 35
18 13 11 5 31 15 11 21 21 13 15 3 23 5 30 18
55 51 56 39 48 57 50 47 37 38 43 48 51 49 38 50
14 27 30 9 23 13 11 4 31 12 25 9 13 26 8 8
47 58 47 62 53 57 53 47 38 58 60 38 60 42 39 55
11 14 12 14 13 22 20 14 18 28 26 21 4 8 23 13
40 54 41 61 57 62 47 37 35 47 57 53 54 53 36 36
29 28 29 18 25 29 18 24 15 23 22 27 5 8 29 30
55 62 59 51 40 50 55 48 42 60 48 37 50 60 48 45
5 11 25 11 29 18 24 29 11 9 25 8 30 22 8 7
50 63 52 62 52 39 46 38 40 63 42 46 56 60 54 60
11 11 5 15 15 7 11 7 16 20 19 27 22 30 7 31
59 48 39 49 63 36 43 59 36 54 37 55 37 52 36 52
10 25 25 28 7 20 23 8 17 21 26 15 24 31 4 16
41 38 40 61 51 46 57 47 48 56 46 53 43 38 62 48
