0 0 0 0 0 0 0 0 0 0 0 0 0 0 0 0
1 1 1 1 1 1 1 1 1 1 1 1 1 1 1 1
0 0 0 0 0 0 0 0 0 0 0 0 0 0 0 0
1 1 1 1 1 1 1 1 1 1 1 1 1 1 1 1
0 0 0 0 0 0 0 0 0 0 0 0 0 0 0 0
1 1 1 1 1 1 1 1 1 1 1 1 1 1 1 1
0 0 0 0 0 0 0 0 0 0 0 0 0 0 0 0
1 1 1 1 1 1 1 1 1 1 1 1 1 1 1 1
0 0 0 0 0 0 0 0 0 0 0 0 0 0 0 0
1 1 1 1 1 1 1 1 1 1 1 1 1 1 1 1
0 0 0 0 0 0 0 0 0 0 0 0 0 0 0 0
1 1 1 1 1 1 1 1 1 1 1 1 1 1 1 1
0 0 0 0 0 0 0 0 0 0 0 0 0 0 0 0
1 1 1 1 1 1 1 1 1 1 1 1 1 1 1 1
0 0 0 0 0 0 0 0 0 0 0 0 0 0 0 0
1 1 1 1 1 1 1 1 1 1 1 1 1 1 1 1
9 7 31 3 25 20 7 18 20 27 26 22 23 29 21 12
47 49 38 47 55 58 55 37 53 49 59 56 52 39 43 41
18 8 30 8 14 11 21 27 17 27 20 24 3 28 13 22
53 50 62 63 35 41 56 55 63 37 53 61 59 55 62 38
26 18 15 23 3 3 21 27 9 24 3 5 3 26 3 19
55 48 60 39 35 54 61 39 46 43 52 60 51 37 51 62
17 20 24 19 27 31 14 31 25 7 26 25 13 29 23 5
49 44 61 53 41 55 52 62 61 47 58 46 59 43 44 53
7 4 8 13 12 13 5 24 25 21 31 27 31 4 26 24
47 62 46 57 37 50 50 61 39 42 50 39 49 52 53 59
26 13 6 23 13 5 30 23 21 5 6 24 24 10 22 28
42 41 53 61 55 38 56 54 53 63 63 39 56 56 53 55
23 13 5 21 28 11 19 10 27 19 31 11 14 6 7 18
50 42 39 35 56 61 44 46 43 44 49 35 63 44 58 53
3 16 18 19 13 8 14 19 12 9 19 6 30 3 23 20
36 53 58 46 56 35 43 49 48 56 51 56 54 49 54 57
