0 0 0 0 0 0 0 0 0 0 0 0 0 0 0 0
1 1 1 1 1 1 1 1 1 1 1 1 1 1 1 1
0 0 0 0 0 0 0 0 0 0 0 0 0 0 0 0
1 1 1 1 1 1 1 1 1 1 1 1 1 1 1 1
0 0 0 0 0 0 0 0 0 0 0 0 0 0 0 0
1 1 1 1 1 1 1 1 1 1 1 1 1 1 1 1
0 0 0 0 0 0 0 0 0 0 0 0 0 0 0 0
1 1 1 1 1 1 1 1 1 1 1 1 1 1 1 1
0 0 0 0 0 0 0 0 0 0 0 0 0 0 0 0
1 1 1 1 1 1 1 1 1 1 1 1 1 1 1 1
0 0 0 0 0 0 0 0 0 0 0 0 0 0 0 0
1 1 1 1 1 1 1 1 1 1 1 1 1 1 1 1
0 0 0 0 0 0 0 0 0 0 0 0 0 0 0 0
1 1 1 1 1 1 1 1 1 1 1 1 1 1 1 1
0 0 0 0 0 0 0 0 0 0 0 0 0 0 0 0
1 1 1 1 1 1 1 1 1 1 1 1 1 1 1 1
27 31 9 23 15 9 15 22 22 23 28 4 26 8 23 31
61 55 59 47 57 63 50 38 45 39 37 41 61 40 57 61
31 25 17 7 13 20 24 9 26 4 25 14 29 13 26 10
43 50 45 39 58 61 48 61 54 47 35 35 48 40 59 44
26 22 4 31 24 20 21 3 9 27 21 30 31 28 16 26
37 60 58 47 60 56 40 61 63 51 57 54 57 60 50 60
14 5 20 8 27 25 17 12 14 20 29 9 15 11 12 9
52 41 63 58 35 40 49 50 60 45 41 49 58 48 47 37
25 18 7 24 11 18 11 10 6 16 16 30 7 6 27 8
61 39 45 46 43 55 37 38 57 35 37 50 50 63 54 63
19 22 22 23 18 28 5 9 18 11 24 12 18 26 6 21
63 55 50 51 59 57 49 58 48 43 36 60 41 41 46 40
28 9 19 11 29 13 17 31 28 8 5 22 13 20 29 4
62 36 56 55 61 54 63 37 38 56 60 36 38 55 58 60
18 7 27 10 6 20 27 4 27 20 19 26 14 19 11 29
48 58 50 56 37 45 58 61 60 56 35 45 51 54 60 37
