0 0 0 0 0 0 0 0 0 0 0 0 0 0 0 0
1 1 1 1 1 1 1 1 1 1 1 1 1 1 1 1
0 0 0 0 0 0 0 0 0 0 0 0 0 0 0 0
1 1 1 1 1 1 1 1 1 1 1 1 1 1 1 1
0 0 0 0 0 0 0 0 0 0 0 0 0 0 0 0
1 1 1 1 1 1 1 1 1 1 1 1 1 1 1 1
0 0 0 0 0 0 0 0 0 0 0 0 0 0 0 0
1 1 1 1 1 1 1 1 1 1 1 1 1 1 1 1
0 0 0 0 0 0 0 0 0 0 0 0 0 0 0 0
1 1 1 1 1 1 1 1 1 1 1 1 1 1 1 1
0 0 0 0 0 0 0 0 0 0 0 0 0 0 0 0
1 1 1 1 1 1 1 1 1 1 1 1 1 1 1 1
0 0 0 0 0 0 0 0 0 0 0 0 0 0 0 0
1 1 1 1 1 1 1 1 1 1 1 1 1 1 1 1
0 0 0 0 0 0 0 0 0 0 0 0 0 0 0 0
1 1 1 1 1 1 1 1 1 1 1 1 1 1 1 1
28 5 11 16 18 18 17 15 21 22 24 31 4 22 31 5
53 40 36 56 50 43 56 52 54 52 46 63 57 35 55 39
9 5 20 22 16 13 15 10 3 7 3 8 22 28 29 29
41 46 49 36 43 42 48 47 50 42 47 43 62 37 45 42
20 4 22 17 18 12 12 18 18 20 7 5 4 10 27 31
47 39 36 35 56 45 55 62 61 55 53 54 63 48 57 63
17 17 3 10 8 4 15 25 12 3 5 21 14 3 8 26
47 39 41 37 45 44 52 35 44 38 57 41 52 48 41 47
22 22 17 25 7 12 21 15 24 3 15 7 7 28 25 13
63 43 38 50 55 42 53 48 45 52 50 52 50 59 40 55
17 27 22 27 9 10 12 27 24 23 10 25 4 31 27 20
48 40 44 57 63 58 63 52 41 51 48 40 50 55 36 46
18 22 21 14 7 8 9 10 26 16 14 3 26 22 23 5
43 56 47 46 61 43 47 56 59 44 42 49 44 57 49 54
10 9 30 3 25 11 28 3 24 30 31 18 11 13 3 26
50 42 43 39 56 46 53 62 39 50 35 49 54 49 51 52
