0 0 0 0 0 0 0 0 0 0 0 0 0 0 0 0
1 1 1 1 1 1 1 1 1 1 1 1 1 1 1 1
0 0 0 0 0 0 0 0 0 0 0 0 0 0 0 0
1 1 1 1 1 1 1 1 1 1 1 1 1 1 1 1
0 0 0 0 0 0 0 0 0 0 0 0 0 0 0 0
1 1 1 1 1 1 1 1 1 1 1 1 1 1 1 1
0 0 0 0 0 0 0 0 0 0 0 0 0 0 0 0
1 1 1 1 1 1 1 1 1 1 1 1 1 1 1 1
0 0 0 0 0 0 0 0 0 0 0 0 0 0 0 0
1 1 1 1 1 1 1 1 1 1 1 1 1 1 1 1
0 0 0 0 0 0 0 0 0 0 0 0 0 0 0 0
1 1 1 1 1 1 1 1 1 1 1 1 1 1 1 1
0 0 0 0 0 0 0 0 0 0 0 0 0 0 0 0
1 1 1 1 1 1 1 1 1 1 1 1 1 1 1 1
0 0 0 0 0 0 0 0 0 0 0 0 0 0 0 0
1 1 1 1 1 1 1 1 1 1 1 1 1 1 1 1
13 6 23 27 18 10 20 26 26 21 12 6 11 22 7 7
55 63 63 54 58 51 37 50 43 59 58 45 52 50 38 41
10 29 27 10 20 23 26 17 6 15 11 28 28 21 8 6
38 43 47 42 42 56 55 36 36 37 47 50 54 45 48 55
4 3 18 18 9 7 19 16 7 20 11 10 8 21 31 11
36 54 35 47 56 52 40 43 55 55 47 36 48 54 47 52
29 6 6 6 31 31 17 7 18 17 20 16 29 17 29 27
36 52 59 62 48 36 37 49 35 40 63 50 46 43 38 55
20 3 25 24 19 3 27 20 27 17 17 6 28 23 9 20
63 61 53 54 47 38 40 52 57 35 40 37 60 36 48 44
28 7 19 16 13 4 9 4 8 27 22 24 20 26 14 6
45 48 49 48 39 52 44 56 37 44 51 35 39 50 40 46
4 24 31 7 15 19 4 23 12 8 4 11 13 19 4 17
36 61 43 58 61 38 46 53 43 49 40 36 59 42 48 38
27 30 9 12 14 9 7 17 12 11 18 4 16 25 30 15
45 37 56 39 37 61 56 61 60 55 36 40 46 50 42 47
