1 0 0 1 1 1 1 0 1 0 0 1 0 0 1 0
0 0 0 0 1 1 0 0 1 0 1 1 1 0 1 0
1 1 0 1 0 0 1 0 1 0 1 1 0 1 1 0
1 0 1 0 0 0 0 0 1 0 1 1 0 0 0 1
1 0 1 0 0 0 0 0 1 1 1 0 0 0 0 0
1 0 0 1 1 1 0 0 1 1 0 0 0 0 1 1
1 1 1 1 1 1 0 1 0 1 0 1 1 0 0 0
1 1 1 0 0 0 1 0 0 1 1 1 1 0 1 0
1 1 1 1 0 0 0 0 1 0 0 0 0 0 0 0
0 1 1 1 0 1 1 1 0 1 0 1 0 1 0 0
1 1 1 0 0 1 0 0 0 1 1 1 0 0 1 1
0 0 0 1 1 1 0 0 0 1 1 0 0 1 1 1
0 1 0 1 0 1 1 1 1 0 1 0 0 0 1 1
1 1 1 0 1 1 1 1 0 1 0 0 1 0 0 0
0 0 0 1 1 1 1 1 1 0 1 0 1 0 1 0
0 1 0 0 0 1 0 1 0 0 0 0 1 0 1 1
51 20 27 56 39 37 53 29 51 7 24 41 13 31 38 12
30 3 23 28 37 42 22 10 39 7 45 57 58 12 58 26
44 42 29 51 31 31 41 27 53 14 59 48 8 61 51 28
52 13 52 14 23 4 5 5 56 9 62 50 17 27 16 62
43 20 46 31 6 18 4 4 41 55 49 15 5 18 28 7
43 27 19 58 44 47 6 13 62 39 24 20 29 6 44 53
44 63 51 42 47 43 26 47 14 56 15 55 60 5 3 16
43 37 57 28 13 9 37 20 5 56 51 41 60 25 55 25
45 43 38 40 19 29 17 16 42 12 3 24 29 7 11 12
14 58 47 39 3 38 51 63 24 56 26 45 26 56 3 12
58 43 35 14 17 49 3 25 31 55 56 38 13 31 59 40
31 23 25 61 52 45 25 21 31 45 36 13 22 54 63 48
4 47 15 61 22 61 35 53 55 21 54 25 4 21 35 48
43 53 44 7 49 45 42 41 22 62 26 15 62 28 8 21
5 26 15 50 39 49 62 44 52 21 62 11 49 13 57 16
8 43 8 20 4 45 24 49 30 20 22 12 59 3 44 37
