0 1 0 1 0 1 0 1 0 1 0 1 0 1 0 1
0 1 0 1 0 1 0 1 0 1 0 1 0 1 0 1
0 1 0 1 0 1 0 1 0 1 0 1 0 1 0 1
0 1 0 1 0 1 0 1 0 1 0 1 0 1 0 1
0 1 0 1 0 1 0 1 0 1 0 1 0 1 0 1
0 1 0 1 0 1 0 1 0 1 0 1 0 1 0 1
0 1 0 1 0 1 0 1 0 1 0 1 0 1 0 1
0 1 0 1 0 1 0 1 0 1 0 1 0 1 0 1
0 1 0 1 0 1 0 1 0 1 0 1 0 1 0 1
0 1 0 1 0 1 0 1 0 1 0 1 0 1 0 1
0 1 0 1 0 1 0 1 0 1 0 1 0 1 0 1
0 1 0 1 0 1 0 1 0 1 0 1 0 1 0 1
0 1 0 1 0 1 0 1 0 1 0 1 0 1 0 1
0 1 0 1 0 1 0 1 0 1 0 1 0 1 0 1
0 1 0 1 0 1 0 1 0 1 0 1 0 1 0 1
0 1 0 1 0 1 0 1 0 1 0 1 0 1 0 1
21 49 24 50 5 41 3 38 28 53 22 50 7 39 6 39
9 47 20 54 8 40 4 62 18 58 12 45 13 51 14 60
21 59 22 48 12 53 19 46 3 38 10 58 13 51 16 45
12 58 13 59 19 53 14 56 14 36 11 37 3 37 12 35
15 62 4 43 13 42 24 56 16 41 31 54 22 35 22 60
5 42 10 39 27 58 15 62 30 43 9 53 20 55 3 43
25 39 13 41 17 57 10 45 7 55 19 54 27 52 3 47
25 50 11 45 27 42 25 48 31 56 6 55 14 40 13 44
27 51 27 61 15 41 23 40 6 35 23 57 17 50 29 45
10 44 12 56 23 58 3 46 25 51 14 56 4 59 27 55
8 52 23 43 16 56 7 47 21 56 12 48 8 51 12 63
4 51 16 58 28 38 11 47 10 38 22 41 20 59 7 42
9 45 22 48 10 47 13 45 20 63 30 52 12 49 21 46
6 63 9 41 24 58 11 55 26 55 26 44 19 57 27 58
10 62 9 40 9 38 8 37 17 63 21 56 14 58 13 40
21 54 19 44 27 50 18 54 7 36 9 48 8 57 24 51
