0 1 0 1 0 1 0 1 0 1 0 1 0 1 0 1
0 1 0 1 0 1 0 1 0 1 0 1 0 1 0 1
0 1 0 1 0 1 0 1 0 1 0 1 0 1 0 1
0 1 0 1 0 1 0 1 0 1 0 1 0 1 0 1
0 1 0 1 0 1 0 1 0 1 0 1 0 1 0 1
0 1 0 1 0 1 0 1 0 1 0 1 0 1 0 1
0 1 0 1 0 1 0 1 0 1 0 1 0 1 0 1
0 1 0 1 0 1 0 1 0 1 0 1 0 1 0 1
0 1 0 1 0 1 0 1 0 1 0 1 0 1 0 1
0 1 0 1 0 1 0 1 0 1 0 1 0 1 0 1
0 1 0 1 0 1 0 1 0 1 0 1 0 1 0 1
0 1 0 1 0 1 0 1 0 1 0 1 0 1 0 1
0 1 0 1 0 1 0 1 0 1 0 1 0 1 0 1
0 1 0 1 0 1 0 1 0 1 0 1 0 1 0 1
0 1 0 1 0 1 0 1 0 1 0 1 0 1 0 1
0 1 0 1 0 1 0 1 0 1 0 1 0 1 0 1
9 35 31 53 12 62 23 59 7 38 13 62 28 37 31 50
3 46 17 41 7 60 18 36 14 54 25 53 19 35 21 63
4 53 30 42 31 60 21 58 14 42 13 35 26 47 3 43
27 41 25 44 30 58 29 58 10 46 23 55 5 58 17 51
9 38 4 50 27 39 17 47 28 61 20 36 22 43 19 40
26 48 8 38 21 39 23 59 7 58 3 41 3 55 24 58
6 55 5 58 19 63 11 61 8 55 6 35 27 52 29 45
17 58 3 42 18 37 23 52 21 56 15 44 16 45 5 52
29 56 29 49 24 58 25 47 6 47 27 40 22 57 19 35
31 53 29 38 29 55 10 40 25 51 15 44 11 54 22 61
23 53 23 59 30 46 3 59 24 61 26 54 13 38 3 60
3 53 18 44 8 59 15 59 23 61 19 38 6 53 21 50
26 38 9 59 30 53 13 54 22 53 31 43 25 49 25 63
20 44 5 52 15 43 20 35 31 55 29 42 14 60 8 38
31 53 9 57 10 47 10 55 12 48 24 58 17 43 8 39
15 47 25 52 31 57 7 56 10 36 7 45 13 59 12 38
