0 1 0 1 0 1 0 1 0 1 0 1 0 1 0 1
0 1 0 1 0 1 0 1 0 1 0 1 0 1 0 1
0 1 0 1 0 1 0 1 0 1 0 1 0 1 0 1
0 1 0 1 0 1 0 1 0 1 0 1 0 1 0 1
0 1 0 1 0 1 0 1 0 1 0 1 0 1 0 1
0 1 0 1 0 1 0 1 0 1 0 1 0 1 0 1
0 1 0 1 0 1 0 1 0 1 0 1 0 1 0 1
0 1 0 1 0 1 0 1 0 1 0 1 0 1 0 1
0 1 0 1 0 1 0 1 0 1 0 1 0 1 0 1
0 1 0 1 0 1 0 1 0 1 0 1 0 1 0 1
0 1 0 1 0 1 0 1 0 1 0 1 0 1 0 1
0 1 0 1 0 1 0 1 0 1 0 1 0 1 0 1
0 1 0 1 0 1 0 1 0 1 0 1 0 1 0 1
0 1 0 1 0 1 0 1 0 1 0 1 0 1 0 1
0 1 0 1 0 1 0 1 0 1 0 1 0 1 0 1
0 1 0 1 0 1 0 1 0 1 0 1 0 1 0 1
23 39 15 60 6 53 14 36 7 53 31 58 21 41 5 43
30 55 31 43 7 39 21 54 10 43 29 51 31 39 29 35
8 59 15 57 21 41 21 54 22 56 8 55 6 62 16 52
6 53 11 46 25 55 3 61 30 45 12 39 16 62 6 58
4 63 23 39 10 35 8 39 3 41 17 56 26 59 8 53
11 54 22 45 26 40 9 63 22 42 19 52 28 61 22 47
24 44 5 43 12 44 28 43 20 51 18 59 16 56 11 37
27 53 26 60 28 47 28 54 29 47 31 35 17 58 29 60
28 60 19 56 16 53 11 35 31 48 4 45 24 58 7 44
31 46 9 49 25 48 7 46 6 62 8 48 22 36 28 62
4 59 19 51 5 37 28 47 10 45 25 62 6 54 3 47
4 44 6 55 9 38 27 38 22 36 17 43 7 62 24 60
10 43 20 42 28 59 9 45 26 35 12 52 17 57 19 41
23 37 21 58 6 45 18 55 7 52 5 63 3 53 11 42
30 52 21 44 15 38 29 56 13 41 10 42 5 44 11 56
6 48 30 51 12 37 30 54 18 50 27 45 10 52 19 47
