0 1 0 1 0 1 0 1 0 1 0 1 0 1 0 1
0 1 0 1 0 1 0 1 0 1 0 1 0 1 0 1
0 1 0 1 0 1 0 1 0 1 0 1 0 1 0 1
0 1 0 1 0 1 0 1 0 1 0 1 0 1 0 1
0 1 0 1 0 1 0 1 0 1 0 1 0 1 0 1
0 1 0 1 0 1 0 1 0 1 0 1 0 1 0 1
0 1 0 1 0 1 0 1 0 1 0 1 0 1 0 1
0 1 0 1 0 1 0 1 0 1 0 1 0 1 0 1
0 1 0 1 0 1 0 1 0 1 0 1 0 1 0 1
0 1 0 1 0 1 0 1 0 1 0 1 0 1 0 1
0 1 0 1 0 1 0 1 0 1 0 1 0 1 0 1
0 1 0 1 0 1 0 1 0 1 0 1 0 1 0 1
0 1 0 1 0 1 0 1 0 1 0 1 0 1 0 1
0 1 0 1 0 1 0 1 0 1 0 1 0 1 0 1
0 1 0 1 0 1 0 1 0 1 0 1 0 1 0 1
0 1 0 1 0 1 0 1 0 1 0 1 0 1 0 1
24 61 17 49 24 52 31 50 12 46 8 43 21 48 20 48
28 60 27 42 29 63 13 52 5 60 9 45 30 63 18 37
25 63 20 59 25 59 16 38 27 50 8 43 20 54 26 56
16 40 7 35 23 35 22 51 24 41 31 45 6 48 6 45
28 59 17 38 24 54 21 40 12 51 3 40 10 53 24 62
22 57 28 51 5 58 14 46 26 56 20 37 13 39 26 51
27 50 26 62 20 48 5 39 12 41 17 43 15 58 7 44
14 37 10 45 25 52 25 36 5 39 18 37 4 57 14 53
24 37 30 43 21 44 14 44 17 45 31 60 14 49 13 39
5 48 4 63 16 57 9 51 6 60 16 40 21 60 12 36
8 56 20 47 26 44 12 52 10 38 25 54 11 51 14 37
22 56 15 49 31 35 18 59 13 51 17 37 31 36 24 46
13 42 16 47 14 44 12 46 25 52 13 56 29 62 4 56
14 46 31 46 22 57 31 45 13 63 25 58 10 35 6 63
7 54 19 39 27 47 5 51 12 50 24 50 24 46 5 47
30 58 6 52 7 36 19 52 17 52 7 41 20 54 26 37
