0 1 0 1 0 1 0 1 0 1 0 1 0 1 0 1
0 1 0 1 0 1 0 1 0 1 0 1 0 1 0 1
0 1 0 1 0 1 0 1 0 1 0 1 0 1 0 1
0 1 0 1 0 1 0 1 0 1 0 1 0 1 0 1
0 1 0 1 0 1 0 1 0 1 0 1 0 1 0 1
0 1 0 1 0 1 0 1 0 1 0 1 0 1 0 1
0 1 0 1 0 1 0 1 0 1 0 1 0 1 0 1
0 1 0 1 0 1 0 1 0 1 0 1 0 1 0 1
0 1 0 1 0 1 0 1 0 1 0 1 0 1 0 1
0 1 0 1 0 1 0 1 0 1 0 1 0 1 0 1
0 1 0 1 0 1 0 1 0 1 0 1 0 1 0 1
0 1 0 1 0 1 0 1 0 1 0 1 0 1 0 1
0 1 0 1 0 1 0 1 0 1 0 1 0 1 0 1
0 1 0 1 0 1 0 1 0 1 0 1 0 1 0 1
0 1 0 1 0 1 0 1 0 1 0 1 0 1 0 1
0 1 0 1 0 1 0 1 0 1 0 1 0 1 0 1
21 49 12 54 19 58 11 37 4 51 21 63 15 36 9 44
3 55 24 40 29 43 10 35 26 47 9 56 23 62 29 38
27 53 16 38 28 49 8 52 15 37 7 37 16 36 28 60
21 59 15 57 9 36 29 54 12 38 27 49 7 46 8 49
5 61 15 46 26 43 29 51 30 39 19 40 10 52 30 53
23 47 13 40 3 62 30 52 17 49 18 37 23 38 6 44
24 43 19 56 22 54 4 39 5 51 3 63 18 60 30 57
24 37 8 50 7 36 8 45 7 45 12 56 13 56 24 63
5 63 15 56 4 45 15 54 7 61 18 52 20 55 26 42
19 44 4 60 4 39 10 59 14 43 24 37 12 53 13 46
15 39 4 63 12 53 9 35 8 63 21 49 26 37 25 48
13 54 25 41 5 63 22 42 4 54 13 53 20 47 20 45
4 55 22 35 16 49 28 63 28 49 30 36 18 47 14 47
28 37 6 47 25 62 19 58 20 62 27 40 29 62 15 55
10 58 4 48 21 47 18 43 24 52 29 43 26 58 8 55
14 60 13 35 18 38 31 42 24 58 21 52 31 44 13 40
