0 1 0 1 0 1 0 1 0 1 0 1 0 1 0 1
0 1 0 1 0 1 0 1 0 1 0 1 0 1 0 1
0 1 0 1 0 1 0 1 0 1 0 1 0 1 0 1
0 1 0 1 0 1 0 1 0 1 0 1 0 1 0 1
0 1 0 1 0 1 0 1 0 1 0 1 0 1 0 1
0 1 0 1 0 1 0 1 0 1 0 1 0 1 0 1
0 1 0 1 0 1 0 1 0 1 0 1 0 1 0 1
0 1 0 1 0 1 0 1 0 1 0 1 0 1 0 1
0 1 0 1 0 1 0 1 0 1 0 1 0 1 0 1
0 1 0 1 0 1 0 1 0 1 0 1 0 1 0 1
0 1 0 1 0 1 0 1 0 1 0 1 0 1 0 1
0 1 0 1 0 1 0 1 0 1 0 1 0 1 0 1
0 1 0 1 0 1 0 1 0 1 0 1 0 1 0 1
0 1 0 1 0 1 0 1 0 1 0 1 0 1 0 1
0 1 0 1 0 1 0 1 0 1 0 1 0 1 0 1
0 1 0 1 0 1 0 1 0 1 0 1 0 1 0 1
11 59 17 60 9 41 30 49 7 59 6 38 26 56 28 49
7 56 7 61 23 49 21 51 29 62 18 55 3 43 22 48
12 52 23 45 7 39 25 57 26 50 28 47 17 41 31 42
31 54 5 35 9 35 17 36 22 53 5 50 30 39 27 38
7 48 26 36 16 57 3 42 12 46 20 46 9 43 16 42
22 55 14 36 16 63 24 58 22 52 28 63 7 40 30 41
29 36 18 46 24 47 19 46 10 61 20 38 25 48 25 41
27 48 20 55 26 53 15 59 3 42 27 50 7 62 19 61
7 54 16 47 16 59 29 58 17 57 6 46 22 49 7 50
24 61 16 38 22 52 3 40 10 45 12 43 13 39 17 38
11 59 9 56 16 55 6 45 8 49 16 39 30 59 12 55
24 37 5 39 27 40 21 36 10 43 23 62 28 59 30 35
21 40 17 56 16 38 20 62 5 39 14 48 13 63 30 60
18 50 20 57 18 45 17 42 23 61 31 56 13 39 12 56
22 63 10 37 27 37 28 57 13 55 8 52 10 36 23 49
24 54 21 56 13 41 27 60 16 62 28 62 9 51 21 49
