0 1 0 1 0 1 0 1 0 1 0 1 0 1 0 1
0 1 0 1 0 1 0 1 0 1 0 1 0 1 0 1
0 1 0 1 0 1 0 1 0 1 0 1 0 1 0 1
0 1 0 1 0 1 0 1 0 1 0 1 0 1 0 1
0 1 0 1 0 1 0 1 0 1 0 1 0 1 0 1
0 1 0 1 0 1 0 1 0 1 0 1 0 1 0 1
0 1 0 1 0 1 0 1 0 1 0 1 0 1 0 1
0 1 0 1 0 1 0 1 0 1 0 1 0 1 0 1
0 1 0 1 0 1 0 1 0 1 0 1 0 1 0 1
0 1 0 1 0 1 0 1 0 1 0 1 0 1 0 1
0 1 0 1 0 1 0 1 0 1 0 1 0 1 0 1
0 1 0 1 0 1 0 1 0 1 0 1 0 1 0 1
0 1 0 1 0 1 0 1 0 1 0 1 0 1 0 1
0 1 0 1 0 1 0 1 0 1 0 1 0 1 0 1
0 1 0 1 0 1 0 1 0 1 0 1 0 1 0 1
0 1 0 1 0 1 0 1 0 1 0 1 0 1 0 1
14 53 27 51 11 58 30 41 13 47 8 38 12 60 19 62
5 49 30 56 18 48 22 35 7 41 10 53 15 63 16 41
3 47 13 57 10 43 12 58 6 48 10 51 16 47 7 39
31 41 15 51 6 47 5 42 11 56 23 38 23 38 11 41
20 42 13 59 4 46 14 53 24 38 10 40 31 57 5 63
6 61 18 40 3 42 10 54 16 41 15 40 31 35 15 53
6 61 9 60 3 40 28 44 7 59 8 47 16 40 9 57
20 52 8 49 3 52 7 38 29 47 30 53 29 63 14 54
17 57 26 46 12 58 18 54 5 49 28 42 7 48 5 46
17 39 7 43 24 55 24 44 23 41 10 59 11 45 16 35
10 40 22 46 14 48 31 61 6 41 4 40 26 58 7 47
17 60 10 61 10 55 12 40 17 35 27 62 24 55 27 53
26 53 3 45 5 59 17 36 13 57 13 38 27 39 9 45
26 46 31 40 11 44 4 42 15 38 15 58 25 36 19 37
24 56 13 53 24 54 22 60 9 60 27 61 8 37 27 36
22 54 4 52 23 59 4 56 13 60 22 57 8 40 7 38
