0 1 0 1 0 1 0 1 0 1 0 1 0 1 0 1
0 1 0 1 0 1 0 1 0 1 0 1 0 1 0 1
0 1 0 1 0 1 0 1 0 1 0 1 0 1 0 1
0 1 0 1 0 1 0 1 0 1 0 1 0 1 0 1
0 1 0 1 0 1 0 1 0 1 0 1 0 1 0 1
0 1 0 1 0 1 0 1 0 1 0 1 0 1 0 1
0 1 0 1 0 1 0 1 0 1 0 1 0 1 0 1
0 1 0 1 0 1 0 1 0 1 0 1 0 1 0 1
0 1 0 1 0 1 0 1 0 1 0 1 0 1 0 1
0 1 0 1 0 1 0 1 0 1 0 1 0 1 0 1
0 1 0 1 0 1 0 1 0 1 0 1 0 1 0 1
0 1 0 1 0 1 0 1 0 1 0 1 0 1 0 1
0 1 0 1 0 1 0 1 0 1 0 1 0 1 0 1
0 1 0 1 0 1 0 1 0 1 0 1 0 1 0 1
0 1 0 1 0 1 0 1 0 1 0 1 0 1 0 1
0 1 0 1 0 1 0 1 0 1 0 1 0 1 0 1
5 40 23 56 9 58 7 38 17 56 4 35 27 37 12 51
26 52 13 45 10 45 23 56 15 42 26 45 19 41 16 62
23 62 5 57 4 61 16 35 22 56 12 39 24 44 22 39
12 63 13 48 28 46 9 56 31 51 17 46 31 43 18 42
17 54 21 55 24 56 7 39 3 62 27 63 31 55 25 46
6 55 23 63 31 51 8 58 19 38 3 47 23 56 30 62
9 49 18 51 3 51 5 60 12 38 3 48 12 57 30 45
24 60 21 59 13 38 8 55 11 60 31 40 21 53 24 38
15 60 24 59 8 51 28 55 31 47 5 57 19 38 19 57
9 41 14 40 18 52 13 46 9 47 10 46 29 60 30 38
29 60 6 60 17 59 27 63 8 53 25 61 29 45 15 35
19 41 25 35 5 47 31 36 11 57 3 47 29 50 3 59
5 44 15 41 13 37 3 57 23 63 26 56 26 63 14 35
30 40 8 59 9 39 15 40 4 45 26 45 30 59 11 42
13 55 15 53 7 51 12 36 25 62 6 45 6 63 25 52
6 52 6 35 16 55 9 49 15 44 23 40 3 51 8 42
