0 1 0 1 0 1 0 1 0 1 0 1 0 1 0 1
0 1 0 1 0 1 0 1 0 1 0 1 0 1 0 1
0 1 0 1 0 1 0 1 0 1 0 1 0 1 0 1
0 1 0 1 0 1 0 1 0 1 0 1 0 1 0 1
0 1 0 1 0 1 0 1 0 1 0 1 0 1 0 1
0 1 0 1 0 1 0 1 0 1 0 1 0 1 0 1
0 1 0 1 0 1 0 1 0 1 0 1 0 1 0 1
0 1 0 1 0 1 0 1 0 1 0 1 0 1 0 1
0 1 0 1 0 1 0 1 0 1 0 1 0 1 0 1
0 1 0 1 0 1 0 1 0 1 0 1 0 1 0 1
0 1 0 1 0 1 0 1 0 1 0 1 0 1 0 1
0 1 0 1 0 1 0 1 0 1 0 1 0 1 0 1
0 1 0 1 0 1 0 1 0 1 0 1 0 1 0 1
0 1 0 1 0 1 0 1 0 1 0 1 0 1 0 1
0 1 0 1 0 1 0 1 0 1 0 1 0 1 0 1
0 1 0 1 0 1 0 1 0 1 0 1 0 1 0 1
16 58 31 55 22 51 4 45 24 44 18 38 18 52 29 63
14 46 7 42 13 54 15 63 4 61 20 45 5 45 17 60
7 53 4 54 16 62 14 37 18 37 11 53 11 35 30 56
9 50 26 60 3 63 16 35 11 50 3 61 24 59 21 38
19 52 19 39 10 36 28 39 8 58 27 58 16 49 5 39
3 56 30 47 5 35 13 60 6 60 22 41 18 36 27 54
10 35 17 41 27 56 13 43 21 42 14 52 5 48 21 51
22 44 26 40 31 45 17 62 8 46 8 52 30 58 22 44
9 39 7 42 23 59 7 49 19 43 6 39 21 54 15 50
3 61 27 49 21 36 28 55 28 54 24 54 13 53 3 52
25 51 31 36 18 58 21 60 4 39 25 51 9 37 15 37
13 35 20 61 5 58 6 52 14 55 20 44 25 52 31 62
20 62 17 50 22 37 11 50 21 36 19 59 3 47 7 40
24 52 27 59 11 41 14 62 5 44 31 37 6 41 8 53
19 58 19 55 31 51 24 38 5 41 22 44 7 46 29 63
17 38 9 54 4 39 18 38 8 39 10 53 20 40 26 48
