0 1 0 1 0 1 0 1 0 1 0 1 0 1 0 1
0 1 0 1 0 1 0 1 0 1 0 1 0 1 0 1
0 1 0 1 0 1 0 1 0 1 0 1 0 1 0 1
0 1 0 1 0 1 0 1 0 1 0 1 0 1 0 1
0 1 0 1 0 1 0 1 0 1 0 1 0 1 0 1
0 1 0 1 0 1 0 1 0 1 0 1 0 1 0 1
0 1 0 1 0 1 0 1 0 1 0 1 0 1 0 1
0 1 0 1 0 1 0 1 0 1 0 1 0 1 0 1
0 1 0 1 0 1 0 1 0 1 0 1 0 1 0 1
0 1 0 1 0 1 0 1 0 1 0 1 0 1 0 1
0 1 0 1 0 1 0 1 0 1 0 1 0 1 0 1
0 1 0 1 0 1 0 1 0 1 0 1 0 1 0 1
0 1 0 1 0 1 0 1 0 1 0 1 0 1 0 1
0 1 0 1 0 1 0 1 0 1 0 1 0 1 0 1
0 1 0 1 0 1 0 1 0 1 0 1 0 1 0 1
0 1 0 1 0 1 0 1 0 1 0 1 0 1 0 1
25 63 28 58 3 50 5 43 24 35 12 42 27 56 4 49
24 57 5 41 23 38 17 37 21 42 9 61 24 61 8 57
28 40 28 54 12 61 14 39 7 48 29 50 26 62 6 43
11 41 10 40 11 47 5 42 25 52 29 59 31 62 31 46
11 58 5 40 19 60 8 58 10 42 14 55 28 50 14 55
23 56 27 51 16 48 14 53 11 47 12 40 12 43 10 41
28 51 28 51 27 48 8 58 4 60 20 45 28 60 21 46
19 61 15 37 14 39 28 50 5 37 20 53 20 37 7 63
23 59 9 63 5 54 18 38 5 40 11 58 15 58 27 62
21 44 26 44 18 50 15 61 22 57 13 40 14 39 15 53
18 47 4 57 5 36 7 57 9 43 20 41 17 40 5 36
9 61 3 61 3 43 8 47 22 62 15 59 19 62 5 51
26 60 15 57 30 44 3 56 26 51 14 36 10 36 10 55
18 44 17 40 11 52 17 59 19 49 11 42 28 62 16 48
15 61 5 63 15 49 26 48 18 62 21 63 8 60 7 46
8 36 22 43 9 50 6 55 6 49 11 57 17 46 3 52
