1 1 1 0 0 0 1 0 1 0 1 1 1 1 1 1
0 1 0 0 0 1 0 1 1 0 0 1 0 0 1 0
0 0 1 0 0 1 1 1 1 0 1 0 1 1 1 1
0 1 0 0 1 1 0 1 1 0 0 1 1 0 1 1
1 0 0 0 0 0 0 1 0 0 1 0 1 1 0 1
1 0 1 0 0 0 0 1 1 0 1 0 1 0 1 1
1 0 1 1 1 1 1 1 0 1 0 1 1 0 1 1
1 0 1 0 1 0 0 1 1 1 0 1 1 0 1 0
0 0 0 0 0 0 1 1 0 0 1 1 0 1 1 1
1 0 1 1 1 1 0 0 1 1 0 0 1 1 1 1
1 1 0 1 1 1 0 1 0 1 0 0 1 1 0 1
0 1 1 1 1 1 1 0 0 1 1 1 1 0 1 0
1 1 0 0 0 0 0 0 1 1 1 1 1 1 1 1
0 0 0 0 0 1 0 0 0 1 1 1 1 0 1 0
1 1 0 1 0 0 0 0 0 0 1 1 1 0 0 0
0 0 0 0 0 1 0 0 0 1 0 1 0 0 1 0
60 61 59 25 12 14 60 31 52 19 47 52 39 63 51 56
20 42 10 15 29 62 18 35 61 4 21 38 20 22 36 9
23 4 39 4 31 53 59 35 58 22 38 8 53 61 63 49
26 48 6 31 35 57 14 59 40 29 6 50 60 9 48 57
53 21 10 30 7 12 16 53 30 29 54 31 40 60 4 50
47 15 44 26 26 23 26 35 55 28 54 7 36 16 52 50
35 25 49 52 57 37 53 47 20 36 10 39 43 25 52 46
55 8 40 23 62 18 4 35 43 63 14 43 62 10 42 10
20 8 11 6 9 22 58 46 5 17 58 43 7 35 57 59
52 8 50 53 58 61 19 23 46 39 24 23 50 42 63 36
58 44 27 56 46 58 30 42 12 53 21 26 58 37 9 47
12 47 55 57 58 36 52 14 13 58 53 42 51 29 58 27
46 36 14 3 21 5 9 11 49 61 59 46 50 51 50 47
26 14 31 15 8 57 17 4 25 54 39 48 63 5 39 30
57 56 18 40 5 7 21 10 5 26 46 43 54 18 26 30
5 6 5 28 17 55 20 11 30 38 29 61 30 28 49 21
