1 1 0 1 1 1 0 1 0 1 0 1 0 1 1 1
0 0 0 1 0 0 1 1 0 1 0 1 1 1 1 1
0 1 1 0 1 0 0 0 1 0 1 0 0 1 1 0
1 1 0 0 0 0 1 0 1 1 0 1 1 1 1 1
0 0 0 0 0 0 1 0 0 1 1 0 1 0 1 1
0 0 0 0 0 1 1 1 0 1 0 1 0 1 0 1
1 0 0 1 0 1 0 0 1 0 0 1 0 1 1 1
0 0 0 0 0 1 1 1 0 1 1 1 0 1 1 1
1 0 0 1 1 0 1 0 0 1 0 0 0 0 0 0
1 0 0 1 1 1 0 1 1 1 0 0 1 0 0 0
0 1 0 1 0 0 1 1 0 0 1 1 1 0 1 1
0 0 0 1 1 0 0 0 1 0 0 0 1 0 1 0
0 1 1 0 0 0 0 0 1 1 0 0 1 0 0 1
0 1 0 1 1 0 1 1 1 0 1 1 0 1 1 0
0 0 0 0 1 0 0 1 0 1 0 1 1 1 1 0
0 1 1 1 1 1 0 0 0 0 0 0 0 1 1 1
36 40 17 36 52 53 13 48 25 61 30 46 29 43 51 38
27 23 13 48 29 26 63 42 29 53 10 54 56 63 55 48
24 36 45 19 40 6 28 16 40 6 61 12 20 57 46 16
43 37 11 27 4 5 49 17 47 57 16 39 38 38 55 63
26 17 5 3 15 8 47 6 4 36 53 20 52 3 36 37
14 7 28 14 26 55 41 60 23 35 25 52 19 60 12 58
36 3 18 61 13 49 16 23 38 14 31 56 20 36 45 46
5 22 11 30 19 57 39 57 7 37 38 39 13 57 53 44
55 14 28 56 42 27 49 10 16 52 7 19 7 18 31 6
63 13 18 41 51 35 9 43 59 50 15 27 54 13 10 18
23 59 28 60 15 13 48 41 16 21 43 44 39 3 48 38
21 28 8 56 57 12 24 17 62 9 23 28 44 31 42 17
27 48 45 25 13 28 30 6 59 62 27 13 54 27 23 36
13 43 3 45 45 15 42 35 51 22 46 41 16 36 39 3
7 3 27 12 61 3 21 48 5 35 27 40 36 48 50 4
16 41 57 36 41 35 28 21 22 6 5 8 17 57 43 55
