0 1 0 1 0 0 0 1 1 0 1 0 1 1 0 0
0 0 0 1 0 0 1 1 1 0 1 1 0 1 0 1
0 1 1 1 0 0 0 0 0 0 1 0 0 0 1 0
1 1 0 0 1 1 0 1 1 0 1 1 1 1 1 0
0 1 1 0 0 0 0 1 1 0 1 0 0 0 1 0
0 0 0 1 1 0 0 0 0 1 0 0 1 0 1 0
1 1 0 1 0 1 0 1 1 0 1 0 0 1 1 1
0 1 0 1 1 0 1 0 0 1 1 0 0 0 1 0
1 1 0 0 1 0 1 0 1 0 1 0 0 0 1 0
0 1 0 1 0 0 1 1 0 0 0 0 0 0 1 0
0 0 0 0 1 1 0 0 0 0 1 0 1 0 0 1
1 1 1 1 1 1 0 0 1 1 1 0 0 0 0 0
0 0 1 1 0 1 1 0 0 1 1 0 1 1 1 1
0 0 1 0 0 1 1 1 0 0 1 0 0 1 0 1
0 0 1 1 0 0 1 1 0 0 0 1 0 0 0 0
1 1 0 1 0 1 1 1 1 1 1 0 1 1 1 0
12 60 29 55 22 14 15 37 52 10 49 20 63 61 16 29
18 5 4 46 27 12 60 41 36 15 56 62 16 36 12 56
16 56 55 46 20 16 24 9 10 7 59 21 22 4 42 12
53 63 16 29 38 49 29 51 49 31 62 50 56 39 44 31
10 41 53 6 24 11 14 56 41 8 46 7 17 25 40 8
7 13 4 44 62 19 14 11 29 56 27 14 46 11 37 29
48 50 30 56 7 40 25 42 52 31 40 28 31 62 43 41
20 48 14 62 42 30 54 24 27 41 38 18 15 25 52 26
54 51 31 16 41 27 36 9 43 23 37 17 23 26 38 20
14 46 30 48 19 26 36 37 26 22 24 23 22 12 58 15
6 10 27 12 48 42 9 3 10 23 63 16 50 22 16 36
58 38 56 37 46 44 28 9 56 59 42 10 19 4 23 25
6 24 50 57 30 42 57 7 16 57 55 17 45 44 47 38
6 5 36 26 14 63 46 50 23 5 49 21 25 50 18 61
6 7 52 61 29 20 48 43 14 11 27 60 10 14 10 26
62 36 30 63 25 63 40 56 43 50 39 25 57 35 37 14
