0 0 0 1 0 0 0 1 1 0 1 0 1 1 1 1
0 0 1 1 1 1 1 0 1 0 0 0 1 0 0 0
1 0 0 1 0 1 1 1 1 1 0 1 1 1 1 1
0 1 1 0 1 0 0 0 0 1 0 0 0 1 1 1
0 0 1 0 0 1 0 1 0 0 0 1 0 1 0 0
1 1 1 1 0 0 1 0 1 1 0 0 1 0 0 0
1 1 1 0 0 0 1 0 0 0 0 1 0 1 0 0
0 0 1 1 1 0 1 1 0 1 0 0 0 1 0 1
1 0 1 1 0 1 1 0 1 0 0 0 0 1 1 1
1 0 1 0 1 0 0 1 0 0 0 0 1 1 1 1
0 1 1 0 1 0 0 0 0 1 0 1 0 0 1 1
0 0 0 1 0 1 0 0 1 1 1 1 0 1 1 0
0 0 0 1 1 0 1 1 1 0 1 1 0 1 0 1
1 1 1 1 1 1 0 1 1 0 0 0 0 1 0 0
0 1 1 0 0 0 1 1 0 1 1 1 0 0 1 1
0 0 1 0 0 1 1 0 0 0 0 1 1 0 1 1
11 18 12 61 24 28 31 37 40 25 41 21 44 41 63 37
29 15 63 62 60 39 47 31 47 11 21 25 47 12 31 18
36 13 10 60 7 46 39 44 41 38 23 42 49 50 45 39
4 42 41 23 42 12 28 5 26 63 8 23 18 37 49 58
20 31 58 22 13 41 9 52 8 21 12 43 21 42 26 28
38 55 58 56 16 21 58 7 61 48 9 4 51 15 19 30
44 63 60 14 16 24 62 15 22 20 12 61 26 41 23 5
27 22 58 39 59 15 60 54 12 62 15 14 22 36 22 35
60 7 50 43 16 45 60 11 60 8 6 9 6 61 63 50
59 26 46 10 50 10 8 61 21 3 10 20 40 46 35 38
23 54 45 28 46 9 28 11 4 55 22 40 7 16 39 54
28 25 9 40 31 56 31 14 56 44 60 43 20 53 53 25
27 7 15 41 55 3 43 35 51 8 46 39 8 56 27 57
49 50 38 46 47 37 16 60 44 28 7 22 26 46 20 30
19 52 49 29 31 6 43 38 18 41 60 43 10 12 55 61
18 3 38 3 26 41 51 4 19 22 8 57 61 12 62 61
