1 1 0 0 0 0 0 0 1 1 0 1 1 0 1 0
0 0 0 0 1 1 1 1 1 0 1 0 0 1 0 0
0 1 1 0 1 0 1 1 0 0 0 1 1 1 0 1
0 1 0 1 1 1 1 1 1 0 0 1 0 1 0 1
1 1 0 0 0 1 1 1 1 1 1 0 0 0 1 1
0 0 0 1 1 1 1 1 1 0 1 1 1 1 1 0
0 1 0 0 1 0 0 1 0 0 1 0 1 1 1 1
0 0 0 0 1 0 0 1 0 0 1 0 0 1 1 1
1 1 1 0 0 0 1 1 0 1 0 1 1 0 1 0
1 1 1 0 1 1 0 0 1 0 1 0 0 0 1 1
0 0 0 0 1 1 1 0 0 1 0 0 1 1 1 0
1 0 0 1 1 0 1 0 1 1 0 0 1 1 0 1
1 0 0 1 0 0 1 1 1 0 0 0 0 0 1 0
1 1 0 1 1 0 0 1 1 0 1 1 0 1 0 0
0 1 0 1 0 1 1 1 1 1 0 0 1 0 0 1
0 0 1 0 1 1 1 0 0 1 0 1 0 0 0 0
57 57 24 29 7 6 16 5 56 57 11 56 43 24 41 21
24 4 23 10 54 44 56 36 53 3 40 10 26 63 22 6
12 58 36 8 38 9 39 54 17 24 27 57 41 51 12 55
28 47 30 52 55 56 61 58 52 31 25 63 31 55 7 61
47 47 14 28 24 62 48 43 42 43 46 11 22 15 53 40
21 14 7 44 38 48 46 61 50 29 53 61 53 43 51 8
8 47 19 8 59 12 9 63 20 8 35 18 59 63 37 62
9 4 16 16 58 10 24 50 14 31 44 25 28 55 55 59
45 41 40 10 24 13 60 54 22 43 29 48 56 22 40 28
61 55 57 27 37 60 19 17 43 17 49 26 9 18 36 37
25 20 4 24 51 62 40 18 29 42 7 16 39 48 42 23
42 8 21 60 56 5 58 12 60 62 23 28 59 57 6 51
61 24 15 45 19 27 40 51 51 25 6 31 22 21 48 10
43 48 6 54 52 30 8 42 61 23 53 41 7 63 3 28
25 39 20 39 11 47 55 63 46 37 12 8 42 5 14 40
12 24 45 10 60 59 49 28 14 63 3 56 14 19 16 27
