2 2 5 6 3 7 7 3 4 7 3 0 7 0 7 0
0 4 6 1 2 7 7 0 1 6 2 1 2 1 1 6
7 7 5 3 2 2 2 2 1 1 7 3 3 3 4 1
0 7 0 5 2 1 7 6 4 7 0 5 5 5 5 3
3 3 3 3 4 0 0 2 0 0 2 1 6 1 6 1
1 4 0 0 2 2 4 7 7 7 2 5 7 5 0 2
0 0 2 3 6 6 4 4 6 6 6 6 4 4 6 6
5 0 6 6 6 0 2 2 1 4 4 6 5 4 0 0
2 5 5 4 5 4 2 6 7 0 5 7 4 2 2 3
3 0 5 6 1 1 4 0 0 5 0 0 1 4 2 3
1 2 4 2 0 4 5 5 1 0 3 4 1 5 6 3
1 3 3 4 2 6 0 6 5 1 5 5 3 5 5 3
4 6 3 3 0 0 3 2 3 2 6 4 7 7 2 4
2 6 5 7 5 7 7 7 2 6 2 6 5 5 4 5
1 1 1 1 0 0 6 0 3 1 3 1 3 3 3 1
3 1 2 0 5 4 3 4 1 4 5 5 4 4 4 1
60 38 63 44 29 14 14 51 30 14 39 46 14 26 14 58
46 62 54 27 60 14 45 26 16 13 50 16 18 27 59 44
55 55 53 19 6 60 6 6 16 16 23 7 7 7 8 16
15 55 26 12 28 16 23 13 30 55 58 63 63 21 21 51
51 51 51 39 20 36 15 38 58 58 50 47 54 47 44 47
47 42 46 46 50 50 52 55 35 45 6 53 23 53 15 18
26 26 38 61 13 34 30 42 22 54 44 22 8 8 54 54
53 46 22 22 13 26 50 28 37 62 30 54 63 42 46 4
50 53 43 52 53 8 38 13 55 4 12 23 20 28 18 19
51 4 43 44 47 47 20 4 4 21 58 58 37 30 60 39
37 60 8 60 4 30 31 31 59 36 19 42 5 21 44 39
59 39 39 42 28 34 36 34 63 5 12 12 61 12 63 7
20 22 19 7 15 15 19 18 7 18 22 62 23 23 6 8
6 34 12 45 43 45 45 45 38 34 38 34 43 43 20 43
5 5 5 5 36 36 13 36 29 59 19 27 29 29 29 59
29 59 18 15 21 42 61 52 27 20 31 31 52 52 52 37
