0 4 3 2 2 2 2 3 3 3 1 0 2 0 0 1
2 0 0 1 1 3 4 3 1 4 7 3 3 0 1 6
6 5 0 6 0 5 7 6 7 0 5 0 0 6 2 7
3 6 1 6 7 1 7 5 1 1 0 1 2 2 5 1
4 5 7 3 1 5 2 3 4 0 5 5 1 3 2 4
7 3 4 2 2 4 6 1 7 5 2 0 4 4 3 1
5 3 2 6 7 2 2 1 0 2 0 0 0 5 4 1
3 0 4 4 7 7 7 1 6 6 5 7 3 0 2 5
5 5 4 2 4 0 2 0 0 2 0 0 0 5 5 5
1 2 2 0 1 1 2 4 4 5 1 3 2 2 2 3
6 5 3 7 7 4 4 4 5 6 3 3 7 4 1 1
1 6 1 1 6 7 0 4 6 2 3 7 3 7 7 7
7 4 5 7 4 1 5 5 5 5 0 5 6 6 1 1
5 6 5 5 4 3 1 2 3 4 6 6 0 3 7 3
2 7 4 0 7 6 3 3 7 4 1 7 1 6 2 1
3 7 4 6 3 4 0 4 4 6 1 6 0 0 2 2
4 8 7 6 6 6 6 7 7 7 5 4 6 4 4 5
6 4 4 5 5 7 8 7 5 8 14 61 61 15 16 13
13 12 15 13 15 12 14 13 14 15 12 15 15 13 18 23
19 22 16 13 14 16 14 12 16 27 58 27 38 18 21 47
8 21 35 19 37 31 28 39 42 26 63 63 5 29 38 8
35 51 8 60 18 20 54 59 35 12 28 58 62 42 39 16
63 29 28 54 35 28 28 27 26 28 26 26 26 31 62 16
19 26 62 62 23 45 23 27 22 22 21 45 19 46 38 63
63 63 62 38 62 46 38 46 58 38 58 58 58 53 53 53
37 60 60 46 37 37 60 30 30 21 37 39 18 18 18 19
34 21 39 23 35 42 42 42 21 54 39 39 35 42 59 59
59 54 47 47 54 45 36 30 54 60 19 14 61 23 45 45
45 20 43 23 30 27 43 43 43 43 46 43 34 34 47 47
53 34 53 53 30 61 47 60 61 30 44 34 36 61 55 51
50 55 52 36 55 22 51 51 55 52 27 55 59 22 50 59
51 55 52 22 51 52 36 52 52 34 37 44 46 36 50 50
