0 4 3 2 2 2 2 2 2 3 3 3 3 3 1 1
0 0 0 1 0 0 5 1 1 5 5 5 1 5 4 2
2 0 7 3 3 3 3 3 3 4 5 3 1 5 1 5
5 1 7 1 5 3 1 6 3 7 3 4 3 6 0 7
0 3 5 7 3 0 0 0 6 6 0 6 6 6 6 6
6 6 2 2 2 2 6 5 7 3 3 5 5 2 2 2
5 0 2 3 5 0 2 2 0 2 2 2 7 7 3 4
6 7 6 6 7 5 7 0 5 5 6 7 1 3 4 0
5 5 5 6 1 7 1 3 7 3 4 7 2 5 4 2
5 1 1 0 1 1 0 4 6 0 0 2 1 4 2 2
7 6 3 0 7 6 4 4 2 6 1 4 5 0 5 4
0 0 5 4 2 3 5 4 5 3 6 4 3 4 5 2
1 0 0 1 3 1 2 7 2 4 6 7 3 3 1 1
0 6 1 4 2 3 5 0 1 4 3 5 5 3 0 0
2 1 7 1 4 2 4 7 7 4 2 7 2 7 1 7
1 7 7 7 1 4 5 4 7 7 6 6 1 6 6 6
4 8 7 6 6 6 6 6 6 7 7 7 7 7 5 5
4 4 4 5 4 4 31 5 5 21 21 21 5 31 8 60
60 58 23 19 19 39 19 39 39 8 21 19 16 21 16 53
21 59 45 59 12 29 16 13 61 55 61 42 61 13 15 23
15 19 63 23 19 15 15 46 22 22 15 22 44 44 44 22
44 22 38 38 38 38 44 43 35 51 51 53 53 18 38 18
43 46 18 39 43 46 18 18 46 28 60 28 23 23 29 30
13 14 13 13 14 31 14 58 43 43 13 14 27 51 42 36
31 43 31 34 59 23 47 39 14 39 30 14 50 12 42 50
31 37 47 26 47 47 26 30 44 26 26 18 47 30 60 28
35 54 51 15 35 54 62 30 38 54 37 42 63 36 63 30
26 36 12 42 28 51 63 52 63 61 54 52 61 42 63 50
47 46 26 37 51 27 28 35 60 8 22 35 29 29 37 37
46 34 37 52 50 61 12 36 59 8 29 12 12 29 36 36
50 59 55 59 20 50 8 35 55 52 28 55 60 45 16 55
27 45 55 45 27 52 53 52 45 45 34 54 16 34 34 34
