0 4 3 2 2 2 2 2 2 0 3 3 3 3 1 1
0 0 0 1 0 1 3 1 5 5 1 4 4 5 4 7
1 1 1 1 1 1 1 5 0 0 5 7 0 6 3 3
5 7 3 6 7 0 0 6 4 4 4 0 5 6 5 3
5 5 3 0 0 0 3 3 6 6 3 6 6 5 0 2
3 3 5 3 5 6 3 5 0 7 7 2 2 0 3 0
5 5 0 0 2 0 0 6 0 2 0 0 1 7 7 5
3 7 4 5 6 6 6 2 0 6 4 7 5 6 4 5
5 6 6 6 5 4 5 4 6 6 2 0 6 2 4 5
3 2 5 0 3 3 5 7 5 5 0 3 5 5 2 5
3 1 0 0 4 4 3 1 2 6 3 3 3 7 7 4
1 5 1 5 1 1 5 5 1 2 7 4 1 1 5 1
1 0 7 6 2 1 2 2 2 0 2 7 1 1 3 7
7 6 6 6 4 1 7 4 2 6 4 6 7 2 7 3
2 7 1 2 4 7 7 3 7 7 1 7 4 2 2 7
4 7 0 6 0 1 1 4 4 3 6 7 4 4 3 2
4 8 7 6 6 6 6 6 6 4 7 7 7 7 5 5
4 4 4 5 4 5 7 5 21 31 5 8 8 31 8 14
16 16 16 37 16 16 16 12 15 15 12 14 15 13 29 61
12 14 61 13 14 15 15 13 42 42 42 15 12 13 21 19
21 21 19 46 58 46 19 19 22 44 39 44 22 21 46 60
39 19 43 19 43 44 39 43 46 14 14 28 28 46 39 26
43 53 26 26 28 58 58 44 26 28 58 58 59 45 45 21
29 45 30 53 44 44 13 28 36 34 30 45 63 13 42 53
53 54 54 34 12 8 12 62 22 54 18 26 22 28 42 63
61 60 63 46 29 29 53 23 31 31 36 39 31 43 60 63
39 37 36 26 42 8 51 59 38 54 61 61 61 45 23 30
59 53 59 63 59 59 63 31 27 38 35 30 47 27 43 47
47 36 23 34 38 27 60 60 60 58 50 35 47 47 51 45
35 34 54 54 62 27 23 62 38 34 30 34 35 38 35 51
50 55 47 38 30 23 35 51 55 55 27 55 52 18 50 55
62 55 36 22 36 37 37 52 52 51 22 23 52 52 51 50
