2 2 5 6 3 7 7 7 3 4 3 4 4 0 0 0
7 4 0 0 0 0 7 5 0 2 0 2 7 6 1 6
5 3 6 7 6 6 5 4 2 4 4 3 1 4 2 6
4 3 1 0 2 0 1 1 1 5 5 5 5 2 5 7
7 5 5 5 5 5 5 5 1 1 0 5 6 3 2 2
1 4 1 1 2 4 0 0 0 1 1 2 6 6 0 6
0 0 0 1 4 7 7 7 2 3 3 3 5 5 2 1
5 5 2 4 3 3 7 4 0 2 3 3 3 3 3 3
2 2 3 7 5 3 1 4 4 3 5 5 3 3 3 3
3 4 4 4 5 7 0 0 2 0 1 2 5 5 0 2
5 6 5 6 6 5 1 0 2 6 5 2 0 2 2 2
6 3 6 3 2 6 3 3 3 2 3 3 0 4 0 2
4 2 1 4 4 1 7 2 2 2 6 2 1 1 6 1
0 4 2 6 1 2 6 4 4 4 6 5 6 5 4 6
6 1 1 1 1 0 4 5 0 5 6 0 1 1 1 0
1 7 5 0 6 0 7 4 6 7 0 4 7 7 7 6
60 38 63 44 29 14 14 14 51 30 39 62 62 46 4 26
14 30 46 4 4 26 14 43 26 50 58 28 45 54 16 44
53 7 44 14 54 54 53 42 60 62 62 39 16 62 38 22
62 61 16 36 18 58 16 59 59 53 53 53 53 18 21 23
23 21 12 21 12 12 12 12 16 16 36 63 22 29 60 60
5 42 37 37 28 42 58 58 58 59 27 28 13 13 58 13
4 26 15 27 20 23 35 23 60 29 29 29 21 21 6 37
63 63 6 42 61 61 23 42 36 60 61 7 51 51 7 7
6 6 61 23 21 39 5 30 42 39 63 63 61 39 29 19
39 30 30 30 12 55 36 36 38 26 59 38 31 43 26 28
43 34 43 34 34 43 5 46 38 54 43 50 46 50 38 28
34 19 34 19 28 34 7 19 19 50 19 7 36 8 46 50
20 50 47 8 20 5 55 18 18 18 22 18 5 5 22 37
46 20 6 22 59 6 22 8 8 8 54 31 13 31 20 13
54 47 47 47 47 15 8 31 4 31 13 4 37 37 59 15
47 45 31 15 44 15 45 52 44 55 15 20 55 55 55 44
