0 4 3 2 2 2 2 0 2 3 3 1 0 0 1 1
3 0 3 5 0 4 2 4 1 7 3 3 3 5 4 1
3 1 0 1 3 1 5 0 5 4 5 3 0 6 3 3
5 7 1 6 0 0 0 3 6 7 7 0 0 3 5 7
6 2 5 4 6 6 6 3 3 7 0 3 7 0 7 2
7 2 7 3 4 6 0 2 5 6 5 0 5 2 2 1
5 1 7 1 2 3 5 7 5 2 2 2 1 0 0 6
5 0 6 5 5 1 3 0 4 0 2 6 5 3 6 2
1 5 5 2 4 4 0 2 7 6 0 4 0 7 2 4
5 4 4 0 4 4 1 0 4 2 4 4 2 5 5 5
5 5 0 5 6 2 0 2 1 6 0 2 5 7 2 1
0 5 5 4 6 0 6 0 2 2 5 0 7 7 7 4
5 5 1 4 1 1 1 1 3 6 5 6 4 3 2 0
7 6 6 7 4 7 7 3 1 6 6 3 7 1 4 6
3 7 1 1 1 3 4 1 1 4 5 4 5 6 3 7
4 7 4 3 6 4 3 4 4 3 4 6 1 4 6 4
4 8 7 6 6 6 6 4 6 7 7 5 4 4 5 5
7 4 7 21 4 8 6 8 27 23 61 39 7 21 8 27
39 16 46 5 61 5 53 46 53 8 53 61 26 13 61 61
12 45 16 13 15 15 15 39 22 23 35 15 15 19 21 35
13 18 21 20 22 13 22 19 19 23 15 19 14 58 35 60
35 28 35 19 20 22 58 18 21 34 63 26 63 38 38 59
63 5 14 27 28 61 63 23 31 28 28 28 59 36 36 13
12 26 13 31 63 59 19 36 8 26 60 54 63 51 54 28
16 31 31 18 62 30 26 60 55 54 36 62 26 35 38 62
31 42 42 46 42 42 27 36 62 38 62 62 38 43 21 43
43 43 46 31 34 18 46 18 37 54 46 18 43 45 38 27
58 12 43 20 22 58 22 58 60 60 12 58 55 45 14 42
53 53 47 20 47 27 47 47 51 44 53 54 30 29 60 36
23 34 54 55 30 55 23 39 37 34 44 29 14 59 20 34
39 14 59 47 47 39 42 59 37 20 12 30 12 34 51 14
30 45 52 51 44 52 51 52 30 51 52 44 16 52 44 52
