0 4 3 2 2 2 2 2 2 0 3 3 3 3 1 1
0 0 1 1 0 0 7 5 0 3 4 5 5 5 4 6
4 4 0 3 4 1 7 1 3 1 1 1 1 1 5 5
5 3 5 7 7 6 6 6 1 5 5 2 2 6 5 2
1 0 0 1 6 5 3 2 2 2 0 5 6 3 7 3
7 3 3 7 3 3 6 7 7 3 7 1 6 7 3 1
1 1 5 1 2 4 2 2 3 2 0 0 0 5 1 6
7 0 0 0 0 0 4 0 1 0 5 6 5 7 5 0
5 0 5 6 6 6 5 7 0 2 0 6 6 2 6 0
2 4 2 7 3 0 6 6 2 3 7 2 6 5 2 3
2 4 2 0 0 5 1 4 1 6 1 2 2 1 5 3
1 5 3 4 5 3 5 2 2 1 6 7 3 3 1 5
0 1 1 4 4 6 7 1 5 4 7 7 4 0 1 1
2 2 3 7 4 7 5 7 1 5 4 1 2 5 4 6
2 1 5 3 5 2 3 3 2 4 7 5 4 4 2 4
4 7 3 4 3 3 4 6 3 5 6 6 4 4 3 7
4 8 7 6 6 6 6 6 6 4 7 7 7 7 5 5
4 4 5 5 4 58 14 21 4 7 8 21 21 21 8 54
8 8 46 61 52 5 23 27 39 27 16 27 16 27 53 53
53 61 53 35 14 22 22 13 59 12 53 38 38 13 21 60
37 58 58 16 54 31 19 60 28 28 36 63 54 29 35 29
35 29 29 23 39 39 54 35 35 39 35 5 22 23 39 16
16 27 21 27 28 8 28 28 19 28 36 58 36 53 59 22
23 26 26 26 26 26 62 36 16 15 63 13 63 14 12 36
12 36 43 44 44 44 12 14 58 38 15 13 13 38 13 15
18 20 18 23 19 15 22 22 38 19 23 18 34 43 60 39
60 42 38 15 26 43 59 30 37 54 37 18 18 47 63 19
59 63 61 42 43 61 63 60 60 47 54 14 61 19 59 31
15 59 47 42 30 34 55 47 43 42 14 55 42 58 37 37
50 50 51 55 30 55 31 55 47 31 42 37 50 31 52 34
18 47 12 51 12 50 61 51 50 52 55 31 52 30 50 52
52 45 51 20 51 51 30 34 29 43 34 44 20 30 29 45
