0 4 3 2 2 2 2 2 2 0 3 3 3 3 1 1
0 0 0 1 0 1 3 5 1 5 1 5 4 5 4 7
3 1 1 3 1 7 7 1 1 6 2 2 1 6 5 1
5 1 2 6 5 2 2 2 0 3 3 6 6 6 6 3
6 5 5 5 0 6 0 5 7 2 5 3 4 5 5 5
3 3 6 2 6 2 5 5 0 1 0 3 3 4 3 1
1 3 0 0 6 7 7 6 0 7 7 0 7 5 0 1
7 0 4 2 0 1 7 7 5 1 0 7 3 3 2 7
1 7 4 2 4 4 3 4 5 2 2 4 1 2 2 5
3 0 0 4 1 0 2 1 2 5 1 1 1 5 0 6
3 6 6 5 7 3 5 5 4 6 3 4 5 1 5 4
4 4 2 4 5 7 0 4 2 7 6 2 6 5 0 7
2 5 2 5 4 1 2 7 7 0 0 7 4 6 6 4
7 6 5 6 4 2 7 4 1 4 0 6 2 5 2 6
4 0 0 1 0 4 6 6 2 5 5 0 4 4 2 0
4 7 0 0 4 3 7 4 3 3 2 3 1 7 7 3
4 8 7 6 6 6 6 6 6 4 7 7 7 7 5 5
4 4 4 5 4 5 7 21 5 21 5 31 8 31 8 23
39 16 59 39 37 23 23 16 16 13 18 18 16 13 12 16
12 16 18 22 12 18 18 18 15 19 19 22 22 22 22 19
22 43 43 21 15 44 15 21 45 28 53 61 30 53 53 53
39 61 13 38 13 38 53 53 26 59 26 39 39 42 39 59
47 29 26 26 13 14 14 13 26 14 14 26 14 31 15 37
23 15 8 28 15 59 45 14 21 37 46 45 19 19 60 35
59 35 62 28 62 62 19 62 63 60 60 62 37 28 38 63
61 58 58 62 37 58 28 59 28 21 47 47 47 43 58 54
61 54 54 63 35 61 63 63 42 54 61 30 63 47 43 30
42 42 38 42 43 23 36 8 60 23 44 60 54 12 58 45
38 43 60 12 20 27 38 35 45 46 46 35 30 54 44 30
35 34 12 34 30 50 45 20 37 8 46 34 50 31 50 34
42 46 46 47 36 52 34 34 50 31 31 36 20 20 50 36
20 55 36 36 20 51 55 52 29 51 50 51 27 55 55 29
