0 2 2 2 0 1 1 1 1 1 0 0 3 2 0 0
2 0 3 0 2 0 1 0 0 1 1 1 0 2 1 2
1 1 0 2 3 2 2 1 1 2 1 0 1 1 1 3
0 1 2 2 0 1 3 3 3 2 2 2 3 0 3 0
0 0 0 3 3 3 0 2 3 2 1 1 0 2 2 0
0 3 3 3 3 2 2 2 2 1 0 1 0 2 1 0
2 3 1 3 2 1 2 1 2 1 0 0 2 2 2 0
3 3 3 0 2 2 2 3 1 1 1 2 1 2 3 2
0 0 0 0 3 2 2 0 1 1 3 3 1 1 1 0
0 1 0 2 0 3 0 2 3 2 0 1 3 3 2 0
3 3 0 2 2 3 0 3 2 1 3 0 3 0 3 1
0 0 1 2 1 1 0 2 2 3 2 1 1 2 2 1
0 1 1 1 0 0 3 2 1 1 1 3 0 0 2 2
2 0 1 0 0 0 1 0 3 1 0 0 1 1 3 3
2 1 2 1 3 1 0 1 3 3 3 3 3 1 2 3
3 3 3 3 1 2 3 3 3 1 0 3 3 2 0 1
60 20 52 20 44 16 16 16 16 16 44 44 24 52 28 44
36 44 24 60 20 60 48 12 12 48 32 48 12 20 48 36
48 32 12 52 56 20 52 29 29 51 29 57 61 13 32 40
12 32 33 49 18 29 37 37 37 51 51 52 53 18 21 60
28 60 28 62 56 24 59 2 24 58 61 45 41 49 33 41
41 21 56 56 56 2 2 2 2 13 27 32 59 26 61 18
33 21 38 62 35 47 35 29 36 31 28 28 51 36 36 3
23 24 40 41 26 26 33 21 31 31 31 35 63 51 40 17
43 43 43 18 62 33 19 25 22 38 40 23 61 63 63 43
3 54 50 49 59 21 27 58 62 26 3 13 30 30 58 59
23 30 41 19 17 23 18 53 17 54 37 50 62 57 37 61
59 43 13 42 47 45 27 17 58 23 17 13 54 49 49 31
3 22 54 63 3 27 55 35 38 63 47 40 57 25 26 19
35 34 15 50 50 57 54 25 53 15 50 57 38 38 46 30
42 47 58 47 14 15 34 45 14 14 39 46 55 45 42 55
46 55 55 46 45 42 46 39 30 15 34 53 53 42 34 22
