0 2 2 2 0 1 1 1 1 1 0 2 3 0 1 2
0 0 3 2 0 0 0 1 2 0 1 2 1 2 2 0
0 1 3 0 1 2 2 0 3 3 1 0 0 3 3 1
0 2 2 2 0 0 3 3 0 3 1 1 3 2 3 1
3 3 3 0 3 0 1 0 1 1 2 0 3 1 3 0
2 1 1 1 1 1 2 0 2 2 0 3 1 0 3 0
3 1 1 3 3 1 0 3 0 1 1 2 2 3 1 0
0 1 0 0 3 0 1 0 3 3 3 3 1 1 2 3
2 2 1 1 3 2 1 2 3 0 3 3 0 1 0 1
3 1 0 2 2 1 0 3 2 0 2 2 2 0 3 0
2 2 2 2 2 1 0 1 1 2 1 2 2 3 2 0
0 1 1 2 0 3 2 2 2 1 1 2 1 2 1 1
3 0 1 1 0 1 2 2 0 1 3 2 0 0 1 1
2 1 0 3 1 3 2 3 2 2 0 0 1 0 3 2
0 3 2 0 0 3 3 2 0 0 1 3 3 1 3 0
2 3 3 0 2 2 3 0 2 2 0 0 0 3 3 3
60 20 52 20 44 16 16 16 16 16 44 52 24 28 32 36
44 44 24 52 28 60 12 32 36 60 48 20 48 20 36 44
60 48 24 28 32 36 36 28 40 56 32 12 28 40 56 32
12 52 33 52 12 60 24 56 12 24 48 48 56 20 21 13
40 40 56 57 40 25 61 25 22 13 49 41 37 29 37 18
17 61 29 22 31 22 2 3 35 35 27 23 31 3 14 3
14 31 31 21 55 54 25 30 57 45 47 58 51 14 54 59
59 38 27 18 21 25 45 41 53 62 46 14 47 22 42 62
26 2 38 31 14 33 38 17 62 34 62 39 3 63 41 54
55 54 50 42 51 22 25 62 19 27 26 58 26 43 46 50
26 42 51 2 49 61 18 61 61 17 13 19 49 21 17 27
59 13 29 42 41 23 19 17 49 47 54 58 47 49 63 29
23 57 29 13 27 15 51 35 18 47 46 2 57 18 38 38
2 63 43 37 63 21 42 55 35 33 50 57 45 41 46 58
50 53 26 43 34 53 55 58 50 59 63 55 46 45 23 3
19 23 37 59 35 19 53 34 51 33 34 43 43 37 53 39
