1 0 3 0 1 0 1 1 2 2 2 0 1 1 3 2
2 1 0 1 0 2 3 1 1 1 0 3 3 1 2 0
3 3 1 2 2 0 0 0 1 1 1 1 3 0 0 2
1 0 0 2 2 2 3 0 3 2 3 1 2 1 1 1
0 1 1 0 0 2 0 3 3 3 0 2 3 1 0 2
0 1 0 2 2 3 0 3 2 2 3 0 2 0 3 2
0 2 1 1 1 1 3 2 0 1 3 3 1 1 3 0
2 2 3 3 3 0 3 3 3 1 1 1 0 1 1 3
1 3 1 2 1 0 0 2 1 2 1 1 0 0 0 0
0 0 0 0 0 3 3 2 3 0 0 2 1 0 0 1
3 1 1 0 0 1 1 2 0 0 3 2 2 2 3 2
3 2 2 3 1 3 2 1 1 2 3 0 2 2 0 3
3 3 0 2 1 2 1 3 2 0 1 3 3 0 2 0
3 2 0 2 0 2 2 2 1 2 3 2 3 2 1 0
3 0 2 2 2 2 2 3 2 3 2 1 3 2 1 3
3 1 1 1 1 2 3 3 3 2 3 3 3 2 2 1
32 28 24 44 16 28 48 48 29 29 29 37 25 25 49 13
45 41 14 43 46 47 51 16 32 41 30 42 42 34 38 30
51 42 43 20 47 46 14 30 50 50 34 18 42 39 37 29
34 30 30 13 45 36 33 46 17 47 17 16 47 16 48 18
14 48 50 14 14 15 28 26 26 24 28 38 26 50 39 38
39 50 39 36 36 26 39 42 15 29 33 44 31 44 33 36
44 47 18 18 48 48 51 20 44 32 24 19 48 32 19 44
20 15 24 24 24 44 19 19 35 16 27 27 21 41 18 17
27 35 50 22 27 21 21 45 41 47 27 50 46 46 46 37
28 21 21 21 21 35 26 15 26 12 12 20 41 12 12 18
40 34 16 28 12 16 41 13 46 12 33 31 31 31 35 31
40 31 31 40 18 40 38 27 27 22 42 37 20 20 30 40
40 24 30 13 34 20 34 33 22 28 34 33 33 12 22 37
40 22 37 13 37 22 13 13 43 29 49 45 49 29 32 39
26 39 45 45 45 22 15 49 15 49 15 32 49 47 43 49
35 43 43 43 32 38 17 42 35 36 17 17 17 36 36 25
