1 0 3 0 1 0 1 1 2 2 2 0 1 1 3 2
2 1 0 1 0 2 3 1 1 1 0 1 1 2 1 1
2 1 1 3 0 3 0 1 0 0 0 2 3 0 1 2
1 1 0 2 0 2 1 3 0 0 2 0 1 0 3 3
0 2 2 3 2 2 3 2 3 2 0 1 1 3 1 3
2 1 0 2 2 3 2 3 3 2 3 1 2 0 1 0
0 0 0 3 1 3 3 1 2 0 2 0 0 0 2 0
0 3 3 0 2 3 3 0 2 0 1 2 3 1 2 0
0 1 2 2 1 3 3 3 0 0 2 2 2 2 3 0
3 2 3 3 2 0 3 3 3 3 2 2 1 3 3 0
0 2 3 3 2 2 1 1 0 3 3 3 0 0 3 0
3 1 2 2 1 2 1 2 2 0 0 0 0 2 3 3
3 1 3 2 3 3 1 2 0 0 2 2 0 0 3 3
3 1 1 2 2 2 3 1 3 1 1 1 1 1 3 1
1 1 2 1 1 3 3 1 3 3 1 0 1 0 3 3
1 1 1 0 3 3 2 2 1 1 0 0 0 1 3 0
32 28 24 44 16 28 48 48 29 29 29 37 25 25 49 13
45 41 14 43 46 47 51 32 32 41 30 16 34 20 50 50
13 18 18 42 46 42 14 34 30 46 28 36 33 30 18 47
43 27 14 22 30 45 50 26 39 37 38 30 43 28 40 26
46 36 15 24 29 31 51 15 19 47 44 18 48 35 27 17
45 27 21 29 29 17 45 17 17 45 33 32 29 39 41 39
21 21 12 35 50 35 35 50 13 21 22 46 30 44 22 30
46 40 40 28 36 40 26 28 13 44 48 47 42 50 22 28
39 41 13 31 43 19 19 35 23 23 15 15 47 15 33 23
40 20 33 33 20 39 17 40 17 17 20 20 50 35 40 37
39 36 42 42 31 31 27 27 37 49 33 33 37 37 35 46
42 18 36 20 18 36 16 31 31 14 14 14 14 31 49 49
19 32 49 13 49 49 34 36 37 12 13 47 23 39 42 24
24 25 41 47 38 20 24 25 24 27 25 48 48 48 24 34
34 16 22 27 41 51 51 41 51 51 18 12 16 23 19 26
34 34 16 21 19 19 15 15 43 43 44 44 44 43 51 23
