1 1 0 1 0 1 1 1 1 0 1 0 1 0 1 1
0 1 1 0 0 1 1 0 1 1 1 1 1 0 0 1
1 0 1 0 0 0 1 1 0 1 1 0 1 0 1 0
1 1 0 0 1 1 1 0 1 0 1 1 1 0 0 1
0 0 0 0 0 1 1 0 1 1 1 1 0 0 0 1
0 1 0 0 0 0 1 1 0 1 0 0 0 0 1 1
0 0 0 1 1 0 0 0 1 0 1 0 0 0 1 1
0 0 1 1 1 0 1 1 1 0 0 0 0 1 1 0
0 0 1 1 1 0 0 0 0 1 1 0 0 0 1 1
1 1 1 1 0 0 1 0 1 0 0 1 1 0 0 0
1 1 1 0 0 0 1 1 1 0 0 1 1 0 1 0
0 0 1 1 0 1 0 1 0 0 1 0 1 0 0 0
1 1 0 0 0 0 0 1 0 0 0 0 0 1 1 1
1 0 0 0 1 0 0 1 1 1 1 1 1 1 1 0
1 0 0 0 0 1 1 1 0 0 1 1 1 0 0 0
1 0 0 1 0 1 0 0 1 1 0 0 1 0 1 0
99 34 58 97 12 52 73 50 16 19 68 10 41 12 97 66
60 9 4 44 8 34 147 100 75 57 52 32 66 51 72 73
64 40 108 8 28 91 34 106 65 115 43 107 43 44 73 56
20 106 56 100 20 68 32 91 97 17 16 113 52 112 35 145
72 89 12 67 89 64 36 114 36 92 92 106 24 49 8 108
51 50 91 33 132 139 4 108 58 25 44 19 24 132 43 41
28 26 40 145 48 96 24 33 20 72 48 67 33 67 11 64
40 58 16 120 11 65 120 59 36 96 65 112 26 136 136 19
132 49 104 136 48 49 137 137 137 88 145 146 89 146 120 88
18 115 59 75 28 76 113 114 32 17 139 68 88 26 100 10
59 41 147 146 10 98 83 9 27 76 139 4 90 76 115 107
98 114 57 124 51 57 107 122 42 60 50 96 104 123 98 84
147 92 112 60 3 121 3 90 84 128 121 121 123 140 129 140
122 128 128 56 9 116 84 138 90 138 138 25 27 27 124 3
129 130 42 35 144 129 104 18 35 42 11 18 122 144 144 74
83 74 105 83 74 75 105 123 140 113 116 17 124 105 99 130
