1 1 0 1 0 1 1 0 0 0 1 1 1 0 0 1
1 1 1 1 0 0 1 0 1 1 1 1 0 1 1 1
1 0 1 1 0 0 0 0 1 0 0 1 0 1 0 1
1 1 0 0 0 1 1 0 1 1 1 0 1 1 0 1
0 1 0 1 0 1 0 0 1 0 0 1 1 1 0 1
0 1 1 0 0 0 0 0 1 0 0 0 1 1 1 1
1 0 0 0 0 0 0 0 1 0 1 1 0 0 1 0
0 1 1 1 1 1 0 1 0 0 0 0 1 1 0 0
1 1 1 1 1 1 1 0 1 0 0 1 1 0 0 0
0 0 0 1 0 1 0 0 0 0 1 0 0 0 0 1
0 0 0 1 0 0 1 0 1 0 1 1 1 0 1 0
0 0 0 1 1 1 1 0 0 0 1 0 1 1 0 0
1 1 1 1 0 0 0 1 1 0 1 0 0 1 0 0
1 0 1 0 0 1 1 0 0 0 0 0 1 0 1 0
0 1 0 1 0 1 1 0 0 1 0 0 1 0 1 1
0 1 0 0 0 1 1 0 1 0 1 1 1 1 1 1
99 34 58 97 12 52 73 44 130 19 41 20 41 12 10 97
92 11 106 16 8 96 147 24 9 34 52 36 100 59 124 4
99 132 20 92 17 72 51 49 104 26 105 145 26 83 114 104
108 43 74 24 8 115 52 116 59 92 18 130 64 147 72 36
72 36 8 4 105 4 26 35 27 98 40 108 108 11 60 27
28 104 83 76 89 98 89 28 73 42 24 105 64 68 16 120
41 12 100 35 44 91 132 44 43 49 48 32 49 146 88 60
89 43 64 120 136 97 146 59 35 112 65 91 106 88 91 42
27 147 32 32 50 50 50 19 90 40 19 145 145 146 121 76
76 33 33 99 33 68 107 28 96 17 68 96 51 116 100 48
107 112 51 16 58 65 83 58 120 112 34 9 113 130 57 107
74 65 74 124 136 57 106 139 56 137 131 137 131 115 114 137
73 9 131 113 40 84 3 115 57 17 25 98 123 140 116 84
122 114 113 132 84 48 136 121 121 42 139 10 11 60 18 3
10 88 139 66 144 124 140 128 67 90 67 123 90 56 122 122
3 75 144 144 123 138 18 67 140 56 66 129 138 129 129 138
