1 0 1 0 1 1 1 0 1 0 0 0 1 0 1 1
1 1 1 1 0 1 1 0 0 1 1 0 0 1 1 0
1 0 0 0 0 0 0 1 0 1 1 1 1 1 0 1
1 1 1 1 1 0 1 0 1 1 1 0 1 0 0 0
1 1 1 1 0 1 1 0 0 1 0 1 1 0 0 1
0 1 1 1 0 1 0 1 1 1 0 0 0 0 1 0
1 0 1 1 0 1 0 0 1 1 0 1 1 0 1 1
0 0 1 0 0 0 1 0 1 1 0 0 0 1 0 0
1 0 1 0 1 1 0 1 0 0 0 0 1 0 0 0
0 0 0 0 1 1 0 1 0 0 0 1 0 0 0 1
0 1 0 0 0 1 0 0 0 1 0 0 0 0 1 0
0 1 0 0 0 0 1 1 0 0 0 1 1 0 0 1
0 1 1 0 0 0 1 0 1 1 1 1 1 1 1 0
1 1 1 1 0 0 1 0 1 0 0 1 0 0 1 0
0 1 0 0 1 1 1 0 1 0 1 1 1 1 0 0
1 1 1 1 1 1 1 1 0 0 0 0 1 0 1 0
59 27 18 52 35 61 10 58 20 17 17 17 24 7 49 14
39 30 63 20 54 24 39 58 11 45 4 60 54 30 43 44
28 56 62 36 56 54 7 24 50 35 49 61 30 16 19 16
12 39 30 49 12 29 16 15 16 24 41 13 14 9 21 31
18 18 51 45 11 53 53 60 11 8 15 47 39 29 46 57
48 61 35 8 60 53 58 59 16 18 15 5 5 36 47 42
43 36 43 47 19 4 25 23 41 51 56 63 63 56 14 26
50 50 8 50 50 54 63 9 63 10 46 54 62 51 40 48
59 40 57 7 24 8 21 59 58 23 25 11 20 21 15 46
15 21 62 46 41 39 17 59 17 25 48 6 31 9 60 41
13 53 25 42 42 47 5 25 38 61 56 48 23 62 22 27
5 41 29 60 31 3 6 61 62 42 44 20 55 40 46 51
11 4 37 7 3 5 22 29 43 47 22 55 53 45 55 3
35 45 51 55 40 21 37 44 37 38 42 57 7 19 55 44
3 43 23 38 45 22 37 19 37 52 10 10 22 14 44 9
49 8 4 57 57 4 28 14 38 19 3 27 35 52 20 13
