1 0 1 0 1 1 1 0 1 0 0 0 1 1 0 1
1 1 0 0 1 0 1 1 1 0 0 1 1 1 0 0
0 1 0 0 0 1 0 0 0 1 0 1 1 1 0 0
1 1 0 1 1 1 0 1 1 0 0 1 1 0 0 1
0 0 0 0 0 0 0 0 0 1 0 1 0 0 0 0
0 0 0 1 1 0 1 1 1 1 0 1 1 1 1 1
0 1 1 1 1 1 1 0 1 0 0 1 1 1 1 0
0 0 1 0 0 0 1 1 1 1 0 1 1 0 1 0
1 1 1 0 0 0 1 0 0 1 1 1 1 1 0 1
1 1 1 0 1 0 1 0 1 1 0 0 0 0 1 0
1 1 0 0 1 0 0 0 0 0 0 1 1 0 1 1
1 0 0 1 1 1 1 1 1 1 1 1 1 0 1 0
0 1 1 1 1 1 0 0 1 1 1 1 0 0 0 0
1 1 1 0 0 1 0 1 0 1 0 0 0 1 0 0
1 0 0 0 1 0 0 1 0 0 1 1 0 0 0 0
0 0 0 1 0 0 1 0 0 0 0 1 1 1 0 0
59 27 18 52 35 61 10 58 20 17 17 17 16 43 17 37
24 20 52 7 30 17 24 49 20 56 58 53 61 63 23 52
3 39 31 46 25 53 40 5 38 6 5 35 35 53 38 58
61 61 54 18 61 57 44 16 12 27 11 10 47 44 46 30
27 62 46 31 50 52 11 56 44 22 11 12 31 60 62 11
60 13 7 39 57 23 14 59 22 24 40 59 53 28 28 47
58 47 51 51 18 59 39 15 59 46 15 16 35 14 16 31
11 31 10 42 27 27 18 28 16 39 42 14 47 13 12 13
12 26 43 60 15 29 53 40 40 14 14 57 20 41 23 57
8 8 43 9 63 42 37 60 41 41 48 15 13 48 20 15
22 22 46 13 24 40 21 60 56 23 25 30 10 36 39 10
26 23 21 49 12 49 30 49 4 4 45 4 4 3 37 56
56 22 6 45 6 4 9 3 37 37 30 45 5 42 3 44
18 35 45 58 50 8 3 6 5 43 50 7 9 45 50 21
28 36 50 19 28 29 29 6 21 5 26 8 9 36 38 7
52 42 62 8 9 62 63 38 19 36 7 24 26 63 44 21
