1 0 1 0 1 1 1 0 1 0 0 1 0 0 1 1
0 1 0 0 0 1 1 0 1 1 0 1 0 0 1 0
0 0 1 0 1 1 1 0 0 1 1 0 1 0 1 0
0 0 0 1 1 0 1 0 0 0 0 0 1 0 0 1
1 0 0 1 0 0 1 0 1 0 1 1 0 0 1 0
1 0 1 0 1 0 1 1 1 1 0 1 1 0 1 1
1 1 1 0 1 0 0 0 1 1 0 0 0 0 0 1
0 0 1 1 0 1 1 1 0 0 1 0 0 1 0 1
0 1 1 1 1 1 1 0 0 0 1 0 0 0 1 0
1 1 1 1 1 1 0 1 1 0 0 0 1 0 0 1
0 0 1 0 0 1 1 1 1 0 1 0 0 1 1 0
1 0 0 0 1 0 1 0 1 0 1 1 1 1 1 0
0 1 1 1 0 0 1 1 1 1 1 1 1 1 0 0
1 0 1 0 1 0 0 0 1 0 1 0 1 1 1 0
1 1 1 1 1 1 1 1 1 0 0 0 1 0 0 1
1 0 1 0 1 1 0 0 0 1 1 0 0 0 0 0
59 27 18 52 35 61 10 58 20 17 17 61 31 7 16 20
62 16 7 5 3 18 51 7 16 16 5 57 11 13 8 11
9 7 16 3 55 14 53 29 17 8 26 27 26 13 63 19
25 25 25 49 14 9 26 21 36 21 29 11 14 25 21 14
14 17 17 22 11 25 20 23 24 56 35 59 54 29 37 40
39 42 4 7 4 9 59 28 35 8 15 22 39 42 39 47
43 53 45 27 41 56 5 19 57 12 9 58 11 9 29 55
54 40 22 55 46 63 61 55 3 15 18 5 15 22 21 18
3 53 45 35 53 45 26 60 52 38 10 62 62 54 37 62
6 39 35 8 51 47 5 8 39 60 31 58 37 60 60 37
36 60 41 23 38 47 20 41 18 54 55 42 52 47 61 52
4 19 23 21 12 3 41 62 63 27 12 43 59 22 63 29
15 12 12 63 15 13 10 61 57 59 24 37 30 41 27 19
49 56 51 52 30 58 23 48 30 38 30 38 45 10 20 38
30 49 49 47 45 53 49 10 43 42 44 31 43 23 13 57
57 46 43 48 6 6 36 36 36 51 4 31 31 42 50 48
