1 1 0 1 0 1 1 1 1 0 1 0 0 1 0 0
1 0 0 1 0 1 1 1 1 0 1 1 1 1 1 0
0 1 0 0 0 0 0 1 0 1 0 0 0 0 0 1
1 1 1 1 0 1 1 1 1 1 0 1 1 1 0 1
1 0 0 1 0 1 0 1 1 1 1 1 1 0 1 1
1 0 0 1 0 0 1 0 0 0 0 0 0 1 0 1
1 0 0 0 1 0 0 0 1 1 0 1 1 0 0 0
0 1 1 0 1 0 0 0 1 0 0 1 0 1 1 0
0 1 1 0 0 1 1 1 0 1 0 0 0 0 1 0
0 1 0 0 0 0 0 0 0 0 1 1 1 0 0 0
1 1 1 1 0 1 0 0 1 0 0 1 0 0 0 1
0 0 1 1 0 0 1 0 0 1 0 0 1 0 1 0
1 1 0 0 0 0 1 0 0 1 1 0 1 1 1 1
1 0 1 0 1 1 0 0 0 1 1 1 1 1 0 0
0 1 1 1 0 1 1 0 0 0 1 0 1 0 1 0
0 0 0 0 1 1 1 1 1 0 1 1 0 0 1 0
99 34 58 97 12 52 73 50 16 19 68 40 98 99 8 65
75 98 72 20 8 18 9 34 43 60 36 136 32 73 48 91
100 43 107 33 60 40 114 43 146 92 51 139 40 105 49 90
25 106 66 34 51 36 36 106 120 18 98 131 136 32 35 97
120 67 49 59 105 99 76 59 41 147 147 147 66 42 75 97
73 12 72 11 137 10 4 146 107 107 137 146 19 68 65 75
92 49 114 44 57 96 132 12 92 138 42 138 25 8 96 35
76 25 115 89 106 72 26 42 27 96 116 138 33 88 16 114
112 52 64 89 100 120 83 83 128 64 19 44 24 44 64 116
128 115 100 128 67 10 105 60 121 121 20 20 32 116 132 56
59 145 145 145 58 52 10 58 68 91 91 16 26 84 28 50
28 84 104 41 67 74 50 139 17 115 24 24 104 76 108 130
108 18 33 132 35 28 41 112 112 11 83 51 57 57 113 124
4 26 48 74 66 131 137 74 130 88 9 90 136 11 139 3
130 48 27 9 144 104 140 17 84 89 27 123 122 144 122 17
3 144 121 3 131 4 108 122 140 56 90 88 56 123 140 123
