1 1 1 0 1 0 0 0 1 0 1 1 1 0 0 1
1 0 1 1 1 1 1 1 1 0 1 1 0 0 0 1
1 1 1 0 1 1 1 1 1 1 0 1 1 1 0 0
1 1 0 0 1 1 1 0 1 0 0 0 0 0 1 0
1 1 0 0 1 1 0 1 1 1 0 0 0 1 0 0
0 0 0 1 1 0 0 1 1 1 0 1 0 0 1 1
1 1 1 1 0 0 0 0 0 0 1 1 1 0 1 1
0 1 0 0 1 0 0 0 0 0 1 1 1 1 0 1
1 0 1 0 1 0 0 0 0 1 1 0 0 0 1 1
0 0 1 1 0 0 0 0 0 0 1 0 1 1 0 0
0 0 1 0 1 1 0 1 1 1 1 1 0 0 0 0
0 0 0 1 0 0 0 1 0 1 0 0 1 0 1 0
0 0 0 1 1 1 1 0 0 0 0 0 0 0 1 0
0 1 1 0 0 0 0 1 0 1 1 1 0 0 1 1
1 0 0 1 0 1 1 0 0 1 0 0 1 1 0 0
1 0 0 1 1 1 1 0 1 1 1 0 1 0 0 1
16 92 64 132 83 10 114 121 64 84 34 104 41 12 10 25
113 123 16 138 52 140 9 50 73 74 59 36 56 112 44 90
90 20 41 65 11 20 36 122 32 11 28 52 97 122 100 28
52 136 100 112 106 57 32 116 108 33 24 146 96 67 66 91
59 104 3 42 122 140 89 140 36 20 65 67 10 66 130 130
128 60 128 11 147 51 51 25 57 48 44 48 3 3 9 32
48 25 64 43 40 67 33 24 28 76 4 68 66 72 59 57
65 92 84 96 106 100 8 91 33 96 92 99 113 108 130 113
27 19 97 107 131 144 139 91 144 136 115 112 137 105 147 83
89 114 41 83 60 24 58 42 19 56 73 76 108 16 74 19
116 128 88 146 136 88 137 124 68 34 88 9 12 56 40 44
60 114 72 68 72 123 35 4 8 4 8 35 129 137 106 17
105 49 49 129 147 73 124 49 12 123 26 26 42 146 129 107
26 120 18 89 116 58 105 138 121 138 115 90 121 51 131 43
120 40 107 115 144 99 104 132 58 99 132 76 131 120 84 17
18 74 17 145 97 124 18 35 145 27 145 98 27 98 98 43
