6 4 1 0 0 0 0 6 5 0 2 6 5 4 0 5
1 1 4 5 0 7 4 2 2 6 3 2 0 3 7 7
3 3 1 7 1 7 4 7 4 1 0 7 3 7 2 2
2 2 1 3 1 4 1 2 5 2 5 5 5 5 1 1
3 4 5 1 2 2 4 3 3 2 4 0 0 3 0 3
2 4 1 1 1 2 4 1 4 2 3 2 2 4 5 0
5 7 0 6 1 4 1 3 3 4 0 0 4 4 4 6
2 5 2 7 5 7 2 4 5 0 0 0 0 7 5 5
4 7 6 0 0 1 1 4 0 1 3 6 2 3 2 5
3 0 2 4 0 5 4 0 6 7 0 7 3 6 3 4
4 7 3 7 3 6 2 1 6 5 6 6 2 6 2 6
2 6 6 1 1 1 1 0 1 2 6 2 3 3 1 3
4 6 5 5 2 4 4 3 7 3 3 4 5 5 7 5
5 3 2 4 4 6 4 2 7 7 4 5 6 7 4 4
0 2 6 2 7 1 3 0 5 0 5 3 2 1 1 1
3 1 6 2 6 6 1 0 7 6 5 4 4 5 7 3
9 7 4 11 11 11 11 9 8 3 5 9 8 7 3 8
4 4 7 8 3 10 7 5 5 9 6 5 3 6 10 10
6 6 4 10 15 21 18 21 18 15 22 21 17 21 16 16
16 16 33 17 15 28 15 24 19 24 19 19 19 47 23 23
17 18 29 33 34 34 36 27 27 44 28 22 22 27 22 27
44 84 43 33 43 34 84 43 28 54 17 54 54 56 39 42
57 59 42 48 53 56 53 55 55 46 52 52 36 36 36 68
44 39 44 69 47 31 24 76 47 60 60 60 60 31 29 29
18 89 20 52 32 23 33 28 32 23 35 30 34 35 72 47
35 42 24 46 42 39 76 32 30 31 32 31 65 40 65 76
76 51 65 51 65 30 64 63 68 29 30 78 64 78 64 78
72 68 48 91 91 91 91 52 43 72 78 64 75 75 63 93
56 20 39 67 92 94 94 35 41 93 93 94 87 87 41 87
87 93 72 84 94 88 84 92 59 41 56 57 88 41 46 46
90 82 88 54 51 53 55 90 77 90 77 75 82 63 81 81
75 81 88 92 48 40 53 90 51 48 67 66 66 67 89 83
