0 1 1 1 1 0 0 1 0 1 1 1 0 0 1 1
0 1 0 1 0 1 0 0 0 0 1 1 0 0 0 1
0 0 0 1 0 1 0 1 1 1 1 0 0 0 1 0
1 1 0 0 1 0 1 0 1 1 0 0 1 1 0 1
0 0 1 0 0 1 0 0 1 0 1 1 0 0 1 1
1 1 0 0 1 0 0 1 1 1 0 1 1 0 1 0
1 0 0 0 0 0 1 0 1 1 0 0 0 1 1 0
1 1 1 1 1 0 0 0 1 1 0 0 1 0 0 1
0 0 1 1 1 0 1 0 0 0 0 1 0 0 0 0
1 0 1 0 1 0 1 0 0 1 1 1 1 1 0 1
1 0 1 0 0 1 0 1 0 0 1 1 0 1 0 0
0 0 1 1 0 1 1 1 1 0 0 0 0 1 1 0
0 0 1 1 1 1 0 0 0 1 0 1 0 0 1 1
1 0 1 0 0 1 1 1 1 1 1 1 1 0 1 1
0 1 1 1 1 1 1 1 1 1 0 0 0 0 0 0
0 0 0 1 1 1 0 1 1 0 0 1 1 0 0 0
70 71 8 7 15 14 17 32 37 59 39 71 33 14 27 47
21 23 22 23 30 67 50 22 37 45 32 60 58 37 42 28
34 70 29 19 57 31 30 31 39 15 31 25 66 45 48 22
12 63 61 46 35 13 71 46 68 64 58 30 27 27 37 64
70 70 68 21 69 63 13 61 7 58 43 63 58 29 32 31
68 51 69 21 20 29 13 60 71 12 14 32 7 42 39 45
16 29 38 21 14 9 28 13 8 28 57 26 49 68 59 22
16 16 8 7 24 46 33 46 63 60 65 45 19 65 65 16
25 25 64 64 56 50 19 62 49 38 30 11 69 69 53 53
12 54 24 50 19 50 52 17 17 67 56 67 56 44 61 59
59 57 51 26 49 20 49 20 66 66 11 28 66 48 65 62
62 62 48 20 6 11 11 48 8 26 57 26 54 60 35 18
18 9 35 67 35 27 38 18 42 44 42 55 38 54 56 23
23 18 51 54 41 55 51 55 40 40 39 40 40 53 52 44
41 47 47 47 52 15 55 43 15 52 9 9 25 41 17 41
53 61 10 12 44 43 10 36 36 10 10 43 36 34 34 34
