0 0 1 0 0 1 0 0 1 0 1 0 1 0 0 1
0 0 0 0 0 0 1 0 1 1 1 1 0 0 1 0
0 0 1 0 1 0 0 0 0 1 1 1 0 0 1 0
0 0 0 0 1 0 0 1 1 0 1 0 1 0 1 1
1 1 0 0 1 1 1 0 1 0 1 0 0 0 0 1
1 1 0 1 1 0 0 0 0 1 0 1 1 1 1 0
1 1 0 0 1 1 0 1 1 0 0 0 1 0 0 0
1 0 0 1 1 1 0 1 0 1 0 1 1 1 1 1
1 1 0 0 0 0 1 1 0 1 0 0 1 0 0 1
0 0 0 0 0 1 1 1 0 0 1 0 1 1 1 1
1 1 1 0 0 0 1 0 1 1 0 0 1 1 1 0
1 1 0 1 1 1 1 1 0 0 0 1 0 1 1 1
1 0 1 1 1 0 1 1 0 0 1 0 0 1 1 0
1 0 1 0 1 1 0 1 0 0 0 0 1 0 1 0
0 1 0 1 1 0 1 0 1 0 1 1 0 1 1 0
0 1 1 1 0 1 1 1 1 0 0 0 1 0 1 1
10 69 52 53 53 27 66 30 8 45 71 41 55 50 22 52
70 30 65 26 41 10 48 65 63 31 68 56 21 37 8 17
29 22 23 6 20 65 46 26 26 8 40 19 26 45 40 22
65 66 33 10 28 42 22 8 68 10 64 42 64 66 28 64
67 68 42 46 11 52 52 61 64 58 20 41 70 41 69 20
35 19 66 23 43 33 54 54 46 59 54 71 11 71 39 46
19 48 69 54 35 20 14 28 48 38 57 30 32 14 6 37
19 14 62 71 24 59 42 68 70 56 30 35 15 48 12 43
16 43 70 18 14 29 32 28 58 23 6 62 32 29 58 32
61 25 58 62 13 44 60 16 62 37 23 6 31 43 56 40
51 31 31 38 29 25 56 21 24 15 37 18 59 60 7 21
15 51 38 24 67 15 63 12 25 57 45 16 61 40 63 7
16 50 12 35 12 50 24 67 34 53 67 45 53 7 39 69
36 34 63 50 59 27 18 44 18 38 13 57 7 61 44 34
17 60 17 47 47 17 47 34 47 21 44 36 25 11 36 13
49 55 55 11 57 60 55 39 36 33 49 33 27 9 51 39
