0 0 0 0 0 0 0 0 0 0 0 0 0 0 0 0
1 1 1 1 1 1 1 1 1 1 1 1 1 1 1 1
0 0 0 0 0 0 0 0 0 0 0 0 0 0 0 0
1 1 1 1 1 1 1 1 1 1 1 1 1 1 1 1
0 0 0 0 0 0 0 0 0 0 0 0 0 0 0 0
1 1 1 1 1 1 1 1 1 1 1 1 1 1 1 1
0 0 0 0 0 0 0 0 0 0 0 0 0 0 0 0
1 1 1 1 1 1 1 1 1 1 1 1 1 1 1 1
0 0 0 0 0 0 0 0 0 0 0 0 0 0 0 0
1 1 1 1 1 1 1 1 1 1 1 1 1 1 1 1
0 0 0 0 0 0 0 0 0 0 0 0 0 0 0 0
1 1 1 1 1 1 1 1 1 1 1 1 1 1 1 1
0 0 0 0 0 0 0 0 0 0 0 0 0 0 0 0
1 1 1 1 1 1 1 1 1 1 1 1 1 1 1 1
0 0 0 0 0 0 0 0 0 0 0 0 0 0 0 0
1 1 1 1 1 1 1 1 1 1 1 1 1 1 1 1
6 8 10 12 14 16 18 20 22 24 26 28 30 32 34 36
39 41 43 45 47 49 51 53 55 57 59 61 63 65 67 69
70 6 8 10 12 14 16 18 20 22 24 26 28 30 32 34
37 39 41 43 45 47 49 51 53 55 57 59 61 63 65 67
68 70 6 8 10 12 14 16 18 20 22 24 26 28 30 32
35 37 39 41 43 45 47 49 51 53 55 57 59 61 63 65
66 68 70 6 8 10 12 14 16 18 20 22 24 26 28 30
33 35 37 39 41 43 45 47 49 51 53 55 57 59 61 63
64 66 68 70 6 8 10 12 14 16 18 20 22 24 26 28
31 33 35 37 39 41 43 45 47 49 51 53 55 57 59 61
62 64 66 68 70 6 8 10 12 14 16 18 20 22 24 26
29 31 33 35 37 39 41 43 45 47 49 51 53 55 57 59
60 62 64 66 68 70 6 8 10 12 14 16 18 20 22 24
27 29 31 33 35 37 39 41 43 45 47 49 51 53 55 57
58 60 62 64 66 68 70 6 8 10 12 14 16 18 20 22
25 27 29 31 33 35 37 39 41 43 45 47 49 51 53 55
