0 0 1 1 0 0 0 1 0 0 0 1 1 1 0 0
1 0 0 1 0 0 0 0 0 1 1 1 0 1 0 0
1 0 0 1 1 0 0 0 1 1 1 0 0 0 0 0
0 1 1 0 1 1 0 1 0 1 1 0 0 0 1 0
0 1 1 1 0 0 1 0 1 1 0 0 0 0 1 0
0 1 1 0 0 0 0 1 1 0 0 0 0 0 0 1
1 0 0 0 0 0 1 1 1 0 1 1 1 0 0 0
0 1 0 0 1 1 1 0 1 0 0 1 1 0 0 0
1 0 0 1 0 1 1 0 1 0 0 1 1 0 1 1
0 1 1 1 1 1 1 1 1 1 0 1 0 0 1 1
1 0 0 0 0 0 0 0 0 0 0 0 1 0 0 0
1 1 0 0 1 0 0 0 1 0 1 1 0 0 0 0
1 1 0 0 0 1 1 1 0 0 0 0 0 0 1 0
1 1 1 0 0 1 0 1 1 0 1 1 0 1 0 1
0 0 1 0 0 0 1 1 0 0 0 1 1 0 0 1
0 1 0 1 1 1 1 1 0 1 1 1 0 0 0 0
26 62 37 55 56 42 42 7 14 50 52 11 59 33 46 46
49 10 60 37 20 32 54 46 70 71 55 29 70 25 60 58
61 36 14 19 41 36 54 22 51 45 59 46 70 62 12 34
70 23 65 26 53 55 40 55 24 69 61 44 52 38 21 34
26 57 53 29 66 56 19 8 53 61 60 14 34 12 53 26
18 13 17 34 48 50 68 61 23 62 12 60 38 34 28 55
17 42 22 52 64 58 15 55 37 20 39 37 45 68 36 60
10 41 6 50 55 53 65 40 7 24 62 65 33 62 40 38
45 28 44 27 22 53 37 60 65 42 40 19 9 30 21 11
66 9 49 71 63 49 57 27 17 15 44 25 18 22 65 57
65 52 44 60 20 40 14 48 20 20 70 12 53 56 60 50
45 31 6 44 35 16 66 56 43 56 33 63 46 18 54 26
67 51 52 20 60 15 61 35 54 34 50 10 66 36 57 70
29 27 69 22 62 53 64 71 43 28 65 45 48 13 44 63
66 30 71 20 56 48 39 25 48 36 28 25 41 26 40 39
40 65 40 55 69 47 51 13 28 35 43 27 14 44 32 32
