0 1 1 1 1 1 0 0 1 0 1 1 0 0 0 1
1 1 1 0 0 0 1 0 0 1 1 1 0 0 0 0
0 1 0 1 1 1 1 0 0 0 0 0 1 0 0 1
0 0 1 0 0 1 0 1 0 1 0 1 0 0 0 1
0 0 0 0 1 1 1 0 1 0 1 1 1 1 1 1
1 1 0 1 0 1 0 0 0 1 1 0 0 0 0 0
1 1 0 0 1 0 0 1 0 1 0 1 0 0 1 0
0 1 1 1 1 0 1 0 0 1 1 1 0 1 1 0
0 0 1 0 0 0 1 1 1 0 0 1 1 1 1 1
0 1 0 0 0 0 0 1 1 1 1 1 0 0 0 1
1 0 0 0 1 1 0 0 0 1 0 1 0 0 1 0
0 0 0 0 1 0 0 1 1 1 0 1 0 1 0 1
1 1 0 0 1 1 1 1 0 0 1 1 0 0 0 0
0 0 0 0 1 0 1 0 0 1 1 1 0 1 1 0
1 1 0 1 0 1 1 1 0 1 0 1 1 1 0 1
0 1 1 0 1 1 0 1 0 1 0 0 0 0 1 0
40 71 65 37 47 17 28 68 55 22 71 61 16 52 40 55
45 55 23 26 32 24 7 36 18 7 49 57 6 28 46 16
52 37 48 71 65 71 27 18 70 58 44 8 57 62 52 13
56 26 17 68 38 25 22 31 54 27 44 47 50 10 44 71
48 20 36 38 25 45 47 8 35 8 65 45 67 53 49 55
43 47 62 55 20 35 22 14 28 45 47 24 22 10 12 36
33 67 14 56 23 18 6 15 18 53 64 51 62 6 71 34
26 59 9 51 71 30 59 12 6 27 9 47 44 35 65 48
46 28 71 66 40 32 21 45 25 38 32 63 61 33 43 39
54 43 42 40 38 52 10 13 7 39 37 41 10 30 10 57
57 14 48 56 31 39 64 34 12 9 54 39 14 12 71 50
30 10 66 58 39 64 56 19 37 11 32 43 56 45 60 41
57 21 18 40 35 63 31 53 52 38 65 69 62 44 28 48
44 42 52 54 17 66 51 18 56 71 25 25 28 39 69 54
57 47 16 7 50 51 9 25 56 23 60 25 67 7 60 7
26 37 51 54 13 45 48 61 50 65 44 68 66 32 59 20
