0 0 0 1 0 0 0 0 0 1 0 1 0 1 1 0
0 0 0 1 0 0 0 0 0 1 1 1 1 0 1 1
1 0 1 1 0 0 1 1 0 1 0 0 1 1 1 1
0 0 1 1 0 0 0 1 0 0 1 1 0 1 0 1
0 1 1 1 0 0 1 0 1 1 1 1 0 0 1 0
1 1 1 1 0 0 0 1 0 1 0 1 0 1 1 1
0 0 1 0 0 1 1 1 0 1 1 1 0 0 1 0
0 0 0 1 1 1 1 1 0 1 0 0 0 1 0 1
0 1 1 1 1 1 1 0 1 1 1 0 0 1 1 0
0 0 1 0 1 0 1 1 0 0 1 1 0 0 1 1
1 1 0 0 0 1 1 1 0 0 1 0 0 1 1 1
0 0 1 1 1 0 1 1 0 1 1 0 1 0 1 0
0 1 0 0 0 1 1 0 1 0 1 1 1 1 1 1
1 1 0 0 1 1 1 0 1 1 0 1 0 0 0 1
1 0 0 0 0 0 0 0 1 1 0 1 1 1 1 1
0 0 0 1 1 1 1 1 0 1 0 1 1 0 0 0
58 56 16 23 64 14 68 22 36 43 44 55 40 17 45 56
30 60 26 63 64 16 18 56 58 61 13 23 13 32 69 45
57 68 31 23 6 30 21 59 16 51 44 50 43 15 7 19
54 14 25 47 64 52 36 61 10 64 19 53 66 25 26 51
30 69 61 13 62 52 39 60 25 55 9 31 50 50 49 34
41 25 7 11 28 6 18 29 66 39 8 63 26 65 65 37
18 60 67 22 58 43 41 43 62 35 27 19 30 26 65 24
6 32 48 53 49 33 35 37 30 37 8 62 26 35 52 9
36 7 31 47 61 17 21 54 33 11 65 24 66 15 35 20
6 48 47 12 19 42 9 57 54 54 15 53 52 30 43 59
21 51 32 42 56 57 65 49 36 46 51 20 6 27 39 59
50 44 47 11 71 16 19 57 6 15 61 46 33 48 11 32
40 45 8 54 44 27 33 16 59 16 53 27 45 39 23 21
55 53 18 20 21 61 35 6 19 53 58 65 68 58 36 29
47 32 62 12 70 36 68 28 47 67 20 19 33 33 11 61
16 54 56 23 23 71 49 27 8 49 70 63 51 8 44 36
