1 1 1 0 0 1 1 0 0 1 0 1 1 1 1 1
1 1 1 0 1 0 1 1 0 1 1 0 1 1 1 1
0 1 0 1 1 1 0 0 0 1 1 0 1 0 1 0
1 1 0 0 0 0 0 1 0 1 0 1 0 1 0 0
1 1 1 1 1 1 1 1 1 1 0 0 1 1 0 1
0 1 1 1 0 1 0 1 0 0 1 1 1 0 1 0
1 1 1 1 0 0 1 0 1 0 0 1 0 0 0 0
1 1 1 0 1 1 1 1 0 0 0 1 1 1 0 1
0 1 0 1 0 1 1 0 0 0 1 1 1 1 0 1
1 0 0 1 1 0 0 1 1 1 0 0 1 1 1 0
1 1 0 0 0 1 1 1 1 1 0 1 1 0 0 1
1 0 0 0 0 1 1 1 1 1 0 1 1 1 0 1
0 1 1 1 0 1 1 1 0 0 1 1 0 0 1 1
0 0 1 1 1 0 1 0 0 0 0 0 0 1 0 0
1 0 0 1 1 1 1 0 1 1 0 1 0 0 1 1
1 0 0 0 1 1 0 0 0 0 0 1 0 0 1 1
9 57 35 68 26 53 43 60 26 31 70 29 57 21 19 29
43 9 57 6 39 30 51 43 24 21 41 64 9 45 15 57
52 43 66 57 23 13 28 16 58 71 47 60 25 48 7 54
61 17 20 34 70 18 44 41 16 31 12 15 40 51 24 34
31 29 41 33 23 11 49 17 21 21 36 24 43 35 70 45
10 33 35 25 50 47 20 63 20 12 59 25 43 46 23 68
47 15 41 21 60 38 55 22 51 44 66 63 54 14 38 58
25 25 45 46 19 39 67 51 16 66 12 43 27 55 64 51
66 69 32 33 22 7 71 26 10 28 27 67 31 47 20 51
7 56 46 19 31 60 14 69 53 29 6 52 37 43 35 14
33 65 34 12 26 13 19 63 65 63 12 51 61 42 66 65
45 54 14 68 20 11 19 69 9 33 40 37 49 37 70 39
70 9 31 51 34 25 59 57 38 38 13 65 68 34 57 39
30 36 69 59 13 50 55 62 36 18 34 60 46 49 60 36
59 28 14 29 13 47 27 38 63 19 22 27 16 18 61 45
51 62 64 46 19 35 10 36 30 32 14 43 64 68 27 21
