1 0 1 1 0 1 0 0 1 0 1 1 0 0 1 0
0 1 1 0 0 0 0 0 1 1 1 0 0 1 0 1
0 1 0 0 0 0 1 0 0 0 0 1 0 1 0 0
1 1 1 1 1 1 1 1 1 1 0 1 0 1 1 0
0 1 1 1 1 0 1 1 0 1 1 0 0 1 0 0
0 1 1 1 0 0 1 1 0 0 1 0 1 1 1 0
1 1 0 1 0 0 1 1 1 1 1 1 1 1 1 0
1 0 0 1 1 0 1 0 0 0 1 0 1 1 1 0
1 0 1 1 0 1 1 1 1 0 0 1 0 1 1 0
0 1 0 0 1 1 0 0 1 1 1 0 0 0 0 1
1 0 0 0 1 1 0 0 1 1 0 1 0 1 0 1
1 0 0 0 1 0 1 0 1 0 0 0 0 0 0 1
1 0 1 1 0 1 1 0 1 1 0 1 0 0 1 0
0 0 0 1 1 1 0 1 1 0 1 1 1 1 1 0
0 0 0 1 0 1 1 1 0 0 0 0 0 1 1 1
1 0 1 0 1 0 1 0 1 1 1 1 0 1 1 1
17 62 9 59 56 35 40 12 67 64 43 51 22 56 21 24
56 27 57 16 30 24 52 34 21 31 35 18 34 27 66 45
52 15 54 26 30 44 27 66 16 28 14 17 12 45 44 50
33 49 25 47 67 39 39 65 51 13 26 69 10 19 15 50
36 17 33 61 61 70 33 7 66 25 49 22 58 49 42 10
20 23 25 35 36 54 57 67 62 24 33 48 65 13 61 54
25 9 52 47 24 16 7 23 33 61 29 11 33 49 59 12
27 64 24 13 43 62 37 64 52 8 21 52 27 53 31 62
23 56 39 63 62 59 45 71 51 48 8 23 6 21 67 22
40 53 6 14 19 35 66 34 59 51 23 42 62 56 40 19
7 48 64 12 47 49 60 38 29 15 24 39 34 49 66 67
15 40 12 10 49 42 15 26 67 70 68 26 18 68 58 51
25 60 45 67 60 43 45 68 47 45 6 63 22 22 55 48
44 68 58 47 21 59 12 57 9 6 25 57 27 51 35 36
50 6 56 25 40 39 35 47 40 60 12 14 70 53 37 31
27 52 31 46 47 28 15 70 65 45 45 69 10 41 69 37
