1 0 1 1 0 0 0 1 1 0 1 1 0 0 1 1
1 1 1 1 0 0 1 0 1 1 0 0 0 0 1 1
0 0 1 1 1 1 1 0 0 1 0 1 1 0 1 1
1 0 1 0 1 1 1 1 0 1 1 1 1 1 1 0
0 0 0 0 1 0 1 0 1 0 1 1 1 1 0 0
0 1 0 1 1 0 0 0 1 0 1 0 0 1 0 1
1 1 0 1 0 1 0 1 1 1 1 1 0 0 1 1
1 1 1 1 0 1 1 1 1 1 1 0 0 1 1 1
0 0 1 0 1 1 1 0 0 1 0 0 0 1 1 1
1 1 0 1 0 0 1 0 1 1 1 1 0 0 1 1
1 1 1 0 0 1 0 1 0 0 0 1 1 1 1 0
1 0 1 0 1 1 1 1 1 1 1 0 0 0 1 1
1 0 1 1 0 1 0 0 1 1 0 1 0 1 0 0
1 0 0 1 1 1 1 0 1 1 0 1 1 0 1 0
1 1 0 1 0 0 0 1 0 1 0 0 0 1 0 0
1 1 1 0 1 0 1 0 1 0 0 0 0 0 1 1
39 24 29 17 70 30 58 31 13 48 55 47 10 10 65 61
9 39 11 65 8 24 17 22 43 71 40 46 68 70 53 67
56 22 25 19 23 37 49 24 68 37 18 59 45 64 59 33
45 24 57 54 63 7 19 57 58 7 33 47 57 25 69 20
32 30 36 32 31 16 45 10 27 66 21 7 65 27 8 42
24 63 44 15 63 44 64 10 23 68 31 32 38 59 56 57
9 39 46 17 18 47 40 43 45 9 19 41 50 8 33 35
33 23 71 7 28 35 63 15 31 67 7 48 32 29 45 27
64 40 31 56 37 11 39 58 24 61 18 32 34 53 11 67
51 37 58 51 54 70 69 36 27 67 45 45 28 40 57 17
23 61 57 24 38 11 12 71 18 12 18 17 69 57 27 54
17 52 61 66 69 37 43 45 19 23 67 22 30 36 29 49
9 18 45 59 48 51 38 68 65 29 64 31 52 33 70 16
57 22 12 53 35 65 49 38 57 27 12 49 71 52 29 30
37 37 20 19 68 22 14 47 12 13 42 40 60 47 34 46
35 53 41 60 41 44 67 58 25 30 20 28 56 40 61 35
