0 1 0 0 1 0 1 0 1 1 0 0 0 0 1 0
1 1 0 1 0 0 1 0 0 1 0 1 0 1 1 0
0 1 1 0 1 0 0 1 1 1 1 0 0 0 0 0
1 1 0 0 0 1 1 1 0 1 1 1 1 0 0 0
0 0 0 1 1 0 0 0 0 0 0 0 1 0 1 0
0 0 1 1 0 1 0 1 1 1 1 0 0 0 0 0
0 1 0 1 0 1 1 1 1 0 0 0 0 1 0 0
1 0 0 1 0 0 0 1 1 0 1 0 0 1 0 0
0 1 1 1 1 0 1 0 0 1 1 1 1 1 0 1
1 1 1 1 1 0 0 1 0 1 1 1 1 1 0 1
0 0 1 1 1 1 1 0 0 1 0 0 1 1 0 0
0 1 1 0 0 1 1 1 0 1 1 0 0 1 1 0
0 0 0 1 1 0 1 0 1 0 0 0 0 1 0 0
0 1 1 0 1 1 0 1 1 1 0 0 0 0 0 1
1 0 1 0 1 0 0 0 0 1 0 0 1 1 0 0
1 1 1 0 1 0 0 0 1 1 1 0 1 1 1 0
34 11 16 50 15 68 55 16 31 39 36 68 10 56 15 64
15 25 34 61 58 28 57 64 30 15 12 31 34 61 69 24
62 7 49 60 21 66 52 71 29 71 11 6 52 40 56 20
35 63 12 58 36 13 55 27 12 51 39 63 17 64 68 56
44 66 56 63 31 6 62 64 14 42 8 50 17 50 51 22
68 52 67 31 6 23 68 61 65 31 33 24 58 28 42 54
14 39 60 43 26 7 11 13 31 8 60 54 64 35 8 66
61 20 34 45 36 56 62 33 29 34 55 62 20 35 40 32
18 47 17 47 15 54 25 12 10 37 67 49 51 25 50 55
27 39 9 69 33 28 46 9 16 27 53 53 39 23 16 35
60 44 37 27 57 19 29 68 10 69 8 70 57 17 8 32
8 9 55 66 66 61 25 11 42 17 23 8 70 29 31 8
10 34 66 15 69 44 35 58 65 24 40 68 40 23 22 58
50 31 15 28 31 65 52 65 15 17 18 32 18 50 10 29
7 16 15 6 21 44 24 60 12 59 52 46 35 57 48 54
7 41 9 68 65 52 66 58 67 41 25 62 49 41 61 28
