1 0 0 1 0 0 0 0 0 0 0 1 0 1 0 1
1 0 1 1 1 0 0 0 0 1 1 1 0 1 0 1
1 1 1 1 1 0 1 1 0 1 1 0 0 1 0 1
0 1 0 1 1 0 1 1 1 1 0 1 0 0 0 0
0 1 0 0 0 0 1 1 0 1 1 1 1 0 0 1
1 1 0 1 1 0 0 1 0 0 1 1 1 1 1 1
1 1 1 0 0 0 1 1 0 0 0 1 1 1 1 0
0 0 1 1 0 1 0 1 0 1 1 0 1 1 1 0
0 1 1 1 0 1 1 0 1 1 1 0 0 1 1 0
1 1 0 0 1 0 0 0 0 0 1 1 0 0 1 1
1 0 0 1 0 1 1 0 0 0 0 0 0 1 1 0
0 0 0 0 1 0 0 0 1 0 1 1 0 1 1 1
0 0 1 1 1 1 1 0 1 1 1 0 0 0 0 1
1 1 0 0 1 1 1 0 0 0 0 1 1 0 1 1
1 0 0 0 0 0 1 1 0 1 1 0 0 1 1 0
1 1 0 1 0 1 0 1 1 0 0 0 0 0 0 1
61 36 12 35 22 64 18 48 34 8 64 41 24 43 20 15
65 12 41 27 61 26 40 12 32 61 51 23 60 69 6 35
61 25 69 15 15 22 11 57 46 55 51 42 18 25 14 11
24 69 56 37 23 50 67 69 59 47 52 61 14 16 24 36
68 45 38 50 68 30 61 61 12 35 29 61 43 28 62 47
47 55 8 11 69 30 44 67 68 32 57 23 45 57 47 7
19 35 49 60 60 62 29 17 34 30 48 69 69 51 67 30
64 18 9 69 14 59 24 69 28 13 71 32 65 55 59 12
70 61 23 51 44 47 71 60 47 61 67 42 46 29 45 36
21 21 26 48 51 60 10 16 42 22 23 21 52 62 71 19
27 8 8 7 44 31 41 40 66 46 56 58 70 23 13 32
60 42 70 6 69 42 10 30 31 14 31 35 14 35 69 55
16 46 23 65 15 47 43 66 49 55 57 40 16 28 44 25
27 11 70 22 25 19 71 36 60 68 34 67 55 38 51 51
39 30 68 58 66 6 47 31 8 53 41 36 40 31 41 18
43 39 24 67 62 35 6 31 23 38 22 14 70 62 56 33
