1 1 1 0 1 0 1 1 0 0 1 0 1 0 0 1
1 0 1 1 1 0 0 0 0 0 1 1 0 0 1 0
0 0 1 0 1 0 1 0 0 1 0 1 1 0 0 1
0 0 1 0 0 1 0 0 0 0 1 0 0 1 1 0
0 1 0 1 0 0 1 0 1 0 0 1 1 0 1 1
1 0 0 0 0 0 1 0 0 0 1 0 1 0 0 1
0 0 0 1 1 1 0 0 0 1 1 1 0 0 0 0
1 1 1 0 0 0 0 1 1 0 0 0 0 1 0 1
0 1 0 1 0 1 1 0 1 1 0 1 1 1 1 1
0 1 0 0 0 0 0 0 0 0 0 1 0 1 0 0
1 0 0 0 1 1 0 1 0 1 1 1 0 1 0 0
0 1 0 1 0 0 0 1 1 0 1 1 0 0 1 1
0 1 1 1 1 1 0 1 1 1 0 1 1 0 0 0
1 0 0 0 0 1 1 1 0 0 1 0 1 1 0 0
0 0 0 1 0 1 0 1 0 1 1 0 1 1 0 0
0 1 1 0 1 1 0 0 1 1 1 0 0 1 1 0
57 31 11 32 65 52 23 45 36 22 29 48 49 50 42 27
35 26 41 43 59 42 20 34 8 68 19 61 6 12 71 52
62 66 19 64 49 8 7 22 56 65 68 19 21 58 12 13
44 58 55 52 38 19 10 30 48 28 7 8 12 51 7 26
40 17 60 21 54 26 29 16 45 70 56 61 55 48 57 71
13 32 12 70 6 52 21 30 56 16 7 56 27 42 58 49
54 70 56 31 59 51 38 62 16 43 19 65 32 20 44 26
71 69 29 28 66 10 66 61 13 48 64 32 36 55 26 29
44 25 44 39 58 63 63 62 23 21 18 33 33 19 7 49
20 17 36 24 20 18 20 18 20 62 22 39 62 51 16 44
21 18 66 40 35 47 66 11 40 37 43 37 52 55 58 36
46 71 28 29 62 22 66 25 33 38 51 45 12 48 71 33
42 27 57 63 59 13 32 71 51 21 20 9 61 24 62 44
65 16 44 30 10 41 55 59 30 46 55 46 57 69 48 56
58 28 22 55 16 31 42 27 54 37 41 48 39 39 18 18
64 39 33 8 11 49 8 68 33 23 69 44 24 37 25 60
