0 0 1 1 0 0 0 1 1 1 0 0 1 0 1 1
0 0 1 0 1 1 1 0 0 0 1 1 0 1 0 1
0 0 0 1 1 1 0 1 1 1 0 0 0 1 1 1
1 1 0 1 1 1 1 1 0 1 0 0 1 0 0 0
1 1 0 0 1 0 1 0 0 1 1 0 1 0 1 1
0 0 1 0 1 1 1 1 0 0 1 0 0 1 1 1
0 0 1 0 1 1 1 0 1 0 1 1 0 1 1 1
1 1 1 0 0 0 1 0 0 0 1 1 1 0 1 1
1 0 1 1 1 0 1 0 0 1 0 0 0 0 1 0
0 0 1 0 1 1 1 0 0 1 0 0 0 0 1 1
0 0 1 0 1 1 0 0 1 1 0 0 1 1 1 1
1 1 0 1 0 1 1 0 1 0 0 1 0 1 1 0
1 0 1 1 1 1 1 0 1 1 1 1 1 1 0 1
0 0 0 0 0 0 0 0 1 0 0 1 0 1 1 1
1 0 0 1 1 0 0 0 1 1 0 1 1 0 0 1
1 0 0 0 1 0 0 1 1 0 1 1 0 1 1 1
8 54 59 55 56 14 22 71 7 41 6 62 63 12 49 39
68 30 51 46 31 53 47 64 12 42 37 9 12 53 16 65
56 22 50 11 51 15 18 59 63 7 70 66 20 35 45 49
37 67 16 71 49 63 59 63 44 39 18 30 37 20 32 48
51 57 12 68 55 38 55 18 58 19 53 48 15 48 13 11
14 20 41 16 63 35 37 37 18 34 51 68 52 57 7 15
54 54 19 18 17 47 71 40 45 28 9 57 38 71 71 63
15 61 41 58 62 50 31 58 50 30 23 25 43 42 17 37
71 52 35 31 33 36 47 8 24 31 48 32 42 60 11 28
42 54 15 48 25 33 49 42 6 9 24 68 68 6 37 31
22 46 19 44 27 55 12 20 69 29 46 70 33 31 57 41
19 69 56 51 18 71 69 62 29 30 14 19 8 33 35 68
51 8 29 71 27 9 21 50 15 37 23 53 21 39 44 71
26 58 14 10 8 26 54 68 71 64 20 25 20 19 47 23
23 34 14 7 35 32 30 50 11 43 48 69 33 56 52 13
59 32 62 26 65 52 26 17 29 40 61 25 16 61 17 37
