0 0 0 1 0 0 1 1 0 0 1 0 1 1 1 0
1 0 0 0 1 1 1 1 1 1 0 0 0 0 0 0
0 1 1 1 1 0 1 0 0 1 0 1 0 0 0 0
0 0 0 0 1 0 0 1 0 0 1 0 0 0 0 0
1 0 0 1 1 1 1 1 0 1 1 0 1 0 1 1
0 0 0 0 0 1 0 0 0 0 1 1 1 0 1 1
0 0 1 1 1 0 0 1 0 0 0 1 0 0 0 1
0 0 0 0 1 0 1 1 0 0 1 0 1 0 0 0
0 0 0 1 1 0 1 1 0 0 1 1 1 1 0 0
0 0 1 1 0 0 1 0 0 1 1 0 0 0 1 1
0 0 0 1 0 1 0 0 1 1 0 1 1 1 0 0
0 0 0 1 1 1 1 1 1 1 1 1 1 1 0 0
1 1 1 0 0 0 0 0 1 1 0 0 1 0 1 0
1 1 0 0 0 0 1 1 0 0 1 0 1 0 1 1
1 1 1 1 0 1 1 0 0 0 1 0 1 1 0 0
1 1 0 0 0 1 1 0 1 0 0 0 1 0 0 1
28 20 46 65 44 8 55 51 60 18 65 14 59 65 33 62
39 52 10 14 31 59 67 65 67 29 54 44 14 60 22 66
68 31 65 41 57 26 29 32 56 29 20 65 24 54 18 58
42 22 8 52 11 26 32 55 64 14 39 26 6 28 28 60
15 56 20 53 65 53 37 29 12 31 9 56 15 10 57 7
42 22 14 46 52 71 28 38 64 56 39 49 31 54 67 65
56 10 9 41 17 34 30 7 56 12 42 55 56 12 10 21
24 62 14 54 61 32 7 15 66 28 21 30 41 36 58 60
54 20 46 11 27 52 55 43 6 40 21 27 9 41 12 68
68 18 55 71 56 58 57 54 12 11 21 66 48 56 27 47
66 20 54 51 60 19 64 52 31 57 26 45 23 13 68 8
48 10 60 13 41 33 43 51 63 17 49 65 63 47 14 14
51 33 63 62 60 66 12 38 13 49 24 40 39 26 23 68
37 63 28 10 16 20 23 55 60 12 33 62 41 44 53 49
43 61 13 55 56 27 15 44 36 70 55 12 51 57 50 58
9 69 22 8 16 17 53 42 71 30 18 58 25 24 70 67
