0 0 1 1 1 1 1 1 0 0 0 0 1 1 0 1
1 1 0 0 0 0 1 1 1 1 0 1 1 1 1 0
1 0 1 1 1 0 1 0 0 0 1 0 0 0 0 1
0 0 0 1 0 0 0 0 1 0 0 0 0 1 0 0
0 0 1 1 1 1 1 0 1 0 0 0 1 0 1 0
0 0 0 0 1 1 0 0 1 0 0 1 0 1 1 1
1 0 0 0 1 0 1 0 0 1 1 0 0 1 0 0
1 0 1 0 0 0 1 1 1 1 1 0 0 0 1 0
0 0 1 0 1 1 1 1 0 0 0 0 0 0 1 1
0 0 0 0 1 0 0 1 0 0 1 0 0 1 0 0
1 0 0 1 0 0 1 0 1 0 0 0 0 1 0 0
1 1 1 1 1 1 0 1 1 1 1 1 1 1 1 1
0 1 0 0 1 0 0 0 1 0 0 0 1 1 0 0
0 1 1 1 0 1 1 0 1 1 0 1 1 1 0 1
0 1 0 0 1 0 0 1 0 0 0 0 0 0 0 0
0 1 1 1 1 0 1 1 1 0 1 1 0 1 0 0
24 46 47 15 13 13 37 65 52 40 42 12 71 49 60 47
45 33 26 30 52 42 31 23 21 57 50 51 25 63 29 56
19 66 57 37 31 50 37 70 58 52 43 28 44 52 22 65
40 64 48 59 30 14 16 34 69 24 22 52 22 33 22 6
44 42 13 51 27 27 55 6 11 30 46 66 37 20 13 66
32 56 40 10 21 61 42 14 67 36 56 17 56 37 45 53
25 28 6 58 27 24 31 44 62 29 23 40 34 27 68 30
41 52 69 66 6 12 61 43 15 47 17 70 14 30 15 44
52 26 67 36 69 17 25 71 30 60 40 24 66 36 39 53
12 36 48 66 33 8 26 27 8 18 53 66 10 31 28 48
13 16 24 51 62 44 45 32 33 26 38 6 36 57 66 12
49 57 69 43 51 71 34 11 25 61 27 49 65 67 27 7
24 63 42 16 47 46 52 64 45 58 42 56 69 41 46 48
20 7 33 23 38 67 67 52 37 25 52 13 9 7 46 27
34 61 64 34 31 20 28 11 52 10 64 42 40 46 22 20
66 69 23 53 61 20 11 63 43 56 23 9 26 35 36 10
