0 1 0 1 0 1 1 0 1 1 0 1 1 1 0 1
0 1 0 0 1 1 0 0 1 0 1 0 1 1 0 0
0 1 1 1 0 1 1 0 1 0 1 1 0 0 0 0
1 1 1 1 0 0 0 0 0 1 1 0 1 0 1 0
0 1 1 0 1 1 0 1 0 1 0 0 1 0 0 0
1 0 0 0 1 0 0 1 0 0 1 0 0 1 1 1
0 0 1 1 1 1 1 0 0 1 0 1 0 1 1 1
1 1 0 1 0 1 1 0 0 0 0 1 0 0 0 0
1 0 0 1 1 1 0 1 0 1 0 0 1 1 1 0
1 0 1 0 1 1 1 1 0 1 1 0 1 0 0 0
0 1 1 0 0 0 0 1 1 0 1 1 1 1 0 0
1 0 1 0 1 1 1 1 0 0 0 0 1 1 0 1
1 0 0 1 0 0 1 1 1 0 1 1 1 0 1 0
0 1 1 1 1 0 1 0 0 0 0 0 0 1 0 0
1 0 1 1 0 1 1 0 0 1 0 0 0 0 0 1
0 1 0 1 1 1 0 1 1 1 0 0 0 0 1 0
38 15 66 27 66 25 63 64 67 57 34 27 45 11 44 7
56 13 58 44 7 15 52 6 57 26 57 32 13 37 32 60
14 65 71 39 26 29 39 20 47 26 11 71 56 14 42 54
65 17 7 53 8 54 62 56 6 35 21 16 37 44 11 16
34 37 27 22 25 19 46 25 20 65 68 52 13 54 44 50
61 66 20 22 17 32 26 21 36 64 11 42 28 67 53 15
34 32 19 63 63 19 19 32 38 55 20 23 24 69 63 55
43 69 20 45 68 53 47 16 60 46 66 49 46 14 68 48
19 22 56 9 33 55 60 45 30 37 44 26 15 63 7 62
69 50 7 50 7 43 27 25 10 23 59 26 37 30 62 30
56 29 69 56 10 34 12 47 71 58 17 25 33 63 22 66
25 50 25 46 11 33 15 33 30 14 10 66 53 27 28 59
23 36 60 55 70 46 49 65 31 28 65 45 67 58 51 20
24 21 53 51 27 12 49 32 12 12 20 52 20 45 52 50
7 60 49 61 26 71 69 52 46 21 14 44 50 10 34 19
10 25 44 13 13 35 26 65 41 45 26 40 28 62 57 46
