1 0 1 0 0 1 1 1 0 1 0 1 1 1 0 1
1 0 0 1 1 1 0 1 0 1 1 1 0 0 0 1
1 0 1 0 0 1 1 1 1 0 1 0 0 0 1 0
0 1 1 1 0 1 0 1 0 1 1 0 1 0 1 1
0 1 0 1 0 0 1 0 0 1 1 1 1 1 1 1
0 1 0 0 0 1 1 1 0 1 0 1 1 1 1 1
0 0 1 1 0 0 0 0 1 0 1 1 0 1 0 0
0 0 0 1 1 0 0 1 0 0 1 1 0 1 0 1
1 0 0 1 1 0 1 1 1 0 1 0 1 1 1 1
0 1 1 0 1 1 0 1 0 1 0 1 1 1 1 0
0 0 0 1 0 1 0 1 1 0 0 1 0 1 0 1
1 1 1 0 0 1 1 0 0 1 1 0 0 1 0 0
0 0 0 0 1 1 1 0 1 1 1 1 0 0 1 1
0 0 1 0 0 0 0 1 1 0 1 0 1 1 0 1
0 1 0 0 1 0 1 1 0 1 1 0 1 0 0 1
1 0 1 0 1 0 1 1 0 1 1 1 1 1 0 0
69 20 51 26 62 11 39 29 10 13 52 47 65 43 66 25
71 28 56 15 21 47 64 15 60 49 23 39 66 20 28 43
51 38 33 56 24 17 9 31 25 66 9 58 14 24 39 12
50 23 69 9 34 31 14 35 10 49 41 48 63 48 65 31
48 7 6 33 68 12 15 10 38 71 17 57 9 61 53 27
60 37 18 64 18 35 13 67 64 49 24 11 41 13 51 39
32 52 35 39 34 6 12 48 43 20 33 57 32 23 64 34
30 8 52 33 33 54 66 31 66 32 43 19 42 59 48 23
49 54 70 7 9 32 41 49 57 8 53 54 27 33 43 39
6 41 59 18 9 21 68 7 24 63 10 39 67 25 35 46
28 12 34 55 38 29 32 29 71 24 46 9 20 57 50 29
67 29 41 64 46 17 45 26 46 27 37 12 30 67 36 26
26 16 34 6 53 7 33 68 53 39 7 71 22 36 53 57
66 18 15 50 66 44 34 47 23 38 41 60 71 33 66 25
40 23 24 66 29 26 33 33 40 27 63 60 55 58 38 39
65 34 53 24 61 48 59 57 10 47 69 11 67 17 38 16
