1 1 1 0 0 0 0 0 1 1 1 1 0 0 0 0
1 0 1 1 1 0 0 0 0 0 1 0 1 0 1 1
1 0 0 1 0 0 1 1 0 1 1 1 1 0 1 0
0 1 1 0 0 0 0 0 1 0 0 0 1 1 1 1
0 0 0 1 1 0 1 1 0 1 1 1 0 0 1 1
0 0 0 1 1 0 1 0 0 0 1 1 0 1 0 0
1 0 1 1 1 0 1 0 1 1 0 0 1 0 1 1
1 0 0 1 0 0 1 0 1 0 1 1 0 1 0 1
0 0 0 0 1 0 0 1 0 0 0 0 1 0 1 0
1 1 0 0 1 0 0 1 1 0 0 1 1 0 0 0
1 0 1 1 1 0 0 0 1 1 0 0 1 1 0 1
0 1 0 0 1 1 1 1 1 1 1 1 1 1 0 1
1 0 0 0 0 0 0 1 1 0 0 1 1 1 0 0
1 1 0 0 1 0 0 0 1 1 0 0 0 0 1 1
0 0 0 0 0 0 1 0 0 0 1 1 0 0 1 0
1 0 0 0 0 0 1 1 0 1 1 0 1 0 0 0
65 29 69 30 34 42 24 62 31 45 61 49 38 44 34 40
27 12 17 61 49 52 70 30 14 64 27 24 33 26 31 37
29 28 26 49 70 60 29 53 70 35 33 59 45 38 69 20
24 63 41 46 58 70 10 66 53 14 52 10 57 61 59 13
8 22 24 33 31 40 65 51 34 23 55 35 14 50 25 13
22 38 14 53 29 8 55 16 48 52 15 21 54 19 6 48
65 36 47 61 41 14 59 6 27 51 60 20 17 14 29 59
43 18 50 29 14 40 25 44 61 66 47 63 64 45 42 53
66 40 24 30 35 34 12 37 18 42 52 28 31 68 17 56
23 17 24 58 21 22 14 9 25 56 68 29 61 18 54 70
27 64 35 49 59 24 66 58 23 33 22 6 21 19 8 31
14 7 26 38 67 35 7 41 41 35 9 57 67 59 10 33
21 68 36 22 42 34 20 49 35 12 34 51 33 47 36 26
9 49 12 44 63 22 40 32 57 51 16 32 20 44 33 63
26 22 52 8 30 46 15 36 44 54 29 17 62 70 37 54
71 56 24 46 22 48 11 45 12 63 59 14 53 70 46 60
