0 0 0 1 0 0 0 0 1 0 0 1 0 1 1 1
1 1 1 1 0 1 1 0 0 1 0 1 0 0 0 0
0 0 1 1 0 1 0 1 0 1 0 1 0 1 1 0
0 0 1 0 1 0 0 1 1 0 0 1 0 1 1 1
1 1 0 0 0 0 0 0 1 0 1 0 0 1 0 0
0 0 0 1 0 0 0 1 0 0 0 0 0 1 1 0
0 1 0 1 1 0 0 1 1 1 0 1 1 1 1 0
0 0 0 1 0 0 1 1 0 1 0 0 0 1 1 1
1 1 1 1 0 0 0 1 0 1 1 1 0 0 0 0
1 0 1 1 1 1 1 1 0 1 0 0 0 0 0 0
0 1 0 1 1 0 1 0 1 0 1 0 1 1 1 0
1 1 1 1 1 0 1 1 0 1 0 0 1 0 0 0
0 1 1 0 0 1 0 1 1 0 0 1 1 0 0 0
0 0 0 1 1 1 1 1 0 1 1 0 1 1 0 0
0 0 1 1 0 1 0 1 1 1 0 1 1 0 0 0
1 1 1 0 1 1 1 1 1 0 0 1 1 0 1 0
52 68 14 47 10 28 32 36 49 10 20 43 40 63 41 25
33 37 23 37 26 13 61 8 12 61 16 15 44 10 54 20
42 70 63 15 54 11 64 51 56 57 68 57 18 31 49 18
60 70 61 40 25 52 46 21 71 30 16 69 24 7 55 31
29 59 10 38 62 54 38 38 61 68 55 20 38 25 16 6
12 58 24 23 66 52 16 63 20 50 34 10 64 31 7 68
20 35 36 17 57 14 26 41 13 71 30 17 21 13 71 70
8 56 30 63 46 52 11 43 52 41 52 54 12 49 29 65
9 29 65 31 32 54 38 31 42 25 43 17 70 42 30 56
37 42 27 17 65 53 35 53 36 11 36 12 38 28 44 52
24 65 26 43 57 56 7 32 31 54 61 28 11 53 41 38
31 21 29 17 45 24 39 9 34 53 46 42 25 62 64 22
38 23 17 18 70 11 38 9 39 58 14 29 21 48 30 6
28 34 54 71 67 35 69 9 30 13 59 32 51 37 70 8
62 12 55 7 18 31 56 41 31 39 6 41 61 54 26 66
9 67 11 70 15 37 41 17 29 8 44 17 49 12 55 8
