1 1 0 1 1 1 1 1 1 0 0 1 1 1 0 1
0 1 0 0 1 0 0 0 1 1 1 0 1 0 0 0
1 0 0 0 0 0 1 1 1 0 1 1 0 0 1 1
1 0 0 0 0 1 0 1 0 1 1 0 0 1 1 1
0 0 1 1 1 0 1 1 1 1 0 1 1 1 0 1
0 1 1 1 1 1 0 0 1 0 0 1 0 0 0 1
1 0 0 0 0 0 0 1 1 1 1 1 1 0 0 0
1 1 0 1 0 1 1 0 1 0 0 0 0 1 0 0
1 0 0 0 0 1 0 0 0 0 1 0 1 0 0 0
1 1 1 0 1 1 1 0 1 0 1 1 0 1 0 1
0 1 0 0 0 1 1 0 0 0 0 1 0 1 0 1
0 1 0 0 1 1 1 1 0 0 1 1 0 1 0 1
1 0 0 1 0 1 0 0 1 0 1 1 1 1 0 1
1 0 0 1 1 0 1 1 1 1 0 0 0 1 0 0
0 1 1 0 0 1 0 1 1 1 0 1 0 0 0 0
1 0 1 1 1 1 1 1 0 0 1 1 0 0 0 1
29 23 32 71 71 59 13 19 65 36 14 71 47 47 6 15
26 35 38 48 67 48 26 46 69 41 57 56 23 10 14 6
59 20 58 26 28 32 27 67 37 26 11 65 42 16 35 65
53 68 16 62 6 67 14 57 30 45 31 46 58 57 13 19
22 22 21 69 27 62 59 45 61 33 6 17 47 25 20 37
22 29 67 17 11 43 28 56 53 70 36 9 54 62 54 25
51 42 54 46 62 32 48 61 11 13 55 23 15 48 54 6
29 31 58 51 16 69 65 64 39 32 64 18 58 49 60 46
45 26 60 18 54 45 38 18 56 46 9 26 57 14 42 46
39 67 33 64 11 25 7 42 9 10 7 27 10 27 10 11
34 29 34 38 48 45 37 10 42 48 36 17 46 65 48 39
58 51 40 52 27 47 21 35 26 26 59 33 44 45 30 63
65 22 58 25 20 67 62 16 27 66 55 35 69 21 54 43
27 10 38 53 39 30 47 71 67 63 64 30 28 69 58 70
40 7 57 10 54 45 52 43 19 27 70 45 42 44 50 18
47 26 31 35 25 17 13 53 50 54 71 35 14 66 52 67
