1 0 0 0 1 1 1 1 0 0 0 0 1 1 0 1
0 0 1 1 0 0 0 1 1 1 0 1 0 1 0 0
1 0 0 1 1 1 0 1 1 1 1 0 0 1 0 1
0 0 1 1 1 0 1 1 0 0 1 0 1 0 0 1
0 1 0 1 1 0 0 0 0 0 1 1 1 1 1 0
0 0 1 1 0 1 0 1 1 0 1 1 0 0 0 0
1 0 1 1 0 1 0 0 1 1 1 1 0 0 1 0
1 1 0 0 0 0 1 0 0 1 0 1 0 0 1 0
0 1 1 1 1 0 1 1 0 1 1 1 0 0 0 0
1 0 1 0 0 1 0 1 0 0 1 0 1 0 1 0
1 0 1 1 1 1 0 1 0 0 0 0 0 0 0 0
1 0 1 1 0 1 1 0 1 0 0 1 1 1 1 1
1 0 0 0 0 1 1 1 0 0 1 1 1 1 1 0
0 0 1 1 1 0 1 0 0 1 1 0 0 1 1 1
0 1 0 1 1 1 1 1 0 1 1 1 1 1 0 1
0 1 0 0 1 0 0 0 0 1 1 0 1 1 1 1
15 16 22 66 61 65 37 9 68 62 30 70 65 13 48 17
26 54 25 9 46 68 48 39 17 27 10 67 24 13 56 64
25 56 16 25 11 29 44 37 35 55 45 64 8 41 58 43
38 48 27 67 27 38 65 35 26 18 53 24 31 58 42 27
56 49 54 43 65 20 52 14 10 30 41 39 53 65 37 6
68 30 43 71 68 43 20 41 43 42 59 35 46 32 22 6
31 26 25 51 38 53 38 20 67 13 67 21 48 52 25 34
29 7 50 8 60 8 13 30 8 59 16 67 42 18 41 42
38 45 49 43 35 52 55 67 60 51 7 23 56 48 30 52
27 30 33 14 20 17 44 11 34 46 33 30 59 20 27 70
65 70 69 57 65 61 38 61 70 20 52 18 14 6 12 12
55 58 47 35 66 57 41 70 67 48 42 13 21 33 17 31
9 70 48 40 38 37 35 69 68 66 71 61 23 17 19 68
54 48 7 21 17 60 13 10 64 9 59 26 28 43 41 59
20 63 54 71 9 33 37 15 10 57 59 43 71 43 38 41
36 59 32 52 27 40 14 46 60 37 59 42 67 57 35 57
