0 0 1 0 0 1 0 0 1 0 0 0 0 1 1 1
1 1 0 0 0 0 1 0 0 1 0 1 0 0 0 0
0 0 0 0 1 0 1 0 0 1 0 0 1 0 1 0
0 1 1 1 0 0 0 1 0 1 1 1 0 1 1 1
0 1 0 1 0 0 0 1 1 1 0 1 0 1 0 0
0 1 1 1 1 0 1 0 0 1 1 0 0 0 1 0
1 1 0 0 1 0 1 1 0 0 0 1 1 0 0 1
1 0 0 1 0 0 1 0 0 0 0 1 1 0 1 1
0 0 1 0 0 0 1 0 1 0 0 0 0 1 1 1
1 0 0 1 0 1 0 0 1 1 0 0 0 0 1 0
0 0 0 0 0 1 1 0 0 1 1 1 0 0 0 1
1 0 0 0 1 1 0 1 0 0 1 0 1 1 1 0
0 0 1 1 0 0 1 0 0 1 0 1 1 1 0 1
0 0 0 0 1 1 0 1 0 1 0 0 1 1 0 0
0 1 1 0 0 0 0 1 1 1 1 1 0 0 0 0
1 0 1 0 1 1 0 1 0 0 0 0 1 1 1 0
52 26 21 58 16 39 58 64 31 36 58 8 54 29 15 71
55 57 38 58 30 14 61 50 46 63 30 11 30 32 42 20
46 16 66 52 59 12 63 52 26 55 38 50 49 28 9 54
68 47 41 61 46 50 48 25 42 53 9 51 12 63 65 55
14 15 8 37 62 16 24 27 53 9 56 19 36 17 50 52
44 57 55 39 37 28 23 8 50 55 37 58 16 22 65 46
51 13 40 48 49 16 65 15 50 56 52 19 51 10 8 53
71 40 38 29 42 14 61 58 14 44 34 59 13 6 19 27
14 50 21 40 50 40 41 42 29 62 42 52 44 57 57 31
69 64 64 37 62 35 32 28 37 51 68 58 44 26 33 46
50 70 22 36 28 13 9 44 30 9 39 35 28 24 50 25
9 42 32 10 51 11 36 57 28 10 67 56 9 41 25 52
54 34 47 7 62 16 53 16 24 7 42 55 49 45 26 11
38 28 64 24 13 53 10 35 36 49 58 18 11 21 46 34
26 13 47 20 42 64 12 33 21 33 21 21 8 50 10 22
51 48 49 22 47 27 46 71 10 48 60 46 71 39 27 66
