1 0 0 1 0 1 0 1 1 0 1 0 0 1 1 1
0 1 0 0 1 1 1 0 1 0 0 1 0 0 0 1
1 0 1 1 1 0 1 1 1 1 1 0 0 1 1 0
0 0 1 0 0 0 0 0 0 0 1 1 1 1 0 1
0 0 0 1 0 1 1 0 1 1 0 1 0 1 0 0
1 1 0 1 0 1 0 0 0 1 0 0 0 0 1 1
0 1 1 0 0 1 0 0 1 1 1 0 1 0 0 0
0 1 0 0 0 1 1 1 1 1 1 1 1 0 0 1
0 1 1 1 1 1 0 0 1 1 0 0 1 1 0 1
1 1 0 0 0 1 0 1 0 1 1 1 1 1 0 0
0 1 1 0 0 1 0 1 0 1 1 1 1 0 1 0
0 1 1 0 0 1 1 0 1 1 0 1 1 1 0 1
1 0 0 1 0 1 1 0 0 0 0 0 0 1 0 1
1 1 1 1 0 1 1 1 0 0 1 1 1 1 0 0
1 1 0 0 0 1 0 0 0 1 0 1 1 1 1 1
1 1 0 0 1 0 0 0 0 1 1 0 0 0 0 0
11 56 24 45 14 69 44 25 39 38 49 54 24 29 67 35
20 15 42 14 45 11 67 44 67 38 60 25 66 38 32 61
7 38 19 43 33 22 35 17 51 53 49 54 6 65 69 24
20 56 27 28 56 24 48 56 60 66 53 51 67 17 36 33
24 68 46 57 42 55 35 40 57 19 48 57 32 17 32 30
71 51 20 17 14 49 32 10 56 25 64 56 16 28 9 41
14 49 65 24 60 37 66 28 7 55 53 68 53 50 50 16
46 37 32 56 22 7 61 39 67 43 67 71 31 46 62 41
68 53 25 27 13 23 64 14 45 43 48 44 19 61 22 41
35 19 66 68 68 43 66 9 22 29 27 53 65 35 10 28
64 51 35 36 24 15 64 59 8 19 17 63 9 56 43 10
48 33 51 36 28 7 25 30 45 61 52 35 47 21 6 71
53 10 62 45 42 25 43 64 54 50 16 18 62 45 60 65
17 61 31 59 66 47 13 41 34 54 39 17 29 7 18 50
69 65 6 24 10 35 14 56 68 45 50 69 9 63 9 17
57 7 18 48 13 54 50 36 8 43 69 40 34 14 12 14
