0 1 1 0 1 1 1 1 0 1 1 0 0 1 0 0
0 1 1 1 0 0 0 0 1 1 0 1 0 0 1 0
0 0 0 1 0 0 0 0 0 0 1 1 0 1 0 1
1 1 0 1 0 0 0 0 0 0 1 0 1 0 0 0
1 0 1 1 0 0 0 1 1 0 0 1 1 1 0 0
0 0 0 0 0 1 1 0 0 1 1 0 1 1 1 1
1 1 0 1 0 0 1 0 1 1 1 1 1 1 0 0
1 0 0 0 0 0 0 0 0 1 1 1 1 0 1 1
0 0 1 1 0 1 0 1 0 0 1 1 1 0 1 0
0 1 1 1 0 1 0 1 0 1 1 1 1 0 0 0
1 0 0 0 1 0 0 1 1 1 1 1 0 1 1 1
1 0 1 0 1 1 0 1 1 0 0 0 0 1 1 0
1 1 1 1 0 1 1 1 0 1 1 1 1 1 0 1
1 0 0 1 1 0 1 1 0 0 0 1 0 0 0 0
0 1 1 0 0 0 0 0 0 0 1 0 1 0 0 0
1 0 0 0 0 1 1 0 0 0 0 1 1 0 1 0
70 63 25 56 69 21 19 71 56 17 25 16 18 47 40 44
58 25 39 67 50 16 56 46 71 37 40 71 40 12 43 30
28 40 24 17 18 38 22 38 70 66 31 45 54 51 54 19
61 27 48 19 50 70 14 24 8 66 25 70 67 18 54 60
21 48 7 35 46 26 16 25 7 54 26 65 29 53 28 26
46 46 68 26 40 23 43 68 10 43 55 14 57 21 41 37
61 45 36 9 56 42 29 46 69 27 53 55 31 19 32 34
43 68 48 36 6 14 56 26 48 71 13 51 45 18 71 9
62 66 35 69 70 35 60 53 68 40 45 61 35 14 61 20
12 17 39 61 66 43 26 47 62 49 71 49 21 60 40 26
19 62 32 20 53 18 54 11 45 61 51 31 52 55 71 65
61 38 21 36 57 15 58 59 7 16 54 12 16 23 51 14
35 11 51 21 48 31 23 61 16 31 23 57 43 23 58 35
19 8 14 29 15 58 11 23 52 38 38 59 28 34 50 22
46 61 25 24 6 6 54 48 10 38 57 30 65 36 20 38
39 58 18 24 58 45 53 58 64 34 44 27 61 18 21 16
