0 0 0 0 0 1 1 0 1 1 0 0 0 1 1 1
1 0 0 1 1 0 1 0 0 1 1 1 1 0 1 0
1 0 1 0 0 0 1 0 0 0 0 1 1 1 1 0
0 1 0 0 1 1 0 1 0 0 1 0 1 1 1 0
0 0 1 1 1 1 1 0 1 1 0 1 0 1 0 1
1 0 0 1 0 1 0 1 1 0 1 0 1 0 0 1
1 1 0 0 1 1 1 0 0 1 1 1 0 0 1 1
0 1 0 0 0 1 1 1 0 1 0 0 1 0 1 0
0 0 1 0 0 0 0 0 1 1 1 1 1 1 1 0
0 1 1 1 1 0 0 0 0 0 1 0 1 0 1 0
0 0 0 1 1 1 1 1 0 0 1 0 0 0 1 1
1 1 0 1 0 1 0 1 1 0 1 0 0 0 1 1
1 1 0 0 1 0 0 0 0 0 1 0 0 0 0 0
1 0 0 1 1 0 1 1 0 1 1 1 1 1 0 1
1 1 1 1 1 1 1 0 0 0 0 0 0 1 1 1
0 0 1 0 1 1 0 1 0 1 0 1 1 1 1 1
50 48 22 12 42 71 41 34 65 19 62 44 14 21 17 47
71 10 50 9 71 14 43 20 10 47 39 37 57 42 51 6
21 16 9 18 30 20 27 30 54 36 60 15 29 71 33 20
54 61 6 50 55 9 28 9 70 28 25 36 61 63 51 50
56 22 63 43 27 43 21 46 7 69 44 53 38 21 20 39
41 26 12 25 6 21 50 31 25 30 23 64 27 12 22 39
21 43 66 64 29 49 21 24 52 45 21 33 6 54 25 27
10 41 46 8 56 59 11 25 18 19 58 60 25 40 41 46
16 40 59 8 64 24 34 50 59 35 31 21 59 11 11 20
48 53 17 71 43 20 70 10 34 26 19 36 7 38 33 36
12 18 22 53 53 65 55 17 28 66 67 14 20 42 47 67
25 53 24 45 38 67 16 7 25 46 31 20 16 66 55 45
45 21 28 22 71 68 26 38 20 48 31 48 18 64 12 46
55 24 56 17 61 66 49 67 14 63 31 71 53 53 30 53
63 31 35 41 43 71 21 40 56 6 36 8 20 21 53 7
62 50 17 26 71 55 24 35 34 33 66 25 59 29 65 63
