0 0 0 0 0 0 0 0 0 0 0 0 0 0 0 0
0 0 0 0 0 0 0 0 0 0 0 0 0 0 0 0
0 0 0 0 0 0 0 0 0 0 0 0 0 0 0 0
0 0 0 0 0 0 0 0 0 0 0 0 0 0 0 0
0 0 0 0 0 0 0 0 0 0 0 0 0 0 0 0
0 0 0 0 0 0 0 0 0 0 0 0 0 0 0 0
0 0 0 0 0 0 0 0 0 0 0 0 0 0 0 0
0 0 0 0 0 0 0 0 0 0 0 0 0 0 0 0
1 1 1 1 1 1 1 1 1 1 1 1 1 1 1 1
1 1 1 1 1 1 1 1 1 1 1 1 1 1 1 1
1 1 1 1 1 1 1 1 1 1 1 1 1 1 1 1
1 1 1 1 1 1 1 1 1 1 1 1 1 1 1 1
1 1 1 1 1 1 1 1 1 1 1 1 1 1 1 1
1 1 1 1 1 1 1 1 1 1 1 1 1 1 1 1
1 1 1 1 1 1 1 1 1 1 1 1 1 1 1 1
1 1 1 1 1 1 1 1 1 1 1 1 1 1 1 1
52 32 62 64 54 56 42 38 42 22 28 18 6 70 50 42
44 18 48 58 54 26 64 44 70 58 50 36 14 14 22 32
40 34 66 50 36 44 8 28 42 28 48 38 26 68 54 32
16 40 10 52 44 24 24 60 6 24 52 34 28 70 24 6
36 20 60 24 44 66 54 50 22 34 62 48 14 32 26 14
6 18 50 18 68 18 32 62 54 6 46 50 12 22 40 10
18 28 6 10 58 26 8 18 18 42 48 48 54 66 44 52
52 18 44 68 44 18 42 12 32 44 32 32 68 20 18 12
11 67 33 31 23 69 59 57 37 41 71 55 35 47 57 57
63 47 55 67 27 33 49 69 17 35 45 63 37 7 25 33
27 43 37 33 49 19 17 23 49 57 17 47 55 37 45 47
47 55 23 31 65 53 37 7 43 53 17 53 63 27 43 65
9 41 59 67 19 17 17 49 11 63 7 31 39 51 53 53
37 35 33 31 65 27 11 51 13 9 59 55 69 45 7 35
13 33 9 41 39 35 9 11 43 63 61 23 23 17 61 23
25 47 47 37 11 67 19 13 17 37 21 71 29 21 35 69
