0 0 0 0 0 0 0 0 0 0 0 0 0 0 0 0
0 0 0 0 0 0 0 0 0 0 0 0 0 0 0 0
0 0 0 0 0 0 0 0 0 0 0 0 0 0 0 0
0 0 0 0 0 0 0 0 0 0 0 0 0 0 0 0
0 0 0 0 0 0 0 0 0 0 0 0 0 0 0 0
0 0 0 0 0 0 0 0 0 0 0 0 0 0 0 0
0 0 0 0 0 0 0 0 0 0 0 0 0 0 0 0
0 0 0 0 0 0 0 0 0 0 0 0 0 0 0 0
1 1 1 1 1 1 1 1 1 1 1 1 1 1 1 1
1 1 1 1 1 1 1 1 1 1 1 1 1 1 1 1
1 1 1 1 1 1 1 1 1 1 1 1 1 1 1 1
1 1 1 1 1 1 1 1 1 1 1 1 1 1 1 1
1 1 1 1 1 1 1 1 1 1 1 1 1 1 1 1
1 1 1 1 1 1 1 1 1 1 1 1 1 1 1 1
1 1 1 1 1 1 1 1 1 1 1 1 1 1 1 1
1 1 1 1 1 1 1 1 1 1 1 1 1 1 1 1
28 70 8 42 54 32 24 60 64 16 36 32 38 62 30 6
64 34 10 8 68 42 58 62 34 6 6 6 28 30 24 14
40 64 34 40 20 22 38 16 50 44 38 14 52 30 70 68
26 38 36 26 14 32 62 54 58 52 68 28 62 46 50 56
32 14 12 34 46 56 12 8 38 62 30 70 40 34 38 46
68 70 40 30 26 14 12 6 34 26 34 48 8 50 48 54
64 62 50 8 48 42 16 12 52 8 20 70 10 64 12 56
50 26 54 62 28 58 30 44 30 58 46 68 30 62 48 46
65 63 51 59 57 53 33 57 57 25 23 53 59 67 17 59
33 25 63 9 31 7 63 71 67 49 27 35 63 71 63 47
59 25 69 33 19 11 21 27 55 27 51 9 33 49 25 23
41 61 11 55 63 65 25 15 23 15 9 25 45 45 53 11
41 15 43 37 69 25 7 17 19 69 69 15 47 59 15 27
35 63 9 25 37 45 39 57 53 35 71 13 15 19 57 63
61 29 59 15 35 37 41 63 15 41 25 61 39 37 59 29
7 63 43 23 27 67 27 27 63 51 55 57 17 61 43 63
