0 0 0 0 0 0 0 0 0 0 0 0 0 0 0 0
0 0 0 0 0 0 0 0 0 0 0 0 0 0 0 0
0 0 0 0 0 0 0 0 0 0 0 0 0 0 0 0
0 0 0 0 0 0 0 0 0 0 0 0 0 0 0 0
0 0 0 0 0 0 0 0 0 0 0 0 0 0 0 0
0 0 0 0 0 0 0 0 0 0 0 0 0 0 0 0
0 0 0 0 0 0 0 0 0 0 0 0 0 0 0 0
0 0 0 0 0 0 0 0 0 0 0 0 0 0 0 0
1 1 1 1 1 1 1 1 1 1 1 1 1 1 1 1
1 1 1 1 1 1 1 1 1 1 1 1 1 1 1 1
1 1 1 1 1 1 1 1 1 1 1 1 1 1 1 1
1 1 1 1 1 1 1 1 1 1 1 1 1 1 1 1
1 1 1 1 1 1 1 1 1 1 1 1 1 1 1 1
1 1 1 1 1 1 1 1 1 1 1 1 1 1 1 1
1 1 1 1 1 1 1 1 1 1 1 1 1 1 1 1
1 1 1 1 1 1 1 1 1 1 1 1 1 1 1 1
68 40 22 12 30 70 32 32 26 64 48 38 20 68 20 70
58 30 14 22 62 38 42 62 52 32 32 50 50 64 26 36
38 52 10 14 20 66 68 12 68 64 12 64 26 68 10 28
52 56 58 12 56 20 48 50 12 18 40 18 48 58 20 70
60 12 24 24 54 44 24 68 26 12 18 44 30 34 14 18
68 68 70 58 32 28 58 34 68 66 64 24 26 60 54 54
58 60 40 38 22 38 28 66 58 56 30 26 6 16 32 64
42 40 52 40 66 16 34 38 32 64 38 50 46 12 6 18
53 57 41 21 19 67 59 15 11 25 31 19 63 35 9 11
7 45 11 35 55 29 17 17 35 47 15 37 43 41 17 65
13 71 21 63 39 15 69 39 55 53 53 33 13 59 21 41
31 71 29 31 27 21 29 47 65 59 67 31 23 25 21 11
35 41 45 49 31 45 43 43 49 39 51 69 39 19 71 67
59 17 43 63 13 35 69 39 59 9 63 55 13 7 55 55
37 47 27 53 39 63 33 69 65 25 57 7 39 31 57 39
29 59 57 43 57 35 35 15 15 69 41 15 9 9 69 11
