0 0 0 0 0 0 0 0 0 0 0 0 0 0 0 0
0 0 0 0 0 0 0 0 0 0 0 0 0 0 0 0
0 0 0 0 0 0 0 0 0 0 0 0 0 0 0 0
0 0 0 0 0 0 0 0 0 0 0 0 0 0 0 0
0 0 0 0 0 0 0 0 0 0 0 0 0 0 0 0
0 0 0 0 0 0 0 0 0 0 0 0 0 0 0 0
0 0 0 0 0 0 0 0 0 0 0 0 0 0 0 0
0 0 0 0 0 0 0 0 0 0 0 0 0 0 0 0
1 1 1 1 1 1 1 1 1 1 1 1 1 1 1 1
1 1 1 1 1 1 1 1 1 1 1 1 1 1 1 1
1 1 1 1 1 1 1 1 1 1 1 1 1 1 1 1
1 1 1 1 1 1 1 1 1 1 1 1 1 1 1 1
1 1 1 1 1 1 1 1 1 1 1 1 1 1 1 1
1 1 1 1 1 1 1 1 1 1 1 1 1 1 1 1
1 1 1 1 1 1 1 1 1 1 1 1 1 1 1 1
1 1 1 1 1 1 1 1 1 1 1 1 1 1 1 1
18 36 44 42 50 66 38 38 30 44 66 8 22 44 62 50
26 10 46 56 20 22 38 38 18 70 60 50 40 52 10 68
6 34 16 52 40 34 32 48 50 56 52 22 20 24 16 32
6 32 6 22 44 62 58 32 34 54 14 28 62 16 18 60
70 54 48 32 52 24 34 34 34 26 52 42 14 40 38 42
10 22 48 12 50 68 8 32 56 8 8 52 66 22 18 16
68 60 56 40 16 40 62 42 14 46 20 8 26 34 10 30
34 6 44 40 40 30 52 8 46 42 38 62 36 58 10 26
23 25 31 69 19 29 37 55 23 35 65 19 37 45 9 27
19 47 31 63 25 55 9 39 31 25 7 69 51 15 41 49
51 63 45 23 27 55 33 51 41 31 33 29 31 19 11 11
43 31 11 15 15 7 19 27 47 11 29 17 31 65 29 63
59 27 39 33 47 17 69 57 35 55 17 51 19 13 15 15
51 39 17 65 23 41 31 57 33 55 47 59 33 39 71 49
71 27 11 25 69 43 49 9 51 9 71 25 15 37 53 59
15 41 43 71 17 69 33 43 21 41 27 13 11 23 59 65
