0 0 0 0 0 0 0 0 0 0 0 0 0 0 0 0
0 0 0 0 0 0 0 0 0 0 0 0 0 0 0 0
0 0 0 0 0 0 0 0 0 0 0 0 0 0 0 0
0 0 0 0 0 0 0 0 0 0 0 0 0 0 0 0
0 0 0 0 0 0 0 0 0 0 0 0 0 0 0 0
0 0 0 0 0 0 0 0 0 0 0 0 0 0 0 0
0 0 0 0 0 0 0 0 0 0 0 0 0 0 0 0
0 0 0 0 0 0 0 0 0 0 0 0 0 0 0 0
1 1 1 1 1 1 1 1 1 1 1 1 1 1 1 1
1 1 1 1 1 1 1 1 1 1 1 1 1 1 1 1
1 1 1 1 1 1 1 1 1 1 1 1 1 1 1 1
1 1 1 1 1 1 1 1 1 1 1 1 1 1 1 1
1 1 1 1 1 1 1 1 1 1 1 1 1 1 1 1
1 1 1 1 1 1 1 1 1 1 1 1 1 1 1 1
1 1 1 1 1 1 1 1 1 1 1 1 1 1 1 1
1 1 1 1 1 1 1 1 1 1 1 1 1 1 1 1
26 34 62 28 44 32 32 26 14 40 38 22 40 44 44 70
56 52 36 26 48 20 70 14 32 44 40 44 46 56 42 56
22 40 32 60 48 50 48 52 26 26 64 64 40 48 12 14
48 20 10 24 20 8 52 38 6 64 42 40 62 16 14 64
44 46 40 22 64 22 36 44 22 64 42 22 38 58 62 22
68 64 10 68 42 48 16 66 60 32 48 22 18 30 20 26
60 8 28 46 42 56 42 66 40 54 56 66 8 66 12 62
70 66 38 30 12 32 6 44 38 12 34 68 12 22 10 52
37 51 7 51 17 59 25 63 63 39 49 17 11 71 11 13
23 43 15 59 45 27 65 29 37 11 35 51 11 21 61 55
45 7 45 55 65 27 29 59 65 15 63 45 15 59 11 33
39 9 9 39 27 23 65 29 29 57 49 35 15 25 39 41
67 29 41 17 33 31 35 23 43 19 45 33 17 15 43 57
55 61 53 61 15 49 67 13 67 21 21 19 25 59 39 19
41 63 37 13 57 25 65 65 15 25 7 69 29 67 15 65
55 27 13 15 69 7 61 39 7 43 11 47 31 27 29 31
