0 0 0 0 0 0 0 0 0 0 0 0 0 0 0 0
0 0 0 0 0 0 0 0 0 0 0 0 0 0 0 0
0 0 0 0 0 0 0 0 0 0 0 0 0 0 0 0
0 0 0 0 0 0 0 0 0 0 0 0 0 0 0 0
0 0 0 0 0 0 0 0 0 0 0 0 0 0 0 0
0 0 0 0 0 0 0 0 0 0 0 0 0 0 0 0
0 0 0 0 0 0 0 0 0 0 0 0 0 0 0 0
0 0 0 0 0 0 0 0 0 0 0 0 0 0 0 0
1 1 1 1 1 1 1 1 1 1 1 1 1 1 1 1
1 1 1 1 1 1 1 1 1 1 1 1 1 1 1 1
1 1 1 1 1 1 1 1 1 1 1 1 1 1 1 1
1 1 1 1 1 1 1 1 1 1 1 1 1 1 1 1
1 1 1 1 1 1 1 1 1 1 1 1 1 1 1 1
1 1 1 1 1 1 1 1 1 1 1 1 1 1 1 1
1 1 1 1 1 1 1 1 1 1 1 1 1 1 1 1
1 1 1 1 1 1 1 1 1 1 1 1 1 1 1 1
26 10 38 10 52 70 26 50 20 60 62 56 62 54 54 40
38 14 26 58 58 12 10 54 70 68 36 42 40 36 44 34
26 14 52 44 62 42 56 60 38 20 38 56 46 26 8 20
52 68 62 62 68 40 64 28 20 30 16 48 18 26 10 64
18 16 8 22 44 60 30 42 20 14 60 44 6 70 42 62
52 34 66 64 34 8 38 58 54 54 46 62 8 44 26 58
60 16 14 22 52 42 18 44 20 54 34 34 48 32 68 28
50 28 6 64 8 56 8 68 8 56 40 58 14 34 24 16
23 13 57 21 25 43 35 33 71 61 35 17 11 19 51 17
43 23 61 37 63 51 17 13 59 19 55 9 57 49 53 7
11 49 53 33 17 37 53 71 21 39 55 63 15 25 33 59
55 71 63 29 37 39 9 39 55 23 27 55 67 47 59 49
23 19 45 37 37 13 17 47 7 23 71 57 61 61 59 21
69 7 25 19 15 13 65 65 61 51 21 29 25 13 15 35
63 39 67 23 59 61 17 27 43 23 15 55 67 61 59 59
65 53 25 25 43 19 59 29 69 21 67 45 23 45 43 7
