0 0 0 0 0 0 0 0 0 0 0 0 0 0 0 0
0 0 0 0 0 0 0 0 0 0 0 0 0 0 0 0
0 0 0 0 0 0 0 0 0 0 0 0 0 0 0 0
0 0 0 0 0 0 0 0 0 0 0 0 0 0 0 0
0 0 0 0 0 0 0 0 0 0 0 0 0 0 0 0
0 0 0 0 0 0 0 0 0 0 0 0 0 0 0 0
0 0 0 0 0 0 0 0 0 0 0 0 0 0 0 0
0 0 0 0 0 0 0 0 0 0 0 0 0 0 0 0
1 1 1 1 1 1 1 1 1 1 1 1 1 1 1 1
1 1 1 1 1 1 1 1 1 1 1 1 1 1 1 1
1 1 1 1 1 1 1 1 1 1 1 1 1 1 1 1
1 1 1 1 1 1 1 1 1 1 1 1 1 1 1 1
1 1 1 1 1 1 1 1 1 1 1 1 1 1 1 1
1 1 1 1 1 1 1 1 1 1 1 1 1 1 1 1
1 1 1 1 1 1 1 1 1 1 1 1 1 1 1 1
1 1 1 1 1 1 1 1 1 1 1 1 1 1 1 1
70 24 42 44 14 62 52 16 54 16 70 28 14 66 14 66
44 10 38 58 60 26 62 24 10 38 62 64 66 20 24 58
64 44 28 16 18 52 60 38 38 50 56 24 22 26 56 46
52 22 8 12 22 38 38 18 30 48 10 16 40 36 40 18
10 44 48 68 34 36 58 38 30 32 48 56 30 22 44 26
54 30 20 42 20 34 70 6 32 70 30 14 22 58 56 68
18 52 54 18 28 8 66 52 48 28 26 30 6 32 18 46
28 60 70 52 42 48 6 62 36 10 54 50 46 34 52 30
15 67 19 65 59 69 59 53 31 71 51 59 9 65 31 33
65 9 35 47 29 51 69 59 21 15 25 55 71 55 7 51
21 55 45 45 65 65 63 47 27 53 19 45 27 31 45 7
21 53 51 21 63 29 47 25 33 65 9 9 35 35 45 21
15 65 57 67 39 51 35 41 51 7 7 11 23 71 51 61
69 55 69 45 61 23 65 69 9 17 7 11 57 59 47 13
51 7 9 49 47 7 31 65 69 49 65 21 21 45 67 21
17 67 27 37 61 53 55 43 63 13 39 59 25 65 33 47
