0 0 0 0 0 0 0 0 0 0 0 0 0 0 0 0
0 0 0 0 0 0 0 0 0 0 0 0 0 0 0 0
0 0 0 0 0 0 0 0 0 0 0 0 0 0 0 0
0 0 0 0 0 0 0 0 0 0 0 0 0 0 0 0
0 0 0 0 0 0 0 0 0 0 0 0 0 0 0 0
0 0 0 0 0 0 0 0 0 0 0 0 0 0 0 0
0 0 0 0 0 0 0 0 0 0 0 0 0 0 0 0
0 0 0 0 0 0 0 0 0 0 0 0 0 0 0 0
1 1 1 1 1 1 1 1 1 1 1 1 1 1 1 1
1 1 1 1 1 1 1 1 1 1 1 1 1 1 1 1
1 1 1 1 1 1 1 1 1 1 1 1 1 1 1 1
1 1 1 1 1 1 1 1 1 1 1 1 1 1 1 1
1 1 1 1 1 1 1 1 1 1 1 1 1 1 1 1
1 1 1 1 1 1 1 1 1 1 1 1 1 1 1 1
1 1 1 1 1 1 1 1 1 1 1 1 1 1 1 1
1 1 1 1 1 1 1 1 1 1 1 1 1 1 1 1
16 14 20 60 6 18 30 64 68 8 26 30 46 68 14 34
48 64 62 60 46 68 46 22 50 48 14 20 42 46 30 52
50 68 20 20 26 20 64 42 32 66 18 62 36 36 52 40
58 14 44 48 24 14 20 12 8 46 38 22 66 14 18 44
66 52 62 58 28 10 68 42 48 28 22 48 40 20 34 24
44 30 52 54 40 50 36 68 68 48 38 54 12 6 24 50
54 20 36 18 64 22 32 46 30 32 36 70 62 54 38 68
48 70 42 16 50 32 66 12 66 46 22 10 6 62 42 34
7 39 15 23 23 59 9 11 45 17 23 29 47 41 45 49
43 67 71 23 63 17 25 61 25 11 69 49 51 41 19 23
41 9 19 41 7 23 65 41 35 63 11 33 65 9 23 57
37 23 67 57 37 33 23 33 57 41 41 25 15 57 29 25
45 7 21 25 45 13 45 55 13 53 33 43 69 13 71 9
15 31 33 51 27 23 31 49 21 23 59 43 49 51 71 53
57 33 17 43 47 27 25 63 39 67 33 59 17 31 9 27
27 35 29 25 59 29 31 7 49 17 69 41 21 23 59 19
