0 0 0 0 0 0 0 0 0 0 0 0 0 0 0 0
0 0 0 0 0 0 0 0 0 0 0 0 0 0 0 0
0 0 0 0 0 0 0 0 0 0 0 0 0 0 0 0
0 0 0 0 0 0 0 0 0 0 0 0 0 0 0 0
0 0 0 0 0 0 0 0 0 0 0 0 0 0 0 0
0 0 0 0 0 0 0 0 0 0 0 0 0 0 0 0
0 0 0 0 0 0 0 0 0 0 0 0 0 0 0 0
0 0 0 0 0 0 0 0 0 0 0 0 0 0 0 0
1 1 1 1 1 1 1 1 1 1 1 1 1 1 1 1
1 1 1 1 1 1 1 1 1 1 1 1 1 1 1 1
1 1 1 1 1 1 1 1 1 1 1 1 1 1 1 1
1 1 1 1 1 1 1 1 1 1 1 1 1 1 1 1
1 1 1 1 1 1 1 1 1 1 1 1 1 1 1 1
1 1 1 1 1 1 1 1 1 1 1 1 1 1 1 1
1 1 1 1 1 1 1 1 1 1 1 1 1 1 1 1
1 1 1 1 1 1 1 1 1 1 1 1 1 1 1 1
60 34 32 6 56 60 16 28 10 62 14 44 44 44 36 24
62 48 38 50 18 18 28 64 52 46 68 66 68 6 58 14
58 44 12 62 70 32 68 50 68 56 26 40 26 54 64 56
24 52 46 34 24 24 16 70 44 26 56 54 6 48 32 34
24 50 18 30 32 36 16 38 10 70 70 10 38 6 12 60
68 54 8 8 64 66 60 30 40 58 62 64 22 32 20 22
24 16 14 60 6 58 12 46 44 70 32 58 56 6 26 50
50 8 32 6 34 54 56 42 28 56 32 34 36 16 16 14
69 15 69 57 21 43 31 7 29 17 57 45 59 47 63 17
41 35 15 27 69 61 19 17 29 61 31 71 35 11 69 37
31 69 61 43 57 71 55 15 39 29 13 23 13 61 25 49
69 29 49 17 45 19 21 7 57 17 11 71 67 27 25 23
39 51 9 61 29 27 29 65 53 59 51 61 15 71 35 69
27 17 39 69 43 27 51 31 53 63 71 29 49 63 39 59
23 9 15 13 51 11 7 17 63 57 59 33 19 19 59 9
39 27 19 57 9 69 55 59 55 49 11 19 71 11 27 39
