0 0 0 0 0 0 0 0 0 0 0 0 0 0 0 0
0 0 0 0 0 0 0 0 0 0 0 0 0 0 0 0
0 0 0 0 0 0 0 0 0 0 0 0 0 0 0 0
0 0 0 0 0 0 0 0 0 0 0 0 0 0 0 0
0 0 0 0 0 0 0 0 0 0 0 0 0 0 0 0
0 0 0 0 0 0 0 0 0 0 0 0 0 0 0 0
0 0 0 0 0 0 0 0 0 0 0 0 0 0 0 0
0 0 0 0 0 0 0 0 0 0 0 0 0 0 0 0
1 1 1 1 1 1 1 1 1 1 1 1 1 1 1 1
1 1 1 1 1 1 1 1 1 1 1 1 1 1 1 1
1 1 1 1 1 1 1 1 1 1 1 1 1 1 1 1
1 1 1 1 1 1 1 1 1 1 1 1 1 1 1 1
1 1 1 1 1 1 1 1 1 1 1 1 1 1 1 1
1 1 1 1 1 1 1 1 1 1 1 1 1 1 1 1
1 1 1 1 1 1 1 1 1 1 1 1 1 1 1 1
1 1 1 1 1 1 1 1 1 1 1 1 1 1 1 1
68 10 6 62 24 42 52 38 62 70 8 26 36 14 60 12
12 62 32 40 46 54 42 12 44 18 24 68 16 6 14 48
66 10 58 30 28 20 28 36 38 54 20 20 16 44 18 60
10 10 8 52 10 66 6 62 44 58 6 48 24 38 68 58
12 8 40 12 38 50 52 22 66 42 64 68 36 28 68 60
36 14 14 46 8 10 12 44 60 42 20 60 24 20 50 50
30 16 12 8 46 42 32 8 52 66 16 20 18 34 16 62
32 16 52 26 16 34 10 22 24 8 70 36 44 50 28 28
7 21 53 45 69 21 7 17 27 71 55 37 51 53 43 11
59 31 61 11 15 43 13 13 47 7 61 27 17 37 61 13
25 61 23 9 35 53 9 13 17 11 67 37 51 33 39 53
13 37 39 9 71 59 51 15 7 21 55 31 51 23 49 63
25 43 61 21 13 45 11 67 11 17 43 71 23 13 29 33
55 9 55 19 59 61 47 67 19 53 27 59 17 13 69 33
47 35 35 31 49 11 39 11 69 21 33 23 27 57 59 67
7 27 65 33 71 27 57 55 53 29 63 25 11 41 23 69
