1 1 0 0 1 1 1 0 0 0 0 0 1 1 1 0
0 0 0 1 0 1 0 0 0 1 0 0 0 0 0 1
1 0 0 0 1 1 1 1 1 0 0 0 1 0 0 1
1 1 1 1 0 1 0 0 0 0 0 0 0 0 1 0
1 0 0 0 0 1 1 1 0 0 1 0 0 0 0 0
0 0 0 1 0 0 0 1 1 0 0 1 1 0 0 1
1 1 0 0 1 1 0 1 1 0 0 1 1 0 1 0
0 1 0 0 0 1 1 1 1 0 1 0 1 1 1 0
1 1 1 1 1 0 0 0 0 0 1 0 1 0 0 0
1 0 1 1 1 1 0 0 1 0 0 0 1 0 1 1
1 1 0 0 0 0 0 1 0 0 0 0 1 1 0 0
1 1 1 0 1 1 1 0 0 1 1 1 0 0 0 1
0 1 1 0 0 0 1 1 1 0 1 1 0 0 0 0
1 0 0 0 0 0 1 0 0 1 0 1 0 1 0 0
1 1 1 0 1 1 0 1 1 0 0 0 0 0 0 1
1 1 0 0 1 1 0 1 1 0 0 0 0 1 0 1
31 65 20 10 11 25 9 52 18 10 30 56 41 51 41 26
64 50 54 41 6 61 54 28 42 11 12 56 70 40 54 17
21 50 52 8 25 35 35 45 41 18 30 24 21 14 50 15
13 45 55 39 56 69 40 48 56 40 48 22 52 30 29 48
13 68 64 26 32 65 43 31 70 60 13 36 26 36 32 50
6 16 40 35 18 64 18 27 45 44 62 13 47 58 58 63
23 69 40 18 71 71 40 29 67 44 60 21 49 34 9 8
46 71 54 70 40 53 41 29 29 20 69 38 45 65 11 34
45 63 45 41 53 20 68 38 8 38 69 34 27 34 6 8
49 48 17 15 61 25 42 34 53 68 8 8 25 50 65 21
31 55 64 30 38 38 46 55 22 34 42 24 37 39 36 22
11 35 41 54 11 29 69 16 62 17 23 23 60 60 26 71
36 45 45 46 62 62 41 13 21 34 71 69 58 20 60 66
9 58 36 10 8 6 31 14 62 67 56 49 44 67 22 56
69 41 39 24 15 11 30 67 19 24 44 68 36 42 40 39
41 17 20 32 31 27 22 71 69 46 22 60 18 29 48 65
