0 0 0 0 0 0 0 0 0 0 0 0 0 0 0 0
1 1 1 1 1 1 1 1 1 1 1 1 1 1 1 1
0 0 0 0 0 0 0 0 0 0 0 0 0 0 0 0
1 1 1 1 1 1 1 1 1 1 1 1 1 1 1 1
0 0 0 0 0 0 0 0 0 0 0 0 0 0 0 0
1 1 1 1 1 1 1 1 1 1 1 1 1 1 1 1
0 0 0 0 0 0 0 0 0 0 0 0 0 0 0 0
1 1 1 1 1 1 1 1 1 1 1 1 1 1 1 1
0 0 0 0 0 0 0 0 0 0 0 0 0 0 0 0
1 1 1 1 1 1 1 1 1 1 1 1 1 1 1 1
0 0 0 0 0 0 0 0 0 0 0 0 0 0 0 0
1 1 1 1 1 1 1 1 1 1 1 1 1 1 1 1
0 0 0 0 0 0 0 0 0 0 0 0 0 0 0 0
1 1 1 1 1 1 1 1 1 1 1 1 1 1 1 1
0 0 0 0 0 0 0 0 0 0 0 0 0 0 0 0
1 1 1 1 1 1 1 1 1 1 1 1 1 1 1 1
30 26 36 54 36 68 56 24 50 62 18 36 58 70 36 24
27 17 65 33 61 25 27 13 29 63 7 29 49 71 23 27
40 40 22 8 6 18 32 34 64 16 46 24 6 22 68 40
47 13 41 15 71 17 23 7 55 47 71 21 23 13 27 53
70 36 12 44 28 38 42 56 22 54 38 20 58 34 46 36
19 45 35 55 47 57 59 33 15 43 47 61 61 23 9 47
46 10 8 40 32 62 68 64 28 20 24 46 54 58 26 66
43 19 49 31 27 45 71 17 51 17 51 47 19 17 27 21
22 24 62 48 40 58 20 8 8 38 52 14 12 44 52 60
69 37 51 51 17 45 29 35 25 11 45 9 35 37 21 11
40 58 46 66 70 30 28 54 46 62 60 28 40 30 36 70
55 71 39 55 23 71 69 25 49 41 69 11 15 33 45 7
56 6 62 44 34 38 28 6 42 66 8 58 24 54 62 58
19 21 45 41 51 53 35 27 15 29 13 51 31 47 51 21
14 16 34 32 58 24 34 44 42 10 34 40 26 24 42 62
27 31 29 27 37 7 11 35 67 35 51 23 13 27 47 41
