0 0 0 0 0 0 0 0 0 0 0 0 0 0 0 0
1 1 1 1 1 1 1 1 1 1 1 1 1 1 1 1
0 0 0 0 0 0 0 0 0 0 0 0 0 0 0 0
1 1 1 1 1 1 1 1 1 1 1 1 1 1 1 1
0 0 0 0 0 0 0 0 0 0 0 0 0 0 0 0
1 1 1 1 1 1 1 1 1 1 1 1 1 1 1 1
0 0 0 0 0 0 0 0 0 0 0 0 0 0 0 0
1 1 1 1 1 1 1 1 1 1 1 1 1 1 1 1
0 0 0 0 0 0 0 0 0 0 0 0 0 0 0 0
1 1 1 1 1 1 1 1 1 1 1 1 1 1 1 1
0 0 0 0 0 0 0 0 0 0 0 0 0 0 0 0
1 1 1 1 1 1 1 1 1 1 1 1 1 1 1 1
0 0 0 0 0 0 0 0 0 0 0 0 0 0 0 0
1 1 1 1 1 1 1 1 1 1 1 1 1 1 1 1
0 0 0 0 0 0 0 0 0 0 0 0 0 0 0 0
1 1 1 1 1 1 1 1 1 1 1 1 1 1 1 1
18 6 34 62 22 54 16 68 52 30 8 12 60 56 48 16
71 61 35 33 57 9 63 39 17 55 43 33 9 21 45 37
56 54 26 70 60 28 56 52 12 28 18 14 24 16 16 36
31 23 69 33 39 57 11 41 15 35 43 63 39 33 27 13
58 44 16 44 66 54 42 26 18 64 36 54 62 8 10 56
7 65 71 45 21 57 33 65 29 65 43 47 59 7 45 59
60 38 54 34 56 60 14 64 54 54 20 10 18 62 38 28
69 51 43 39 39 35 11 29 21 13 67 71 33 55 19 51
70 56 44 34 66 28 50 24 48 50 62 56 60 32 66 62
31 15 9 9 7 11 25 61 43 65 23 37 41 31 27 7
6 44 24 26 12 68 54 8 8 12 46 10 42 28 28 30
21 63 61 61 11 61 17 59 67 29 7 69 53 47 35 11
28 62 32 26 34 28 40 64 6 18 56 52 64 58 70 62
27 7 59 23 27 39 7 23 25 29 31 57 57 7 17 17
54 48 40 64 16 30 52 42 54 10 10 64 48 40 26 14
37 51 19 65 43 23 43 33 17 19 65 27 41 59 67 61
