0 0 0 0 0 0 0 0 0 0 0 0 0 0 0 0
1 1 1 1 1 1 1 1 1 1 1 1 1 1 1 1
0 0 0 0 0 0 0 0 0 0 0 0 0 0 0 0
1 1 1 1 1 1 1 1 1 1 1 1 1 1 1 1
0 0 0 0 0 0 0 0 0 0 0 0 0 0 0 0
1 1 1 1 1 1 1 1 1 1 1 1 1 1 1 1
0 0 0 0 0 0 0 0 0 0 0 0 0 0 0 0
1 1 1 1 1 1 1 1 1 1 1 1 1 1 1 1
0 0 0 0 0 0 0 0 0 0 0 0 0 0 0 0
1 1 1 1 1 1 1 1 1 1 1 1 1 1 1 1
0 0 0 0 0 0 0 0 0 0 0 0 0 0 0 0
1 1 1 1 1 1 1 1 1 1 1 1 1 1 1 1
0 0 0 0 0 0 0 0 0 0 0 0 0 0 0 0
1 1 1 1 1 1 1 1 1 1 1 1 1 1 1 1
0 0 0 0 0 0 0 0 0 0 0 0 0 0 0 0
1 1 1 1 1 1 1 1 1 1 1 1 1 1 1 1
48 34 22 14 56 66 70 52 6 68 64 48 14 54 12 54
41 71 25 69 21 13 13 47 31 23 43 49 59 21 51 21
62 28 44 68 48 28 62 8 38 14 26 54 40 42 42 46
29 25 7 53 71 69 23 45 17 17 21 25 29 67 39 15
16 24 60 16 64 48 8 14 30 10 52 32 18 46 54 28
53 33 41 59 71 47 17 43 57 31 21 49 49 63 39 35
26 60 52 44 14 10 64 58 54 6 52 60 16 44 26 58
7 21 51 45 17 67 25 67 71 17 63 15 47 71 55 41
14 54 54 38 44 52 20 20 60 70 22 26 70 50 34 48
55 39 49 37 27 57 45 25 7 23 13 23 55 43 43 33
44 22 10 22 28 34 60 42 42 60 16 50 26 46 48 58
59 55 59 53 69 27 67 35 61 59 21 37 19 17 23 37
62 46 40 6 70 30 70 6 12 40 50 54 22 20 16 48
61 71 53 55 23 17 65 49 19 57 51 63 53 51 65 59
38 64 6 68 8 6 38 26 64 28 42 70 20 52 48 14
39 19 7 35 33 13 31 27 39 9 69 21 37 57 15 15
