0 0 0 0 0 0 0 0 0 0 0 0 0 0 0 0
1 1 1 1 1 1 1 1 1 1 1 1 1 1 1 1
0 0 0 0 0 0 0 0 0 0 0 0 0 0 0 0
1 1 1 1 1 1 1 1 1 1 1 1 1 1 1 1
0 0 0 0 0 0 0 0 0 0 0 0 0 0 0 0
1 1 1 1 1 1 1 1 1 1 1 1 1 1 1 1
0 0 0 0 0 0 0 0 0 0 0 0 0 0 0 0
1 1 1 1 1 1 1 1 1 1 1 1 1 1 1 1
0 0 0 0 0 0 0 0 0 0 0 0 0 0 0 0
1 1 1 1 1 1 1 1 1 1 1 1 1 1 1 1
0 0 0 0 0 0 0 0 0 0 0 0 0 0 0 0
1 1 1 1 1 1 1 1 1 1 1 1 1 1 1 1
0 0 0 0 0 0 0 0 0 0 0 0 0 0 0 0
1 1 1 1 1 1 1 1 1 1 1 1 1 1 1 1
0 0 0 0 0 0 0 0 0 0 0 0 0 0 0 0
1 1 1 1 1 1 1 1 1 1 1 1 1 1 1 1
30 56 70 32 36 26 70 14 14 40 6 18 34 32 58 64
41 33 21 31 37 17 41 41 45 21 53 7 15 47 27 35
66 52 58 62 16 14 20 58 56 36 66 70 68 30 28 14
11 71 65 9 19 19 67 67 53 49 37 23 63 13 45 65
58 52 60 64 64 68 62 22 60 60 40 48 68 66 16 8
65 49 51 67 47 13 45 39 7 27 19 33 11 33 59 41
26 50 54 52 18 20 34 56 26 64 20 26 68 26 42 40
57 57 9 31 9 45 39 67 9 71 21 61 35 19 37 21
26 32 44 18 24 54 68 42 46 30 54 68 66 12 52 20
31 55 41 33 37 37 53 9 7 61 25 23 69 61 53 17
8 48 70 38 48 46 68 40 66 54 64 20 26 14 6 34
69 37 51 31 31 37 65 43 27 69 69 17 67 69 45 45
10 34 50 10 62 68 58 56 12 34 62 60 60 60 14 16
29 11 63 55 9 63 15 33 7 37 27 19 25 71 45 31
22 6 12 70 60 10 50 46 8 8 40 36 58 10 20 26
61 53 29 49 61 47 39 13 71 41 51 69 33 39 19 33
