0 0 0 0 0 0 0 0 0 0 0 0 0 0 0 0
1 1 1 1 1 1 1 1 1 1 1 1 1 1 1 1
0 0 0 0 0 0 0 0 0 0 0 0 0 0 0 0
1 1 1 1 1 1 1 1 1 1 1 1 1 1 1 1
0 0 0 0 0 0 0 0 0 0 0 0 0 0 0 0
1 1 1 1 1 1 1 1 1 1 1 1 1 1 1 1
0 0 0 0 0 0 0 0 0 0 0 0 0 0 0 0
1 1 1 1 1 1 1 1 1 1 1 1 1 1 1 1
0 0 0 0 0 0 0 0 0 0 0 0 0 0 0 0
1 1 1 1 1 1 1 1 1 1 1 1 1 1 1 1
0 0 0 0 0 0 0 0 0 0 0 0 0 0 0 0
1 1 1 1 1 1 1 1 1 1 1 1 1 1 1 1
0 0 0 0 0 0 0 0 0 0 0 0 0 0 0 0
1 1 1 1 1 1 1 1 1 1 1 1 1 1 1 1
0 0 0 0 0 0 0 0 0 0 0 0 0 0 0 0
1 1 1 1 1 1 1 1 1 1 1 1 1 1 1 1
14 36 34 12 38 52 26 12 50 12 44 18 30 50 44 12
29 17 39 15 7 19 43 53 51 15 65 51 31 47 15 57
10 66 14 26 24 60 36 42 56 50 38 46 22 64 10 10
23 21 27 23 55 55 45 39 39 55 7 25 71 39 37 47
34 50 60 26 70 56 32 48 44 54 38 12 8 56 26 48
29 23 43 21 11 25 65 17 27 41 49 43 39 9 23 45
18 34 42 22 28 36 50 26 32 46 10 52 44 22 36 36
27 19 63 35 17 67 31 39 25 49 51 61 43 49 63 51
38 14 54 70 18 58 32 58 26 32 10 20 34 34 12 32
19 71 57 47 41 39 47 49 21 47 71 11 39 33 13 47
54 34 12 22 42 34 64 30 12 50 34 46 38 56 60 64
65 57 25 59 27 7 17 41 43 35 33 17 45 41 11 19
60 48 50 28 8 14 66 42 32 12 6 64 32 64 54 54
41 49 17 35 31 51 25 31 37 23 55 7 13 63 69 53
68 58 28 54 8 20 32 58 62 30 18 40 50 44 24 58
47 25 57 61 67 61 35 29 55 61 27 31 47 9 29 15
