0 0 0 0 0 0 0 0 0 0 0 0 0 0 0 0
1 1 1 1 1 1 1 1 1 1 1 1 1 1 1 1
0 0 0 0 0 0 0 0 0 0 0 0 0 0 0 0
1 1 1 1 1 1 1 1 1 1 1 1 1 1 1 1
0 0 0 0 0 0 0 0 0 0 0 0 0 0 0 0
1 1 1 1 1 1 1 1 1 1 1 1 1 1 1 1
0 0 0 0 0 0 0 0 0 0 0 0 0 0 0 0
1 1 1 1 1 1 1 1 1 1 1 1 1 1 1 1
0 0 0 0 0 0 0 0 0 0 0 0 0 0 0 0
1 1 1 1 1 1 1 1 1 1 1 1 1 1 1 1
0 0 0 0 0 0 0 0 0 0 0 0 0 0 0 0
1 1 1 1 1 1 1 1 1 1 1 1 1 1 1 1
0 0 0 0 0 0 0 0 0 0 0 0 0 0 0 0
1 1 1 1 1 1 1 1 1 1 1 1 1 1 1 1
0 0 0 0 0 0 0 0 0 0 0 0 0 0 0 0
1 1 1 1 1 1 1 1 1 1 1 1 1 1 1 1
50 68 16 66 46 68 36 16 40 44 18 60 60 62 8 44
41 21 71 43 33 61 59 41 23 63 21 21 57 63 55 47
24 22 12 48 64 14 56 16 28 14 52 62 44 66 66 70
65 53 63 23 7 29 63 47 47 71 51 53 65 17 41 15
24 22 18 24 24 36 26 22 20 32 14 30 16 66 10 36
45 71 39 17 45 29 33 57 67 23 41 57 67 29 39 33
36 58 60 62 52 68 52 36 14 62 18 58 64 26 54 26
63 43 7 39 21 43 37 23 19 55 41 31 29 35 35 19
20 40 48 60 40 36 30 30 44 58 12 20 54 68 26 10
71 15 7 33 61 39 39 11 71 35 7 67 63 17 25 19
14 8 66 10 52 50 38 50 26 24 60 32 38 38 46 68
25 23 69 25 43 45 11 11 67 37 69 27 51 59 59 21
46 22 30 62 28 30 36 50 44 70 36 48 54 42 20 12
17 69 53 21 57 57 41 17 59 55 7 49 55 29 63 65
34 54 14 18 46 8 22 28 12 10 68 16 28 36 18 12
31 25 31 47 11 29 33 57 13 53 19 65 13 23 47 67
