0 0 0 0 0 0 0 0 0 0 0 0 0 0 0 0
1 1 1 1 1 1 1 1 1 1 1 1 1 1 1 1
0 0 0 0 0 0 0 0 0 0 0 0 0 0 0 0
1 1 1 1 1 1 1 1 1 1 1 1 1 1 1 1
0 0 0 0 0 0 0 0 0 0 0 0 0 0 0 0
1 1 1 1 1 1 1 1 1 1 1 1 1 1 1 1
0 0 0 0 0 0 0 0 0 0 0 0 0 0 0 0
1 1 1 1 1 1 1 1 1 1 1 1 1 1 1 1
0 0 0 0 0 0 0 0 0 0 0 0 0 0 0 0
1 1 1 1 1 1 1 1 1 1 1 1 1 1 1 1
0 0 0 0 0 0 0 0 0 0 0 0 0 0 0 0
1 1 1 1 1 1 1 1 1 1 1 1 1 1 1 1
0 0 0 0 0 0 0 0 0 0 0 0 0 0 0 0
1 1 1 1 1 1 1 1 1 1 1 1 1 1 1 1
0 0 0 0 0 0 0 0 0 0 0 0 0 0 0 0
1 1 1 1 1 1 1 1 1 1 1 1 1 1 1 1
14 14 14 20 30 46 64 18 16 56 40 64 32 58 66 6
33 27 55 51 25 65 33 57 49 63 17 57 67 17 59 17
52 42 6 12 16 30 8 26 14 50 60 32 50 66 14 14
11 21 31 29 35 33 21 29 47 65 35 35 55 33 43 61
22 22 18 42 66 56 70 34 66 68 44 28 18 26 18 40
13 39 71 33 39 41 67 35 25 47 7 69 71 63 51 21
42 10 58 32 22 54 58 56 26 56 18 38 22 40 22 50
35 57 25 49 13 37 51 53 51 17 29 49 53 27 45 27
12 44 6 30 20 42 52 54 46 18 32 32 62 32 20 34
69 63 49 69 51 9 11 15 7 25 57 15 69 43 23 13
60 14 42 58 10 42 26 22 58 34 8 22 68 28 34 32
33 49 31 9 29 25 51 45 15 15 27 67 31 25 15 65
62 56 70 62 40 56 66 6 20 16 48 54 38 44 54 64
57 71 35 23 59 39 57 65 23 21 13 27 55 45 31 53
52 48 70 38 44 34 18 38 12 60 6 10 48 26 42 38
47 69 37 37 53 13 33 63 23 25 61 45 53 57 59 27
