0 0 0 0 0 0 0 0 0 0 0 0 0 0 0 0
1 1 1 1 1 1 1 1 1 1 1 1 1 1 1 1
0 0 0 0 0 0 0 0 0 0 0 0 0 0 0 0
1 1 1 1 1 1 1 1 1 1 1 1 1 1 1 1
0 0 0 0 0 0 0 0 0 0 0 0 0 0 0 0
1 1 1 1 1 1 1 1 1 1 1 1 1 1 1 1
0 0 0 0 0 0 0 0 0 0 0 0 0 0 0 0
1 1 1 1 1 1 1 1 1 1 1 1 1 1 1 1
0 0 0 0 0 0 0 0 0 0 0 0 0 0 0 0
1 1 1 1 1 1 1 1 1 1 1 1 1 1 1 1
0 0 0 0 0 0 0 0 0 0 0 0 0 0 0 0
1 1 1 1 1 1 1 1 1 1 1 1 1 1 1 1
0 0 0 0 0 0 0 0 0 0 0 0 0 0 0 0
1 1 1 1 1 1 1 1 1 1 1 1 1 1 1 1
0 0 0 0 0 0 0 0 0 0 0 0 0 0 0 0
1 1 1 1 1 1 1 1 1 1 1 1 1 1 1 1
66 8 20 20 32 12 34 6 66 54 60 20 70 64 22 40
19 59 19 7 49 51 35 55 25 61 41 65 43 43 63 21
58 6 46 12 64 66 34 46 36 24 54 50 30 46 34 14
67 57 11 11 11 11 55 19 35 7 51 39 63 27 29 43
42 64 18 36 60 8 58 32 52 30 36 62 36 62 8 32
23 35 69 55 9 53 35 7 9 15 61 57 37 25 9 65
44 34 70 6 26 46 52 70 18 54 20 6 14 14 40 14
63 33 71 59 55 9 41 35 51 13 31 57 29 65 63 49
16 28 36 36 42 12 14 32 52 18 56 36 24 68 32 6
13 59 53 13 61 11 19 39 69 31 21 11 71 13 57 71
14 56 62 64 12 60 38 52 8 6 48 56 28 30 10 20
7 17 69 31 13 53 71 39 59 33 37 41 43 15 63 33
48 40 24 28 24 16 54 46 28 68 66 36 48 52 10 32
63 9 39 15 51 9 33 55 59 43 13 53 29 61 65 49
48 36 36 48 24 70 68 26 28 50 38 38 54 42 54 24
25 13 43 37 33 43 13 41 59 63 27 61 15 19 47 69
