0 0 0 0 0 0 0 0 0 0 0 0 0 0 0 0
1 1 1 1 1 1 1 1 1 1 1 1 1 1 1 1
0 0 0 0 0 0 0 0 0 0 0 0 0 0 0 0
1 1 1 1 1 1 1 1 1 1 1 1 1 1 1 1
0 0 0 0 0 0 0 0 0 0 0 0 0 0 0 0
1 1 1 1 1 1 1 1 1 1 1 1 1 1 1 1
0 0 0 0 0 0 0 0 0 0 0 0 0 0 0 0
1 1 1 1 1 1 1 1 1 1 1 1 1 1 1 1
0 0 0 0 0 0 0 0 0 0 0 0 0 0 0 0
1 1 1 1 1 1 1 1 1 1 1 1 1 1 1 1
0 0 0 0 0 0 0 0 0 0 0 0 0 0 0 0
1 1 1 1 1 1 1 1 1 1 1 1 1 1 1 1
0 0 0 0 0 0 0 0 0 0 0 0 0 0 0 0
1 1 1 1 1 1 1 1 1 1 1 1 1 1 1 1
0 0 0 0 0 0 0 0 0 0 0 0 0 0 0 0
1 1 1 1 1 1 1 1 1 1 1 1 1 1 1 1
62 10 50 50 32 26 28 16 26 66 58 68 26 60 36 34
65 41 27 13 51 45 41 55 11 31 33 51 21 45 71 39
58 70 54 62 16 56 46 36 22 58 56 18 68 46 14 12
19 43 61 63 57 69 55 39 13 19 27 33 47 71 65 71
40 60 64 18 14 6 66 70 30 40 70 40 36 10 10 62
51 35 53 41 31 15 7 31 25 13 9 45 47 25 17 63
22 18 40 6 28 10 22 60 14 18 12 28 30 16 34 30
33 13 43 11 7 47 49 11 55 63 63 9 13 11 27 25
18 46 16 36 18 44 22 32 12 38 22 34 38 44 10 64
63 41 23 37 61 13 51 71 35 7 53 19 33 21 21 33
32 40 30 60 8 22 28 26 46 30 14 46 58 68 70 32
69 27 19 35 19 9 63 59 35 49 51 63 47 61 35 41
28 48 36 42 24 18 34 18 18 50 58 60 70 70 44 64
21 35 17 37 31 69 43 63 53 69 45 13 51 21 39 53
22 32 58 52 18 8 18 58 40 48 70 70 36 22 24 16
41 65 15 67 37 49 15 63 43 69 47 9 55 71 7 69
