0 0 0 0 0 0 0 0 0 0 0 0 0 0 0 0
1 1 1 1 1 1 1 1 1 1 1 1 1 1 1 1
0 0 0 0 0 0 0 0 0 0 0 0 0 0 0 0
1 1 1 1 1 1 1 1 1 1 1 1 1 1 1 1
0 0 0 0 0 0 0 0 0 0 0 0 0 0 0 0
1 1 1 1 1 1 1 1 1 1 1 1 1 1 1 1
0 0 0 0 0 0 0 0 0 0 0 0 0 0 0 0
1 1 1 1 1 1 1 1 1 1 1 1 1 1 1 1
0 0 0 0 0 0 0 0 0 0 0 0 0 0 0 0
1 1 1 1 1 1 1 1 1 1 1 1 1 1 1 1
0 0 0 0 0 0 0 0 0 0 0 0 0 0 0 0
1 1 1 1 1 1 1 1 1 1 1 1 1 1 1 1
0 0 0 0 0 0 0 0 0 0 0 0 0 0 0 0
1 1 1 1 1 1 1 1 1 1 1 1 1 1 1 1
0 0 0 0 0 0 0 0 0 0 0 0 0 0 0 0
1 1 1 1 1 1 1 1 1 1 1 1 1 1 1 1
24 8 54 52 22 46 70 22 34 52 12 58 62 60 26 26
65 13 43 29 19 39 57 47 59 9 57 71 57 57 9 45
36 34 26 52 20 54 56 58 22 40 68 26 10 28 24 8
31 27 51 69 37 25 61 69 39 29 43 41 49 45 27 7
70 48 46 22 26 18 32 18 42 20 32 14 18 62 56 24
53 25 29 27 9 59 65 35 9 47 61 15 11 69 35 57
48 60 8 50 28 48 58 30 10 34 36 28 36 66 16 42
45 35 55 55 17 9 29 9 7 11 57 29 27 57 43 57
42 48 34 60 58 14 10 24 42 36 28 24 60 40 50 36
57 47 11 71 19 39 23 9 47 47 47 31 41 29 49 33
56 22 20 66 40 14 38 38 52 56 70 68 10 40 36 56
65 23 13 45 47 65 69 33 27 33 69 41 7 45 65 11
54 54 50 32 30 22 16 22 44 60 22 54 64 30 58 38
35 21 9 15 31 59 41 39 31 67 67 31 53 35 19 41
26 66 58 30 36 36 10 30 52 20 40 16 26 16 18 62
47 37 23 65 21 7 57 31 33 11 33 17 7 21 39 13
