1 0 0 0 0 1 1 0 1 0 0 0 1 0 0 0
0 0 0 0 0 0 1 0 1 1 0 0 1 1 1 0
1 1 0 0 0 1 1 0 0 1 0 0 0 0 0 1
0 0 0 1 0 1 1 1 1 0 0 1 1 0 0 1
0 0 0 0 0 0 1 1 1 0 0 0 0 0 1 1
0 1 1 0 1 0 0 1 0 0 0 0 1 0 1 1
1 1 0 1 0 1 1 1 0 1 0 1 1 0 0 1
1 1 0 1 0 1 0 1 1 0 0 0 1 1 0 0
0 1 1 0 1 0 0 1 0 0 0 1 1 1 1 1
0 0 1 0 1 1 0 1 1 0 1 0 0 1 1 1
0 0 0 1 1 0 1 1 1 0 1 0 0 1 1 1
1 1 0 0 1 1 1 0 0 1 1 0 1 1 1 1
0 0 0 0 0 1 1 1 0 1 1 0 1 1 1 1
1 1 1 0 1 1 1 1 1 1 1 1 1 1 1 1
0 0 0 0 1 1 1 0 1 1 0 0 1 1 0 0
1 1 1 0 0 0 1 1 0 1 1 0 0 0 0 0
17 58 64 54 18 27 49 68 35 26 6 36 35 40 44 38
32 36 12 42 28 16 41 26 67 43 24 68 65 51 23 36
37 33 22 64 42 13 57 48 32 13 8 64 14 34 44 21
70 70 10 57 56 7 15 41 15 28 46 23 37 18 18 57
52 64 8 66 16 8 21 59 37 20 64 66 50 28 71 27
64 25 61 44 65 42 36 59 16 32 8 28 45 56 7 41
59 21 6 71 48 71 25 51 40 69 62 19 69 60 62 37
31 41 52 15 58 35 62 7 45 16 50 48 51 39 26 46
68 49 37 58 63 62 58 61 30 70 22 53 49 69 27 47
54 36 13 6 19 11 48 7 67 20 35 20 34 37 25 31
58 48 10 47 45 10 33 33 41 32 23 40 6 43 7 55
67 31 30 66 41 65 7 28 38 53 57 12 33 71 27 61
34 60 10 36 10 27 53 17 6 57 43 12 11 43 65 45
51 7 11 36 15 71 23 33 33 39 65 55 69 41 9 7
44 10 50 6 33 55 57 70 25 11 50 6 27 53 70 50
53 67 59 34 12 70 67 61 54 61 63 50 28 16 34 26
