0 1 0 1 0 1 0 1 0 1 0 1 0 1 0 1
0 1 0 1 0 1 0 1 0 1 0 1 0 1 0 1
0 1 0 1 0 1 0 1 0 1 0 1 0 1 0 1
0 1 0 1 0 1 0 1 0 1 0 1 0 1 0 1
0 1 0 1 0 1 0 1 0 1 0 1 0 1 0 1
0 1 0 1 0 1 0 1 0 1 0 1 0 1 0 1
0 1 0 1 0 1 0 1 0 1 0 1 0 1 0 1
0 1 0 1 0 1 0 1 0 1 0 1 0 1 0 1
0 1 0 1 0 1 0 1 0 1 0 1 0 1 0 1
0 1 0 1 0 1 0 1 0 1 0 1 0 1 0 1
0 1 0 1 0 1 0 1 0 1 0 1 0 1 0 1
0 1 0 1 0 1 0 1 0 1 0 1 0 1 0 1
0 1 0 1 0 1 0 1 0 1 0 1 0 1 0 1
0 1 0 1 0 1 0 1 0 1 0 1 0 1 0 1
0 1 0 1 0 1 0 1 0 1 0 1 0 1 0 1
0 1 0 1 0 1 0 1 0 1 0 1 0 1 0 1
8 21 28 23 68 7 64 41 64 53 14 31 58 23 64 49
24 31 28 45 32 39 28 33 50 37 22 25 6 47 38 29
44 61 38 17 8 35 50 9 20 25 52 55 34 7 22 43
10 47 8 25 30 35 42 53 12 21 36 31 32 11 44 13
18 31 48 37 24 63 6 47 60 71 62 51 50 41 52 15
32 67 14 69 34 7 8 51 34 19 38 71 64 11 44 61
24 17 28 47 56 15 20 49 30 9 16 67 44 19 62 37
66 49 26 7 16 25 10 55 24 55 36 49 28 47 62 57
16 45 56 55 28 45 48 21 38 57 28 59 40 25 36 71
44 25 56 29 66 31 54 13 12 27 26 45 30 47 18 25
42 21 40 45 30 9 62 49 18 51 40 45 66 65 28 45
60 61 6 45 32 7 56 7 22 41 36 15 60 11 44 51
36 37 20 63 12 9 20 25 6 41 64 69 50 65 12 17
62 65 64 45 70 41 16 69 38 47 68 13 50 63 32 33
60 43 30 7 32 43 54 71 38 49 56 61 46 39 54 39
54 59 10 27 54 45 14 55 34 33 54 37 14 17 40 59
