0 1 0 1 0 1 0 1 0 1 0 1 0 1 0 1
0 1 0 1 0 1 0 1 0 1 0 1 0 1 0 1
0 1 0 1 0 1 0 1 0 1 0 1 0 1 0 1
0 1 0 1 0 1 0 1 0 1 0 1 0 1 0 1
0 1 0 1 0 1 0 1 0 1 0 1 0 1 0 1
0 1 0 1 0 1 0 1 0 1 0 1 0 1 0 1
0 1 0 1 0 1 0 1 0 1 0 1 0 1 0 1
0 1 0 1 0 1 0 1 0 1 0 1 0 1 0 1
0 1 0 1 0 1 0 1 0 1 0 1 0 1 0 1
0 1 0 1 0 1 0 1 0 1 0 1 0 1 0 1
0 1 0 1 0 1 0 1 0 1 0 1 0 1 0 1
0 1 0 1 0 1 0 1 0 1 0 1 0 1 0 1
0 1 0 1 0 1 0 1 0 1 0 1 0 1 0 1
0 1 0 1 0 1 0 1 0 1 0 1 0 1 0 1
0 1 0 1 0 1 0 1 0 1 0 1 0 1 0 1
0 1 0 1 0 1 0 1 0 1 0 1 0 1 0 1
36 7 10 17 62 7 6 23 34 61 68 29 16 71 40 51
66 65 8 57 70 41 28 61 38 31 48 43 68 33 58 19
56 33 62 23 10 45 42 13 54 9 42 31 26 29 46 21
32 63 70 61 34 37 46 67 12 71 10 19 26 63 62 51
22 15 48 19 54 11 24 45 66 23 14 55 36 59 34 63
30 11 30 37 22 29 38 71 58 53 12 65 14 43 12 49
34 23 46 49 38 43 34 23 52 13 36 45 70 61 56 35
48 71 6 17 32 51 60 17 46 35 18 39 30 39 36 29
42 51 46 31 28 31 26 23 16 61 56 13 60 45 36 59
24 17 10 41 10 25 6 33 66 9 48 33 38 51 12 41
24 63 46 37 30 11 52 63 58 27 24 61 26 25 70 45
40 19 30 21 58 57 26 53 18 13 22 43 18 11 34 63
34 31 62 17 18 45 56 55 22 51 60 61 30 27 14 61
50 19 24 35 56 53 34 21 28 51 24 67 40 35 26 27
18 61 52 71 28 25 20 33 8 23 34 67 46 69 60 11
24 19 62 17 40 27 70 25 28 59 22 31 20 7 52 47
