0 1 0 1 0 1 0 1 0 1 0 1 0 1 0 1
0 1 0 1 0 1 0 1 0 1 0 1 0 1 0 1
0 1 0 1 0 1 0 1 0 1 0 1 0 1 0 1
0 1 0 1 0 1 0 1 0 1 0 1 0 1 0 1
0 1 0 1 0 1 0 1 0 1 0 1 0 1 0 1
0 1 0 1 0 1 0 1 0 1 0 1 0 1 0 1
0 1 0 1 0 1 0 1 0 1 0 1 0 1 0 1
0 1 0 1 0 1 0 1 0 1 0 1 0 1 0 1
0 1 0 1 0 1 0 1 0 1 0 1 0 1 0 1
0 1 0 1 0 1 0 1 0 1 0 1 0 1 0 1
0 1 0 1 0 1 0 1 0 1 0 1 0 1 0 1
0 1 0 1 0 1 0 1 0 1 0 1 0 1 0 1
0 1 0 1 0 1 0 1 0 1 0 1 0 1 0 1
0 1 0 1 0 1 0 1 0 1 0 1 0 1 0 1
0 1 0 1 0 1 0 1 0 1 0 1 0 1 0 1
0 1 0 1 0 1 0 1 0 1 0 1 0 1 0 1
22 71 6 23 28 43 32 47 64 35 20 63 42 25 32 55
58 43 52 57 48 19 20 41 70 71 50 45 10 51 28 9
38 23 62 37 52 39 38 53 70 15 40 31 18 33 14 47
18 47 46 29 58 45 64 61 62 57 58 59 14 31 48 7
10 7 8 71 16 39 54 13 28 51 38 47 48 21 58 37
12 7 66 65 58 13 58 15 10 45 10 61 56 7 66 45
18 9 40 53 66 71 22 9 6 33 22 23 58 45 32 15
10 61 10 21 44 33 38 69 66 33 22 13 60 29 54 49
56 51 56 49 20 25 24 55 40 21 36 7 36 17 38 49
20 63 18 61 24 49 22 27 22 45 50 35 64 55 8 47
64 43 6 21 68 57 60 57 48 25 20 11 70 15 30 69
26 59 8 7 36 17 58 21 34 7 24 31 70 69 28 39
60 29 10 33 36 23 12 7 70 37 6 7 24 47 62 67
20 41 20 23 68 33 20 13 58 35 62 31 52 13 34 63
46 57 38 59 28 27 6 15 12 35 12 15 38 29 48 23
22 19 24 59 66 51 32 37 32 31 24 13 38 29 28 61
