0 1 0 1 0 1 0 1 0 1 0 1 0 1 0 1
0 1 0 1 0 1 0 1 0 1 0 1 0 1 0 1
0 1 0 1 0 1 0 1 0 1 0 1 0 1 0 1
0 1 0 1 0 1 0 1 0 1 0 1 0 1 0 1
0 1 0 1 0 1 0 1 0 1 0 1 0 1 0 1
0 1 0 1 0 1 0 1 0 1 0 1 0 1 0 1
0 1 0 1 0 1 0 1 0 1 0 1 0 1 0 1
0 1 0 1 0 1 0 1 0 1 0 1 0 1 0 1
0 1 0 1 0 1 0 1 0 1 0 1 0 1 0 1
0 1 0 1 0 1 0 1 0 1 0 1 0 1 0 1
0 1 0 1 0 1 0 1 0 1 0 1 0 1 0 1
0 1 0 1 0 1 0 1 0 1 0 1 0 1 0 1
0 1 0 1 0 1 0 1 0 1 0 1 0 1 0 1
0 1 0 1 0 1 0 1 0 1 0 1 0 1 0 1
0 1 0 1 0 1 0 1 0 1 0 1 0 1 0 1
0 1 0 1 0 1 0 1 0 1 0 1 0 1 0 1
28 9 10 43 40 53 36 31 14 31 38 21 58 65 12 71
34 17 50 19 10 45 10 43 28 33 34 57 38 17 12 55
70 9 46 61 6 27 60 43 44 71 10 41 8 53 26 69
44 9 6 69 22 59 54 53 64 11 12 31 64 33 28 23
32 71 8 25 22 61 12 63 52 51 24 37 44 47 26 25
14 45 24 51 48 61 12 57 28 61 62 27 34 69 40 47
44 51 20 47 10 47 58 27 46 33 70 33 68 27 64 69
52 13 40 59 28 63 30 57 8 13 36 49 14 17 16 7
26 51 38 13 54 53 20 31 38 37 46 23 48 23 32 27
30 49 24 17 6 67 64 39 70 7 18 43 8 59 50 29
32 17 42 27 46 55 62 15 68 53 52 71 66 31 58 15
50 9 14 19 48 43 22 25 68 51 62 27 12 35 42 23
24 49 48 65 12 69 50 21 46 41 42 27 52 49 8 29
66 13 66 25 60 57 30 33 40 39 48 65 10 35 36 7
16 35 16 27 42 49 36 27 56 71 10 63 18 19 18 43
66 59 58 39 42 55 54 37 12 19 56 65 16 49 38 23
