0 1 0 1 0 1 0 1 0 1 0 1 0 1 0 1
0 1 0 1 0 1 0 1 0 1 0 1 0 1 0 1
0 1 0 1 0 1 0 1 0 1 0 1 0 1 0 1
0 1 0 1 0 1 0 1 0 1 0 1 0 1 0 1
0 1 0 1 0 1 0 1 0 1 0 1 0 1 0 1
0 1 0 1 0 1 0 1 0 1 0 1 0 1 0 1
0 1 0 1 0 1 0 1 0 1 0 1 0 1 0 1
0 1 0 1 0 1 0 1 0 1 0 1 0 1 0 1
0 1 0 1 0 1 0 1 0 1 0 1 0 1 0 1
0 1 0 1 0 1 0 1 0 1 0 1 0 1 0 1
0 1 0 1 0 1 0 1 0 1 0 1 0 1 0 1
0 1 0 1 0 1 0 1 0 1 0 1 0 1 0 1
0 1 0 1 0 1 0 1 0 1 0 1 0 1 0 1
0 1 0 1 0 1 0 1 0 1 0 1 0 1 0 1
0 1 0 1 0 1 0 1 0 1 0 1 0 1 0 1
0 1 0 1 0 1 0 1 0 1 0 1 0 1 0 1
58 51 58 51 42 65 22 43 58 25 34 9 46 69 10 63
24 59 46 27 50 41 40 43 58 55 68 25 60 41 70 13
68 53 18 29 30 43 30 61 48 31 40 9 20 57 22 7
26 45 6 27 56 9 6 43 70 7 24 53 48 57 68 47
34 9 28 15 60 15 36 53 62 21 22 69 40 9 60 13
6 67 46 19 50 27 36 57 56 63 44 13 34 47 28 57
50 45 6 61 18 19 24 27 44 51 26 19 70 39 12 63
46 41 14 19 10 35 60 47 64 37 58 21 6 71 22 19
60 37 66 9 50 25 46 33 34 65 8 41 18 25 38 45
36 63 46 55 6 61 44 31 56 65 48 29 8 53 52 71
28 21 14 69 42 25 26 39 32 63 36 29 48 25 60 15
6 7 54 69 16 9 70 55 16 57 52 17 8 45 22 21
28 49 56 29 22 25 36 19 58 63 26 39 54 61 6 63
44 69 14 51 26 55 48 21 52 9 26 57 42 29 32 41
46 7 40 39 54 9 50 9 34 59 64 51 44 65 10 37
14 67 14 47 36 51 62 61 12 33 38 63 16 71 12 21
