0 1 0 1 0 1 0 1 0 1 0 1 0 1 0 1
0 1 0 1 0 1 0 1 0 1 0 1 0 1 0 1
0 1 0 1 0 1 0 1 0 1 0 1 0 1 0 1
0 1 0 1 0 1 0 1 0 1 0 1 0 1 0 1
0 1 0 1 0 1 0 1 0 1 0 1 0 1 0 1
0 1 0 1 0 1 0 1 0 1 0 1 0 1 0 1
0 1 0 1 0 1 0 1 0 1 0 1 0 1 0 1
0 1 0 1 0 1 0 1 0 1 0 1 0 1 0 1
0 1 0 1 0 1 0 1 0 1 0 1 0 1 0 1
0 1 0 1 0 1 0 1 0 1 0 1 0 1 0 1
0 1 0 1 0 1 0 1 0 1 0 1 0 1 0 1
0 1 0 1 0 1 0 1 0 1 0 1 0 1 0 1
0 1 0 1 0 1 0 1 0 1 0 1 0 1 0 1
0 1 0 1 0 1 0 1 0 1 0 1 0 1 0 1
0 1 0 1 0 1 0 1 0 1 0 1 0 1 0 1
0 1 0 1 0 1 0 1 0 1 0 1 0 1 0 1
18 15 10 51 64 65 22 23 14 23 16 47 60 63 10 23
64 47 24 69 28 31 66 7 62 61 14 55 16 15 8 71
28 59 58 57 68 59 44 55 40 71 12 9 70 43 40 39
22 59 30 61 12 23 58 67 52 21 26 69 44 9 6 21
34 67 54 9 54 9 62 33 34 63 36 31 70 29 58 13
20 11 46 21 22 11 10 61 6 41 46 23 60 19 30 37
56 23 46 65 14 37 36 67 60 27 40 29 70 7 30 59
60 65 24 19 18 69 24 19 50 43 28 33 46 25 28 71
70 67 26 53 36 19 46 37 46 21 50 51 8 69 46 45
36 25 46 35 66 43 34 21 36 39 24 39 46 15 58 67
50 33 58 49 50 61 38 59 42 25 44 57 54 69 22 9
54 43 6 65 42 9 48 13 58 71 62 21 24 31 60 69
54 67 16 15 18 55 40 63 30 33 60 45 70 71 16 29
52 53 10 19 34 59 68 17 12 7 44 39 46 69 46 31
32 65 24 45 64 9 8 55 52 25 24 57 52 7 34 55
40 25 6 9 40 21 16 11 56 57 58 57 46 31 54 49
