0 1 0 1 0 1 0 1 0 1 0 1 0 1 0 1
0 1 0 1 0 1 0 1 0 1 0 1 0 1 0 1
0 1 0 1 0 1 0 1 0 1 0 1 0 1 0 1
0 1 0 1 0 1 0 1 0 1 0 1 0 1 0 1
0 1 0 1 0 1 0 1 0 1 0 1 0 1 0 1
0 1 0 1 0 1 0 1 0 1 0 1 0 1 0 1
0 1 0 1 0 1 0 1 0 1 0 1 0 1 0 1
0 1 0 1 0 1 0 1 0 1 0 1 0 1 0 1
0 1 0 1 0 1 0 1 0 1 0 1 0 1 0 1
0 1 0 1 0 1 0 1 0 1 0 1 0 1 0 1
0 1 0 1 0 1 0 1 0 1 0 1 0 1 0 1
0 1 0 1 0 1 0 1 0 1 0 1 0 1 0 1
0 1 0 1 0 1 0 1 0 1 0 1 0 1 0 1
0 1 0 1 0 1 0 1 0 1 0 1 0 1 0 1
0 1 0 1 0 1 0 1 0 1 0 1 0 1 0 1
0 1 0 1 0 1 0 1 0 1 0 1 0 1 0 1
26 47 24 11 12 61 46 37 18 67 16 71 66 13 44 11
34 15 68 27 34 11 8 45 52 13 44 25 44 9 26 41
54 71 54 55 44 25 22 71 38 37 46 57 32 47 8 11
6 21 44 21 14 9 30 21 54 59 56 35 54 15 52 35
60 39 26 15 28 53 20 47 32 23 56 59 54 21 62 61
66 13 24 67 60 53 24 59 46 49 22 41 20 37 44 51
66 57 32 27 58 13 22 19 38 31 66 25 10 59 46 31
8 57 54 41 18 29 8 11 52 27 62 19 26 11 12 13
42 55 36 27 58 63 32 9 14 43 70 69 30 29 50 31
26 19 6 27 22 41 42 21 6 29 42 61 14 45 66 39
56 59 68 33 34 41 46 19 22 27 28 29 8 69 62 43
30 35 32 37 70 37 68 49 54 63 30 49 32 31 22 47
14 25 32 63 48 15 68 71 32 39 42 61 20 31 54 67
60 23 54 7 62 39 68 51 44 71 68 47 66 15 32 71
36 15 26 69 32 41 60 11 14 47 60 17 34 13 8 33
30 63 32 53 56 53 30 29 52 71 50 21 38 25 46 67
