0 1 0 1 0 1 0 1 0 1 0 1 0 1 0 1
0 1 0 1 0 1 0 1 0 1 0 1 0 1 0 1
0 1 0 1 0 1 0 1 0 1 0 1 0 1 0 1
0 1 0 1 0 1 0 1 0 1 0 1 0 1 0 1
0 1 0 1 0 1 0 1 0 1 0 1 0 1 0 1
0 1 0 1 0 1 0 1 0 1 0 1 0 1 0 1
0 1 0 1 0 1 0 1 0 1 0 1 0 1 0 1
0 1 0 1 0 1 0 1 0 1 0 1 0 1 0 1
0 1 0 1 0 1 0 1 0 1 0 1 0 1 0 1
0 1 0 1 0 1 0 1 0 1 0 1 0 1 0 1
0 1 0 1 0 1 0 1 0 1 0 1 0 1 0 1
0 1 0 1 0 1 0 1 0 1 0 1 0 1 0 1
0 1 0 1 0 1 0 1 0 1 0 1 0 1 0 1
0 1 0 1 0 1 0 1 0 1 0 1 0 1 0 1
0 1 0 1 0 1 0 1 0 1 0 1 0 1 0 1
0 1 0 1 0 1 0 1 0 1 0 1 0 1 0 1
64 21 66 71 22 21 24 15 46 45 52 55 50 19 14 49
40 11 68 39 16 15 14 53 38 63 16 35 50 53 54 37
58 33 32 27 60 27 68 31 32 25 12 43 46 63 52 11
24 55 54 67 10 33 46 45 26 7 6 51 10 67 58 45
18 59 16 49 54 45 70 55 40 39 14 37 36 57 14 65
30 9 24 55 52 51 8 57 24 27 14 69 46 17 38 11
24 31 8 63 32 39 6 37 70 43 44 63 70 15 62 55
34 71 6 63 34 31 58 41 68 55 6 67 22 35 68 67
6 17 14 53 14 17 18 7 54 47 44 61 64 55 44 29
6 29 60 45 34 13 8 19 6 37 12 47 46 67 44 13
58 7 44 47 26 39 16 27 46 21 58 45 64 9 36 45
56 27 16 47 32 53 66 45 34 15 68 41 56 55 38 59
50 31 48 67 68 71 70 15 38 17 22 45 60 13 40 11
36 63 54 17 32 31 44 71 12 27 44 27 34 41 60 69
40 25 18 33 46 39 24 33 58 13 36 59 70 55 34 17
70 29 42 35 48 9 48 45 10 39 20 69 38 19 14 27
