0 1 0 1 0 1 0 1 0 1 0 1 0 1 0 1
0 1 0 1 0 1 0 1 0 1 0 1 0 1 0 1
0 1 0 1 0 1 0 1 0 1 0 1 0 1 0 1
0 1 0 1 0 1 0 1 0 1 0 1 0 1 0 1
0 1 0 1 0 1 0 1 0 1 0 1 0 1 0 1
0 1 0 1 0 1 0 1 0 1 0 1 0 1 0 1
0 1 0 1 0 1 0 1 0 1 0 1 0 1 0 1
0 1 0 1 0 1 0 1 0 1 0 1 0 1 0 1
0 1 0 1 0 1 0 1 0 1 0 1 0 1 0 1
0 1 0 1 0 1 0 1 0 1 0 1 0 1 0 1
0 1 0 1 0 1 0 1 0 1 0 1 0 1 0 1
0 1 0 1 0 1 0 1 0 1 0 1 0 1 0 1
0 1 0 1 0 1 0 1 0 1 0 1 0 1 0 1
0 1 0 1 0 1 0 1 0 1 0 1 0 1 0 1
0 1 0 1 0 1 0 1 0 1 0 1 0 1 0 1
0 1 0 1 0 1 0 1 0 1 0 1 0 1 0 1
32 43 64 69 28 11 54 49 42 39 56 69 38 35 52 47
38 49 50 17 6 9 52 17 66 43 38 53 66 67 24 17
52 21 16 35 34 43 6 55 20 61 8 45 52 53 10 47
34 15 22 51 58 21 52 69 54 65 40 61 46 29 56 45
20 37 40 9 68 41 40 27 26 61 22 31 42 53 70 7
46 35 50 43 58 37 8 37 52 13 62 27 14 33 50 29
60 9 30 61 68 53 24 49 64 71 30 57 40 41 54 59
10 27 14 13 12 23 30 29 52 71 70 71 14 29 8 63
52 15 68 57 58 67 54 17 58 41 12 39 38 15 56 71
54 41 16 59 46 13 24 69 30 45 58 43 16 23 10 13
12 21 14 27 64 27 30 23 50 47 38 67 30 33 30 67
42 55 18 31 48 13 40 67 24 25 26 15 44 53 60 41
24 23 54 17 38 69 14 65 40 47 8 13 52 61 24 37
64 59 8 67 70 35 16 61 12 29 58 23 36 49 68 33
64 53 24 61 14 15 44 7 6 63 30 17 28 71 70 51
60 11 48 43 42 47 46 49 28 67 30 43 14 63 14 49
