1 0 0 1 0 0 0 0 1 1 0 0 1 1 0 1
0 1 0 0 1 0 0 1 1 1 1 1 1 0 0 0
0 1 1 1 0 1 0 0 1 0 1 1 0 0 1 1
1 0 0 0 1 0 1 0 1 1 1 1 0 0 1 0
0 0 0 1 1 1 1 1 0 1 1 0 0 0 0 1
0 0 1 0 0 1 1 0 1 1 0 0 1 0 0 1
1 0 0 0 0 1 0 1 0 1 1 0 1 0 0 0
0 0 0 0 1 0 0 1 0 0 1 1 1 0 1 0
1 0 1 1 1 0 1 1 0 1 1 0 1 1 0 0
0 0 0 0 0 1 1 0 1 1 1 1 1 1 1 0
1 1 1 1 1 1 0 1 1 0 0 1 1 1 1 0
1 1 0 1 0 0 0 1 1 1 0 1 0 0 1 0
1 1 1 0 1 0 0 1 0 1 0 0 1 1 0 1
1 1 1 1 0 1 1 0 1 1 1 0 0 0 1 1
0 0 0 0 0 0 0 1 0 1 0 0 0 0 1 0
0 0 0 1 1 0 0 0 0 0 1 1 1 0 1 1
47 10 12 15 68 18 68 10 41 43 48 10 15 27 14 15
8 9 70 64 59 44 20 43 41 23 31 57 27 16 60 42
62 21 27 17 34 35 26 66 13 50 57 57 36 16 25 53
19 48 50 48 57 42 47 22 67 21 47 71 68 40 41 26
6 34 58 51 33 67 67 29 32 67 23 10 24 8 38 15
12 70 11 48 16 13 49 40 25 7 20 12 65 68 30 31
7 44 36 56 46 15 58 15 60 57 49 28 53 36 64 28
8 14 48 56 51 36 8 59 28 16 37 57 63 20 27 58
51 34 63 23 27 64 43 53 36 45 67 24 71 25 60 34
64 30 68 22 70 11 63 28 11 25 69 15 61 65 13 20
47 71 57 61 45 53 62 41 11 6 46 33 17 13 17 10
67 49 28 51 70 56 28 15 49 25 56 13 46 38 37 62
39 49 21 62 27 38 40 47 10 41 54 14 27 21 68 31
19 47 65 15 66 71 31 26 45 69 29 44 44 6 15 57
12 34 38 52 26 66 68 35 36 13 30 66 22 24 59 6
22 52 10 55 49 70 46 44 36 28 53 67 29 22 35 41
