0 1 0 1 0 1 0 1 0 1 0 1 0 1 0 1
0 1 0 1 0 1 0 1 0 1 0 1 0 1 0 1
0 1 0 1 0 1 0 1 0 1 0 1 0 1 0 1
0 1 0 1 0 1 0 1 0 1 0 1 0 1 0 1
0 1 0 1 0 1 0 1 0 1 0 1 0 1 0 1
0 1 0 1 0 1 0 1 0 1 0 1 0 1 0 1
0 1 0 1 0 1 0 1 0 1 0 1 0 1 0 1
0 1 0 1 0 1 0 1 0 1 0 1 0 1 0 1
0 1 0 1 0 1 0 1 0 1 0 1 0 1 0 1
0 1 0 1 0 1 0 1 0 1 0 1 0 1 0 1
0 1 0 1 0 1 0 1 0 1 0 1 0 1 0 1
0 1 0 1 0 1 0 1 0 1 0 1 0 1 0 1
0 1 0 1 0 1 0 1 0 1 0 1 0 1 0 1
0 1 0 1 0 1 0 1 0 1 0 1 0 1 0 1
0 1 0 1 0 1 0 1 0 1 0 1 0 1 0 1
0 1 0 1 0 1 0 1 0 1 0 1 0 1 0 1
66 43 12 55 58 9 16 67 16 15 28 47 44 33 44 53
50 43 38 55 48 27 10 29 58 9 44 13 68 39 56 65
8 17 14 41 12 39 18 13 38 21 68 65 52 55 22 23
16 57 20 35 40 57 26 63 6 57 38 49 36 65 16 27
38 57 40 55 32 45 44 63 16 29 58 69 22 11 34 55
18 31 10 55 62 61 26 11 56 61 46 17 50 27 18 53
62 47 24 15 44 25 6 31 28 59 34 17 20 37 56 35
38 37 32 71 46 9 60 39 24 61 32 69 28 9 54 45
16 65 42 11 26 69 12 53 20 13 6 45 66 49 60 67
44 25 50 13 22 11 6 39 66 7 40 47 68 27 50 27
22 51 62 27 68 67 54 65 12 39 56 35 40 55 20 67
30 71 8 9 40 13 56 55 60 33 48 15 54 71 70 57
60 29 32 35 24 55 44 43 68 43 20 13 10 39 54 43
28 11 66 7 50 59 20 13 70 59 8 61 68 15 8 55
14 33 22 17 18 63 22 51 34 35 66 15 54 63 60 9
56 19 34 21 44 7 60 43 58 71 70 15 42 17 34 67
