1 0 0 0 1 0 1 0 0 0 0 0 0 1 0 1
0 0 1 0 0 0 0 1 1 0 0 1 1 0 1 1
0 0 0 1 0 0 1 0 1 1 1 0 0 1 1 1
1 1 1 0 0 0 0 0 0 1 0 1 0 0 1 1
1 1 1 1 0 0 0 0 0 1 1 0 0 0 0 0
1 0 0 1 1 1 0 1 0 1 1 0 0 1 1 0
1 0 1 1 1 1 0 0 0 0 0 1 1 1 0 0
1 0 1 0 0 0 0 1 0 1 1 1 0 1 1 1
1 0 1 0 0 1 1 0 1 1 1 1 1 1 1 1
0 0 1 0 0 0 0 0 1 0 1 0 0 0 0 0
0 0 0 1 0 0 0 1 1 1 1 1 0 0 0 1
0 1 1 0 1 1 1 1 1 1 1 1 0 0 1 1
0 0 1 1 0 1 0 1 1 1 0 0 1 0 0 0
0 1 1 0 0 1 0 1 0 1 1 1 1 1 1 0
1 0 1 0 0 0 0 0 0 0 0 1 1 1 0 0
1 0 0 0 1 0 1 1 1 0 1 1 1 0 0 1
47 50 26 6 69 18 59 20 48 46 22 66 40 39 16 53
24 62 19 62 12 10 8 45 51 24 68 59 63 62 31 65
30 48 56 19 8 26 13 52 7 61 53 44 14 49 53 53
39 9 25 56 66 22 38 40 62 39 6 27 54 52 41 61
11 29 67 63 22 46 58 70 56 41 31 38 40 52 64 22
63 68 52 63 35 51 24 63 18 37 37 8 66 11 59 48
15 58 53 11 29 35 54 70 36 30 50 33 33 69 10 8
33 50 71 36 48 28 16 47 32 71 23 61 24 13 13 35
7 54 55 58 18 9 33 32 67 65 41 19 65 41 61 59
44 68 35 14 10 32 44 22 35 42 25 24 16 50 8 40
24 50 48 13 62 34 20 59 71 19 33 45 20 10 18 23
36 67 49 48 47 55 27 45 31 21 23 7 28 66 57 19
44 20 55 69 20 39 20 25 41 25 36 60 67 38 22 64
16 15 17 38 10 11 56 45 34 55 19 11 53 31 59 26
59 38 57 52 38 30 68 54 42 32 52 37 19 55 10 6
49 46 22 16 13 34 67 31 9 28 57 61 63 32 58 31
