0 1 0 1 1 1 0 0 0 1 1 1 0 1 1 0
1 0 1 1 0 0 1 0 0 0 0 0 0 0 0 1
1 0 0 0 1 1 1 0 0 1 1 1 0 0 1 0
0 0 0 1 0 1 0 0 1 0 1 0 1 1 0 1
1 0 1 1 1 1 0 1 0 0 0 0 0 0 1 1
0 1 1 1 0 1 0 0 0 1 1 0 0 0 0 0
1 1 1 0 0 0 1 0 0 0 0 1 1 1 1 0
1 0 0 1 0 0 1 1 1 0 0 1 1 1 0 1
0 1 1 0 1 0 1 1 1 1 0 0 1 1 1 0
1 1 0 0 0 1 0 1 0 1 1 0 1 0 1 0
1 0 1 1 1 0 1 1 1 0 1 0 0 0 1 0
1 1 0 0 1 1 1 1 0 1 1 0 1 1 1 0
1 1 0 1 0 1 0 0 1 0 1 1 1 0 0 0
0 1 1 1 0 1 1 0 1 0 1 1 1 1 0 1
0 1 1 1 0 1 0 0 0 1 1 1 0 0 0 1
0 1 1 0 0 0 1 0 0 0 0 0 1 0 1 0
10 69 52 53 53 27 66 30 8 45 71 57 54 41 21 38
27 50 15 51 60 6 65 38 42 62 40 24 68 38 12 63
19 36 64 24 15 29 67 26 60 15 63 29 44 6 31 38
40 54 20 11 62 57 44 16 35 36 49 30 53 15 68 9
7 20 35 47 33 9 8 35 46 38 50 52 34 54 11 25
14 39 23 71 70 69 38 34 28 45 43 70 62 14 14 64
41 27 71 48 62 36 67 58 18 22 46 69 63 25 37 16
63 52 44 9 16 24 69 25 17 58 16 13 55 69 44 49
24 71 15 54 31 8 15 65 21 69 34 42 67 29 71 46
27 47 56 24 26 71 24 27 20 17 17 8 47 26 23 14
21 32 43 69 69 68 65 11 57 32 57 58 54 30 27 52
51 7 20 38 9 39 71 29 30 55 33 64 39 39 69 56
19 55 8 71 24 33 28 50 31 24 19 13 67 46 10 8
20 25 21 25 22 41 53 34 53 54 31 71 67 15 16 67
32 19 9 11 52 49 62 44 26 31 69 11 56 44 60 57
68 53 57 68 50 62 55 64 60 50 64 54 67 60 67 38
