1 1 0 0 0 1 1 1 0 0 0 1 0 1 1 1
1 1 0 1 0 1 1 1 0 1 1 0 0 1 1 1
0 0 1 1 0 0 1 0 1 1 0 1 1 0 1 1
0 0 0 0 0 1 1 0 0 1 0 0 1 0 0 0
1 0 1 1 0 0 1 1 1 0 1 1 0 0 0 1
0 0 0 0 0 0 1 1 0 1 1 1 0 0 0 0
0 1 1 1 1 1 1 0 0 1 0 0 1 0 0 0
0 1 0 0 0 1 1 0 1 0 0 1 0 0 1 1
0 0 1 1 1 0 0 0 0 0 0 0 0 1 1 1
0 1 0 1 1 0 1 0 1 1 0 0 0 1 0 0
1 1 0 0 0 1 0 0 0 1 0 0 0 0 1 1
0 0 1 1 0 1 1 0 1 1 0 1 1 1 1 0
1 0 1 0 0 0 1 0 0 0 0 0 0 1 1 0
0 0 0 1 1 1 1 0 0 0 0 0 0 0 0 0
1 1 1 1 1 0 1 0 1 0 1 0 0 0 1 1
1 0 0 1 0 0 0 0 0 0 0 0 1 1 0 1
25 41 68 52 24 45 37 31 10 22 44 69 6 67 37 65
43 39 24 35 68 55 15 47 8 21 41 56 64 45 13 15
68 54 15 47 48 32 63 32 17 51 34 23 69 68 41 31
46 64 40 20 10 39 15 14 12 37 28 68 15 18 64 52
49 16 33 55 44 38 43 11 39 48 57 33 50 10 22 61
26 60 56 70 10 50 57 39 70 59 59 59 66 44 66 32
70 37 23 23 31 41 65 16 32 71 36 58 57 46 24 56
26 21 36 44 16 13 15 30 43 40 46 11 58 14 47 51
10 48 35 35 29 34 48 56 38 18 36 22 32 21 41 71
48 65 48 17 45 8 47 32 43 67 46 26 16 23 48 24
59 11 6 68 12 67 18 28 18 7 14 58 66 30 27 71
34 24 9 13 54 43 21 26 21 11 18 29 25 35 65 46
67 50 31 52 54 32 9 40 54 24 22 48 24 35 7 40
38 40 64 35 53 13 31 34 40 68 6 24 38 66 32 66
63 71 21 53 41 34 15 44 15 8 15 6 68 22 61 25
47 6 18 37 22 50 66 28 40 54 36 14 27 51 32 35
