0 0 1 0 0 1 1 0 0 0 0 1 1 1 1 1
1 0 1 1 0 1 1 0 1 1 0 0 0 1 1 0
1 1 0 0 0 1 1 1 0 1 1 0 1 1 1 1
1 1 1 1 1 0 1 1 1 1 1 0 0 1 1 0
1 0 1 1 1 1 1 0 1 1 1 1 1 0 1 1
1 0 1 1 0 1 1 0 1 1 1 1 0 0 0 1
0 0 0 1 1 0 0 1 1 1 0 1 1 1 0 0
0 1 1 0 0 0 0 0 0 1 0 0 1 1 1 0
0 1 0 1 0 0 0 0 0 0 1 0 1 0 0 0
1 1 0 0 0 1 1 0 0 1 1 0 1 0 0 0
0 0 0 0 1 0 0 0 1 1 1 1 0 0 1 0
1 1 0 1 1 1 0 0 0 1 0 1 1 0 1 1
1 1 1 0 1 0 1 1 0 0 0 0 1 0 0 1
1 0 0 0 0 1 1 0 1 0 1 0 0 0 0 1
0 0 1 0 1 1 0 0 1 0 0 0 1 1 0 1
1 1 0 0 1 1 0 0 0 0 0 1 0 0 1 1
68 36 27 68 52 57 9 44 20 14 12 11 69 13 35 21
29 22 57 49 28 29 51 58 55 17 70 42 54 15 29 64
55 11 64 64 10 31 61 37 14 15 53 8 19 37 35 53
45 33 37 13 45 68 69 13 7 15 11 68 62 61 13 26
37 36 47 57 53 41 37 66 21 15 59 11 53 68 65 23
23 58 63 61 28 69 25 68 29 49 69 19 42 68 44 19
46 38 26 9 51 8 66 63 11 67 58 33 37 7 56 24
16 41 47 44 48 12 12 62 50 71 16 52 63 67 29 6
18 53 32 23 30 62 36 62 32 40 69 68 25 32 18 30
63 15 14 54 68 69 7 60 50 33 37 66 51 30 40 56
28 6 70 60 29 36 64 54 65 33 15 25 30 54 55 42
47 17 14 23 51 21 14 66 12 67 24 41 59 16 43 41
47 15 51 64 49 16 27 47 62 26 48 50 59 50 56 31
15 10 60 70 54 7 65 48 29 50 39 50 20 48 20 57
20 8 27 6 51 41 34 58 47 42 32 46 19 29 12 11
7 35 46 48 55 71 64 30 44 38 58 11 42 68 67 27
